0 0.21634615384615385 0.018028846153846152 0.10576923076923077 0.036057692307692304
0 0.0889423076923077 0.01201923076923077 0.07692307692307693 0.02403846153846154
0 0.8425480769230769 0.021634615384615384 0.06971153846153846 0.04326923076923077
0 0.6382211538461539 0.018028846153846152 0.0985576923076923 0.036057692307692304
0 0.6610576923076923 0.04447115384615385 0.10096153846153846 0.0889423076923077
0 0.3918269230769231 0.038461538461538464 0.15865384615384615 0.07692307692307693
0 0.9579326923076923 0.3954326923076923 0.07932692307692307 0.21875
0 0.41947115384615385 0.31009615384615385 0.19230769230769232 0.22596153846153846
0 0.25240384615384615 0.6826923076923077 0.0673076923076923 0.08653846153846154
0 0.1935096153846154 0.6706730769230769 0.06490384615384616 0.0673076923076923
0 0.23557692307692307 0.8858173076923077 0.10096153846153846 0.11778846153846154
0 0.19831730769230768 0.5264423076923077 0.040865384615384616 0.03365384615384615