0 0.1622596153846154 0.11538461538461539 0.27163461538461536 0.23076923076923078
0 0.18870192307692307 0.20432692307692307 0.15625 0.15144230769230768
0 0.3016826923076923 0.24158653846153846 0.25240384615384615 0.24759615384615385
0 0.8629807692307693 0.24879807692307693 0.05048076923076923 0.05048076923076923
0 0.8978365384615384 0.25841346153846156 0.04326923076923077 0.04326923076923077
0 0.9350961538461539 0.33413461538461536 0.04807692307692308 0.04807692307692308
0 0.75 0.15625 0.055288461538461536 0.055288461538461536
0 0.6274038461538461 0.15745192307692307 0.09375 0.09375
0 0.6189903846153846 0.10216346153846154 0.10096153846153846 0.10096153846153846
0 0.8137019230769231 0.32091346153846156 0.08173076923076923 0.08173076923076923
0 0.7019230769230769 0.18269230769230768 0.10096153846153846 0.10336538461538461
0 0.6814903846153846 0.12379807692307693 0.06971153846153846 0.06971153846153846
0 0.7668269230769231 0.203125 0.07211538461538461 0.07211538461538461
0 0.8209134615384616 0.23076923076923078 0.06009615384615385 0.06009615384615385
0 0.8064903846153846 0.18870192307692307 0.07211538461538461 0.07211538461538461
0 0.953125 0.2932692307692308 0.03365384615384615 0.03365384615384615
0 0.9338942307692307 0.27884615384615385 0.05048076923076923 0.05048076923076923
0 0.8918269230769231 0.2283653846153846 0.04807692307692308 0.05048076923076923
0 0.8473557692307693 0.20673076923076922 0.055288461538461536 0.055288461538461536
0 0.8990384615384616 0.37740384615384615 0.1971153846153846 0.21634615384615385
0 0.9855769230769231 0.35216346153846156 0.02403846153846154 0.040865384615384616
0 0.09375 0.6502403846153846 0.15144230769230768 0.15144230769230768
0 0.22956730769230768 0.5901442307692307 0.10096153846153846 0.10096153846153846
0 0.09375 0.9170673076923077 0.16826923076923078 0.16105769230769232
0 0.4951923076923077 0.6622596153846154 0.057692307692307696 0.057692307692307696
0 0.5060096153846154 0.8629807692307693 0.07932692307692307 0.09615384615384616
0 0.9471153846153846 0.546875 0.09615384615384616 0.07451923076923077
0 0.953125 0.6358173076923077 0.0889423076923077 0.11778846153846154
0 0.9879807692307693 0.59375 0.019230769230769232 0.09134615384615384