0 0.3737980769230769 0.4735576923076923 0.3317307692307692 0.33653846153846156
0 0.49399038461538464 0.4411057692307692 0.20432692307692307 0.2764423076923077
0 0.4026442307692308 0.11778846153846154 0.23798076923076922 0.23557692307692307
0 0.34615384615384615 0.6610576923076923 0.23557692307692307 0.009615384615384616
0 0.9278846153846154 0.29927884615384615 0.1346153846153846 0.1346153846153846
0 0.8581730769230769 0.020432692307692308 0.11538461538461539 0.040865384615384616
0 0.9867788461538461 0.0625 0.021634615384615384 0.0673076923076923
0 0.6911057692307693 0.5769230769230769 0.18509615384615385 0.1778846153846154
0 0.7391826923076923 0.5336538461538461 0.28125 0.2644230769230769
0 0.9567307692307693 0.6057692307692307 0.08173076923076923 0.11538461538461539
0 0.2608173076923077 0.9411057692307693 0.1658653846153846 0.11298076923076923
0 0.7127403846153846 0.8125 0.0889423076923077 0.0889423076923077