0 0.7091346153846154 0.5 0.11538461538461539 0.19230769230769232
0 0.24278846153846154 0.052884615384615384 0.1875 0.10576923076923077
0 0.15625 0.0889423076923077 0.10817307692307693 0.11298076923076923
0 0.8834134615384616 0.18629807692307693 0.2283653846153846 0.37259615384615385
0 0.7872596153846154 0.17668269230769232 0.036057692307692304 0.18990384615384615
0 0.052884615384615384 0.6165865384615384 0.057692307692307696 0.036057692307692304
0 0.3016826923076923 0.8076923076923077 0.07932692307692307 0.07451923076923077
0 0.2608173076923077 0.8052884615384616 0.06971153846153846 0.06490384615384616
0 0.44711538461538464 0.9771634615384616 0.04326923076923077 0.040865384615384616
0 0.42427884615384615 0.9723557692307693 0.038461538461538464 0.038461538461538464
0 0.4074519230769231 0.9639423076923077 0.040865384615384616 0.040865384615384616
0 0.3870192307692308 0.9615384615384616 0.03365384615384615 0.03125
0 0.36778846153846156 0.9507211538461539 0.03365384615384615 0.03125
0 0.8004807692307693 0.8365384615384616 0.0625 0.11057692307692307
0 0.9579326923076923 0.9507211538461539 0.07932692307692307 0.09375
0 0.8822115384615384 0.8870192307692307 0.12259615384615384 0.12980769230769232
0 0.8197115384615384 0.7115384615384616 0.10096153846153846 0.1778846153846154