0 0.009615384615384616 0.3004807692307692 0.019230769230769232 0.09615384615384616
0 0.29447115384615385 0.17548076923076922 0.22596153846153846 0.2932692307692308
0 0.6298076923076923 0.08533653846153846 0.10096153846153846 0.17067307692307693
0 0.08533653846153846 0.921875 0.12259615384615384 0.11057692307692307
0 0.24158653846153846 0.5661057692307693 0.21634615384615385 0.1971153846153846
0 0.20552884615384615 0.7572115384615384 0.15625 0.1346153846153846
0 0.4098557692307692 0.4807692307692308 0.33413461538461536 0.14423076923076922
0 0.7103365384615384 0.6959134615384616 0.07451923076923077 0.0625
0 0.6298076923076923 0.6286057692307693 0.040865384615384616 0.040865384615384616
0 0.8942307692307693 0.9278846153846154 0.12740384615384615 0.12259615384615384
0 0.8245192307692307 0.7896634615384616 0.12740384615384615 0.10817307692307693