0 0.3858173076923077 0.3233173076923077 0.09615384615384616 0.09375
0 0.07091346153846154 0.15144230769230768 0.036057692307692304 0.03125
0 0.22115384615384615 0.23677884615384615 0.06971153846153846 0.057692307692307696
0 0.009615384615384616 0.11298076923076923 0.019230769230769232 0.03365384615384615
0 0.030048076923076924 0.1310096153846154 0.03125 0.028846153846153848
0 0.6213942307692307 0.5745192307692307 0.1201923076923077 0.08173076923076923
0 0.6658653846153846 0.43028846153846156 0.13221153846153846 0.10336538461538461
0 0.7920673076923077 0.5036057692307693 0.20192307692307693 0.12259615384615384
0 0.49158653846153844 0.6586538461538461 0.0889423076923077 0.08173076923076923
0 0.38221153846153844 0.8557692307692307 0.0889423076923077 0.07451923076923077
0 0.4807692307692308 0.8016826923076923 0.11057692307692307 0.09375