0 0.5276442307692307 0.1875 0.07211538461538461 0.07211538461538461
0 0.5841346153846154 0.1778846153846154 0.02403846153846154 0.038461538461538464
0 0.5072115384615384 0.1141826923076923 0.04326923076923077 0.04807692307692308
0 0.38100961538461536 0.09014423076923077 0.11538461538461539 0.11778846153846154
0 0.3293269230769231 0.013221153846153846 0.10576923076923077 0.026442307692307692
0 0.9242788461538461 0.3762019230769231 0.10817307692307693 0.06009615384615385
0 0.8641826923076923 0.36177884615384615 0.0985576923076923 0.08413461538461539
0 0.7367788461538461 0.38341346153846156 0.08413461538461539 0.04567307692307692
0 0.53125 0.7451923076923077 0.12980769230769232 0.10817307692307693
0 0.10697115384615384 0.9074519230769231 0.07211538461538461 0.07932692307692307
0 0.46274038461538464 0.47596153846153844 0.21875 0.1346153846153846
0 0.8713942307692307 0.7728365384615384 0.10096153846153846 0.11057692307692307
0 0.7043269230769231 0.9086538461538461 0.0625 0.0625
0 0.7463942307692307 0.7992788461538461 0.10096153846153846 0.10576923076923077
0 0.6165865384615384 0.9615384615384616 0.036057692307692304 0.03125