0 0.18870192307692307 0.09735576923076923 0.13221153846153846 0.11538461538461539
0 0.0985576923076923 0.19951923076923078 0.10576923076923077 0.0985576923076923
0 0.02283653846153846 0.33774038461538464 0.04567307692307692 0.08413461538461539
0 0.04447115384615385 0.33653846153846156 0.057692307692307696 0.055288461538461536
0 0.8125 0.14302884615384615 0.125 0.11538461538461539
0 0.8978365384615384 0.1045673076923077 0.12259615384615384 0.11298076923076923
0 0.5600961538461539 0.3605769230769231 0.057692307692307696 0.057692307692307696
0 0.4855769230769231 0.3870192307692308 0.04326923076923077 0.019230769230769232
0 0.6598557692307693 0.3233173076923077 0.20432692307692307 0.1466346153846154
0 0.036057692307692304 0.5432692307692307 0.07211538461538461 0.19230769230769232
0 0.9170673076923077 0.7620192307692307 0.019230769230769232 0.02403846153846154
0 0.8125 0.6622596153846154 0.04326923076923077 0.05048076923076923
0 0.8641826923076923 0.7716346153846154 0.026442307692307692 0.026442307692307692
0 0.8473557692307693 0.7524038461538461 0.019230769230769232 0.02403846153846154
0 0.9314903846153846 0.8016826923076923 0.019230769230769232 0.02403846153846154
0 0.8221153846153846 0.765625 0.016826923076923076 0.021634615384615384
0 0.8305288461538461 0.7728365384615384 0.028846153846153848 0.03365384615384615
0 0.7391826923076923 0.46153846153846156 0.09375 0.125
0 0.7944711538461539 0.5384615384615384 0.06971153846153846 0.10096153846153846
0 0.9375 0.7836538461538461 0.016826923076923076 0.016826923076923076
0 0.8533653846153846 0.7956730769230769 0.038461538461538464 0.04807692307692308
0 0.8882211538461539 0.796875 0.03125 0.03365384615384615