0 0.203125 0.16105769230769232 0.0985576923076923 0.11298076923076923
0 0.44591346153846156 0.055288461538461536 0.0625 0.06009615384615385
0 0.31850961538461536 0.41947115384615385 0.16105769230769232 0.13221153846153846
0 0.17668269230769232 0.46153846153846156 0.2091346153846154 0.04807692307692308
0 0.8569711538461539 0.15264423076923078 0.1466346153846154 0.15865384615384615
0 0.8870192307692307 0.04447115384615385 0.125 0.0889423076923077
0 0.10096153846153846 0.8689903846153846 0.20192307692307693 0.21875
0 0.42427884615384615 0.71875 0.0889423076923077 0.09134615384615384
0 0.9074519230769231 0.6370192307692307 0.038461538461538464 0.038461538461538464
0 0.9555288461538461 0.6165865384615384 0.026442307692307692 0.026442307692307692
0 0.5348557692307693 0.8269230769230769 0.05048076923076923 0.12980769230769232
0 0.6009615384615384 0.7728365384615384 0.0985576923076923 0.10817307692307693
0 0.6105769230769231 0.9471153846153846 0.11538461538461539 0.10096153846153846
0 0.6478365384615384 0.6971153846153846 0.08413461538461539 0.08653846153846154
0 0.8209134615384616 0.6790865384615384 0.04807692307692308 0.055288461538461536
0 0.7872596153846154 0.6995192307692307 0.055288461538461536 0.057692307692307696
0 0.6862980769230769 0.7427884615384616 0.06971153846153846 0.07932692307692307
0 0.7391826923076923 0.7211538461538461 0.0625 0.06971153846153846