0 0.12620192307692307 0.36658653846153844 0.05048076923076923 0.04326923076923077
0 0.09134615384615384 0.25600961538461536 0.0625 0.052884615384615384
0 0.15625 0.25 0.07451923076923077 0.06490384615384616
0 0.2776442307692308 0.02403846153846154 0.17548076923076922 0.04807692307692308
0 0.3401442307692308 0.052884615384615384 0.1466346153846154 0.10576923076923077
0 0.14783653846153846 0.9182692307692307 0.15625 0.15144230769230768
0 0.10216346153846154 0.8353365384615384 0.12259615384615384 0.1201923076923077
0 0.037259615384615384 0.8389423076923077 0.07451923076923077 0.11057692307692307
0 0.02403846153846154 0.7704326923076923 0.04807692307692308 0.13221153846153846
0 0.7848557692307693 0.9483173076923077 0.17067307692307693 0.0985576923076923
0 0.8846153846153846 0.5757211538461539 0.21634615384615385 0.18028846153846154