0 0.36899038461538464 0.06850961538461539 0.036057692307692304 0.0889423076923077
0 0.2776442307692308 0.16105769230769232 0.0673076923076923 0.06490384615384616
0 0.17668269230769232 0.08653846153846154 0.057692307692307696 0.06490384615384616
0 0.3545673076923077 0.13341346153846154 0.06490384615384616 0.057692307692307696
0 0.32211538461538464 0.11538461538461539 0.07932692307692307 0.07211538461538461
0 0.11538461538461539 0.22596153846153846 0.036057692307692304 0.03125
0 0.6574519230769231 0.3894230769230769 0.06490384615384616 0.052884615384615384
0 0.4519230769230769 0.3449519230769231 0.08653846153846154 0.07451923076923077
0 0.6730769230769231 0.6995192307692307 0.23798076923076922 0.16346153846153846
0 0.7884615384615384 0.5625 0.4182692307692308 0.28846153846153844
0 0.9543269230769231 0.7475961538461539 0.08653846153846154 0.1201923076923077