0 0.546875 0.44350961538461536 0.07932692307692307 0.06490384615384616
0 0.36658653846153844 0.22115384615384615 0.33413461538461536 0.2764423076923077
0 0.9771634615384616 0.45552884615384615 0.040865384615384616 0.040865384615384616
0 0.5036057692307693 0.8774038461538461 0.08173076923076923 0.07451923076923077
0 0.41466346153846156 0.8798076923076923 0.10576923076923077 0.10096153846153846
0 0.24879807692307693 0.5901442307692307 0.29086538461538464 0.22355769230769232
0 0.23798076923076922 0.8677884615384616 0.13701923076923078 0.1201923076923077
0 0.2848557692307692 0.9242788461538461 0.10817307692307693 0.09134615384615384
0 0.5552884615384616 0.9122596153846154 0.0625 0.06009615384615385
0 0.6177884615384616 0.8713942307692307 0.057692307692307696 0.14182692307692307
0 0.6778846153846154 0.8810096153846154 0.11298076923076923 0.11778846153846154
0 0.8533653846153846 0.5240384615384616 0.22596153846153846 0.09134615384615384
0 0.7512019230769231 0.7175480769230769 0.15384615384615385 0.15144230769230768
0 0.7572115384615384 0.671875 0.33653846153846156 0.3870192307692308