0 0.04326923076923077 0.16706730769230768 0.038461538461538464 0.040865384615384616
0 0.9254807692307693 0.22115384615384615 0.14423076923076922 0.16826923076923078
0 0.36899038461538464 0.8004807692307693 0.055288461538461536 0.20192307692307693
0 0.38100961538461536 0.8798076923076923 0.03125 0.13942307692307693
0 0.2512019230769231 0.6658653846153846 0.1201923076923077 0.12980769230769232
0 0.1778846153846154 0.5180288461538461 0.0889423076923077 0.07211538461538461
0 0.14302884615384615 0.5396634615384616 0.07451923076923077 0.0673076923076923
0 0.11298076923076923 0.44711538461538464 0.06009615384615385 0.06490384615384616
0 0.07211538461538461 0.46634615384615385 0.06971153846153846 0.055288461538461536
0 0.06490384615384616 0.39663461538461536 0.052884615384615384 0.04326923076923077
0 0.030048076923076924 0.41225961538461536 0.057692307692307696 0.04567307692307692
0 0.03125 0.3762019230769231 0.0625 0.07451923076923077
0 0.6550480769230769 0.7211538461538461 0.15144230769230768 0.17548076923076922
0 0.8305288461538461 0.6430288461538461 0.2980769230769231 0.2692307692307692
0 0.7740384615384616 0.5060096153846154 0.23798076923076922 0.2692307692307692
0 0.6887019230769231 0.39783653846153844 0.21875 0.11778846153846154