0 0.14423076923076922 0.203125 0.052884615384615384 0.040865384615384616
0 0.06370192307692307 0.2283653846153846 0.04807692307692308 0.038461538461538464
0 0.025240384615384616 0.19110576923076922 0.05048076923076923 0.06490384615384616
0 0.03245192307692308 0.2620192307692308 0.04567307692307692 0.036057692307692304
0 0.008413461538461538 0.2692307692307692 0.016826923076923076 0.03365384615384615
0 0.015625 0.15625 0.03125 0.038461538461538464
0 0.002403846153846154 0.29927884615384615 0.004807692307692308 0.026442307692307692
0 0.9831730769230769 0.27163461538461536 0.028846153846153848 0.07211538461538461
0 0.9591346153846154 0.45552884615384615 0.04326923076923077 0.021634615384615384
0 0.8605769230769231 0.43149038461538464 0.02403846153846154 0.02403846153846154
0 0.2824519230769231 0.9471153846153846 0.057692307692307696 0.057692307692307696