0 0.04447115384615385 0.08533653846153846 0.0889423076923077 0.13701923076923078
0 0.20673076923076922 0.03365384615384615 0.21634615384615385 0.0673076923076923
0 0.42427884615384615 0.07692307692307693 0.20432692307692307 0.15384615384615385
0 0.06490384615384616 0.1658653846153846 0.12980769230769232 0.15865384615384615
0 0.6153846153846154 0.37259615384615385 0.125 0.10576923076923077
0 0.7055288461538461 0.06850961538461539 0.0625 0.0625
0 0.7331730769230769 0.2860576923076923 0.14182692307692307 0.1466346153846154
0 0.6382211538461539 0.24639423076923078 0.08173076923076923 0.0889423076923077
0 0.5973557692307693 0.2776442307692308 0.08173076923076923 0.08413461538461539
0 0.6081730769230769 0.20793269230769232 0.06009615384615385 0.06490384615384616
0 0.6141826923076923 0.014423076923076924 0.026442307692307692 0.026442307692307692
0 0.6742788461538461 0.013221153846153846 0.05048076923076923 0.026442307692307692
0 0.6454326923076923 0.006009615384615385 0.04567307692307692 0.01201923076923077
0 0.5829326923076923 0.40024038461538464 0.10817307692307693 0.05048076923076923
0 0.4362980769230769 0.5252403846153846 0.18028846153846154 0.19471153846153846
0 0.12620192307692307 0.6442307692307693 0.1466346153846154 0.13942307692307693
0 0.03245192307692308 0.6971153846153846 0.06490384615384616 0.11057692307692307
0 0.2620192307692308 0.6033653846153846 0.22596153846153846 0.21153846153846154
0 0.7367788461538461 0.7487980769230769 0.23798076923076922 0.2620192307692308
0 0.5961538461538461 0.9735576923076923 0.09134615384615384 0.04807692307692308