0 0.23677884615384615 0.33413461538461536 0.25240384615384615 0.24519230769230768
0 0.41225961538461536 0.3401442307692308 0.10817307692307693 0.23317307692307693
0 0.039663461538461536 0.7512019230769231 0.07932692307692307 0.09375
0 0.014423076923076924 0.6790865384615384 0.028846153846153848 0.09375
0 0.2704326923076923 0.8088942307692307 0.1971153846153846 0.16105769230769232
0 0.2283653846153846 0.7079326923076923 0.17067307692307693 0.14423076923076922
0 0.5036057692307693 0.8040865384615384 0.06971153846153846 0.18028846153846154
0 0.5168269230769231 0.7487980769230769 0.09615384615384616 0.10817307692307693
0 0.5745192307692307 0.8629807692307693 0.1466346153846154 0.14182692307692307
0 0.6766826923076923 0.9459134615384616 0.13701923076923078 0.10336538461538461
0 0.4951923076923077 0.6394230769230769 0.052884615384615384 0.10096153846153846
0 0.6069711538461539 0.6081730769230769 0.12740384615384615 0.11298076923076923