0 0.07932692307692307 0.09014423076923077 0.15865384615384615 0.18028846153846154
0 0.16826923076923078 0.4254807692307692 0.14182692307692307 0.22115384615384615
0 0.3449519230769231 0.453125 0.1201923076923077 0.17548076923076922
0 0.24158653846153846 0.06490384615384616 0.1658653846153846 0.12980769230769232
0 0.3762019230769231 0.021634615384615384 0.0985576923076923 0.04326923076923077
0 0.8161057692307693 0.24639423076923078 0.0985576923076923 0.08413461538461539
0 0.9771634615384616 0.5745192307692307 0.040865384615384616 0.02403846153846154
0 0.5829326923076923 0.35216346153846156 0.18990384615384615 0.15625
0 0.33774038461538464 0.6682692307692307 0.11778846153846154 0.07211538461538461
0 0.4411057692307692 0.6310096153846154 0.05048076923076923 0.055288461538461536
0 0.8016826923076923 0.8100961538461539 0.06009615384615385 0.055288461538461536
0 0.8521634615384616 0.765625 0.06009615384615385 0.04567307692307692
0 0.7560096153846154 0.8581730769230769 0.0889423076923077 0.06971153846153846
0 0.8858173076923077 0.7415865384615384 0.03365384615384615 0.028846153846153848
0 0.9122596153846154 0.7223557692307693 0.038461538461538464 0.036057692307692304