0 0.2127403846153846 0.14783653846153846 0.2668269230769231 0.2956730769230769
0 0.7223557692307693 0.12139423076923077 0.08173076923076923 0.07932692307692307
0 0.47596153846153844 0.1875 0.03365384615384615 0.07692307692307693
0 0.8052884615384616 0.020432692307692308 0.10096153846153846 0.040865384615384616
0 0.6826923076923077 0.018028846153846152 0.1201923076923077 0.036057692307692304
0 0.7451923076923077 0.026442307692307692 0.11057692307692307 0.052884615384615384
0 0.625 0.09014423076923077 0.08413461538461539 0.08653846153846154
0 0.6177884615384616 0.22355769230769232 0.07932692307692307 0.07211538461538461
0 0.5973557692307693 0.17427884615384615 0.08173076923076923 0.08173076923076923
0 0.5504807692307693 0.3557692307692308 0.06971153846153846 0.07451923076923077
0 0.4375 0.5841346153846154 0.038461538461538464 0.11057692307692307
0 0.3942307692307692 0.8954326923076923 0.038461538461538464 0.038461538461538464
0 0.27163461538461536 0.859375 0.057692307692307696 0.057692307692307696
0 0.4495192307692308 0.8930288461538461 0.014423076923076924 0.03125
0 0.4254807692307692 0.8725961538461539 0.028846153846153848 0.03125
0 0.5973557692307693 0.5913461538461539 0.2764423076923077 0.28846153846153844
0 0.9206730769230769 0.7391826923076923 0.13942307692307693 0.12259615384615384
0 0.9338942307692307 0.5625 0.12740384615384615 0.1971153846153846
0 0.9266826923076923 0.6670673076923077 0.14182692307692307 0.16105769230769232
0 0.640625 0.734375 0.24759615384615385 0.22596153846153846
0 0.6971153846153846 0.5348557692307693 0.4326923076923077 0.23317307692307693