0 0.1045673076923077 0.19591346153846154 0.2091346153846154 0.2956730769230769
0 0.3293269230769231 0.5048076923076923 0.11538461538461539 0.13942307692307693
0 0.8725961538461539 0.078125 0.04807692307692308 0.052884615384615384
0 0.9206730769230769 0.014423076923076924 0.038461538461538464 0.028846153846153848
0 0.7788461538461539 0.18629807692307693 0.07692307692307693 0.09134615384615384
0 0.4807692307692308 0.5492788461538461 0.18269230769230768 0.11298076923076923
0 0.3762019230769231 0.6887019230769231 0.021634615384615384 0.03125
0 0.016826923076923076 0.9314903846153846 0.03365384615384615 0.12259615384615384
0 0.06850961538461539 0.8846153846153846 0.08653846153846154 0.0985576923076923
0 0.3004807692307692 0.8245192307692307 0.04807692307692308 0.06009615384615385
0 0.3473557692307692 0.7475961538461539 0.04326923076923077 0.04567307692307692
0 0.4951923076923077 0.8762019230769231 0.21153846153846154 0.24278846153846154
0 0.7487980769230769 0.96875 0.19951923076923078 0.057692307692307696