0 0.42427884615384615 0.2776442307692308 0.13221153846153846 0.2620192307692308
0 0.5889423076923077 0.3329326923076923 0.1971153846153846 0.1875
0 0.78125 0.36658653846153844 0.13221153846153846 0.1201923076923077
0 0.8713942307692307 0.4050480769230769 0.10817307692307693 0.10096153846153846
0 0.21514423076923078 0.9338942307692307 0.28125 0.12740384615384615
0 0.49158653846153844 0.7235576923076923 0.11298076923076923 0.04807692307692308
0 0.4855769230769231 0.7536057692307693 0.11057692307692307 0.10817307692307693
0 0.8713942307692307 0.9110576923076923 0.052884615384615384 0.052884615384615384
0 0.5841346153846154 0.7920673076923077 0.09375 0.0985576923076923
0 0.5673076923076923 0.8545673076923077 0.0985576923076923 0.0985576923076923
0 0.6538461538461539 0.8858173076923077 0.08413461538461539 0.08413461538461539
0 0.8269230769230769 0.9230769230769231 0.04567307692307692 0.04807692307692308
0 0.5793269230769231 0.7391826923076923 0.08653846153846154 0.07932692307692307
0 0.6526442307692307 0.7824519230769231 0.07211538461538461 0.07451923076923077
0 0.8137019230769231 0.875 0.04807692307692308 0.05048076923076923
0 0.7151442307692307 0.8665865384615384 0.0625 0.06490384615384616
0 0.7728365384615384 0.8497596153846154 0.07932692307692307 0.07932692307692307
0 0.71875 0.8185096153846154 0.07211538461538461 0.07211538461538461
0 0.7692307692307693 0.8870192307692307 0.057692307692307696 0.057692307692307696
0 0.7163461538461539 0.9146634615384616 0.06971153846153846 0.06971153846153846
0 0.6610576923076923 0.8233173076923077 0.08653846153846154 0.08653846153846154