0 0.19230769230769232 0.48197115384615385 0.38461538461538464 0.3485576923076923
0 0.65625 0.3317307692307692 0.07451923076923077 0.06971153846153846
0 0.5216346153846154 0.29086538461538464 0.03125 0.03125
0 0.5276442307692307 0.23076923076923078 0.03365384615384615 0.038461538461538464
0 0.4963942307692308 0.2848557692307692 0.016826923076923076 0.03125
0 0.8100961538461539 0.3918269230769231 0.11298076923076923 0.10576923076923077
0 0.13822115384615385 0.9302884615384616 0.036057692307692304 0.038461538461538464
0 0.20432692307692307 0.9074519230769231 0.055288461538461536 0.057692307692307696
0 0.2091346153846154 0.9543269230769231 0.052884615384615384 0.055288461538461536
0 0.8653846153846154 0.8521634615384616 0.2644230769230769 0.29086538461538464
0 0.5372596153846154 0.9134615384615384 0.0985576923076923 0.14423076923076922
0 0.5564903846153846 0.9471153846153846 0.13701923076923078 0.10096153846153846
0 0.7596153846153846 0.7764423076923077 0.2403846153846154 0.23557692307692307
0 0.8233173076923077 0.9098557692307693 0.3485576923076923 0.17548076923076922