0 0.040865384615384616 0.31971153846153844 0.08173076923076923 0.1875
0 0.22235576923076922 0.41466346153846156 0.11298076923076923 0.13942307692307693
0 0.08052884615384616 0.21754807692307693 0.14903846153846154 0.1875
0 0.6358173076923077 0.23557692307692307 0.11298076923076923 0.12740384615384615
0 0.7512019230769231 0.16466346153846154 0.10096153846153846 0.13221153846153846
0 0.7091346153846154 0.35216346153846156 0.10576923076923077 0.14182692307692307
0 0.8521634615384616 0.546875 0.038461538461538464 0.04807692307692308
0 0.9266826923076923 0.38461538461538464 0.0625 0.08653846153846154
0 0.7920673076923077 0.2776442307692308 0.07932692307692307 0.10576923076923077
0 0.7644230769230769 0.421875 0.0625 0.07211538461538461
0 0.6887019230769231 0.4639423076923077 0.0673076923076923 0.07211538461538461
0 0.8786057692307693 0.49399038461538464 0.040865384615384616 0.04326923076923077
0 0.9411057692307693 0.46274038461538464 0.05048076923076923 0.057692307692307696
0 0.9002403846153846 0.5276442307692307 0.040865384615384616 0.055288461538461536
0 0.8317307692307693 0.3641826923076923 0.0673076923076923 0.09615384615384616
0 0.8942307692307693 0.1875 0.09375 0.15865384615384615
0 0.9026442307692307 0.28966346153846156 0.07451923076923077 0.10336538461538461
0 0.08413461538461539 0.9314903846153846 0.03365384615384615 0.03365384615384615
0 0.2824519230769231 0.6694711538461539 0.10336538461538461 0.10336538461538461
0 0.19831730769230768 0.7572115384615384 0.06971153846153846 0.0673076923076923
0 0.12139423076923077 0.875 0.052884615384615384 0.052884615384615384
0 0.04567307692307692 0.9747596153846154 0.021634615384615384 0.026442307692307692
0 0.030048076923076924 0.9951923076923077 0.021634615384615384 0.004807692307692308
0 0.04927884615384615 0.9879807692307693 0.03125 0.019230769230769232
0 0.46274038461538464 0.7043269230769231 0.04567307692307692 0.08653846153846154