0 0.1935096153846154 0.026442307692307692 0.07451923076923077 0.052884615384615384
0 0.32572115384615385 0.10817307692307693 0.07932692307692307 0.11538461538461539
0 0.234375 0.07692307692307693 0.10096153846153846 0.10576923076923077
0 0.5336538461538461 0.15144230769230768 0.15384615384615385 0.12740384615384615
0 0.49399038461538464 0.07451923076923077 0.11298076923076923 0.09615384615384616
0 0.7307692307692307 0.019230769230769232 0.0673076923076923 0.038461538461538464
0 0.7848557692307693 0.013221153846153846 0.06009615384615385 0.026442307692307692
0 0.5204326923076923 0.03365384615384615 0.09375 0.0673076923076923
0 0.3894230769230769 0.03485576923076923 0.04326923076923077 0.06971153846153846
0 0.4254807692307692 0.04807692307692308 0.11538461538461539 0.09615384615384616
0 0.6129807692307693 0.04447115384615385 0.09615384615384616 0.0889423076923077
0 0.6778846153846154 0.03125 0.07692307692307693 0.0625
0 0.828125 0.007211538461538462 0.04567307692307692 0.014423076923076924
0 0.027644230769230768 0.8100961538461539 0.055288461538461536 0.14423076923076922
0 0.13221153846153846 0.8834134615384616 0.14423076923076922 0.14903846153846154
0 0.009615384615384616 0.45913461538461536 0.019230769230769232 0.04326923076923077
0 0.9711538461538461 0.7632211538461539 0.052884615384615384 0.08413461538461539
0 0.5877403846153846 0.49158653846153844 0.038461538461538464 0.05048076923076923
0 0.6634615384615384 0.4362980769230769 0.026442307692307692 0.028846153846153848