0 0.3161057692307692 0.24639423076923078 0.055288461538461536 0.021634615384615384
0 0.1971153846153846 0.18509615384615385 0.026442307692307692 0.02403846153846154
0 0.12139423076923077 0.12740384615384615 0.014423076923076924 0.014423076923076924
0 0.13341346153846154 0.13942307692307693 0.01201923076923077 0.01201923076923077
0 0.09375 0.1502403846153846 0.01201923076923077 0.021634615384615384
0 0.734375 0.08413461538461539 0.11298076923076923 0.1201923076923077
0 0.026442307692307692 0.46153846153846156 0.052884615384615384 0.15865384615384615
0 0.09254807692307693 0.3954326923076923 0.18509615384615385 0.16105769230769232
0 0.09975961538461539 0.5793269230769231 0.19951923076923078 0.28365384615384615
0 0.3233173076923077 0.48197115384615385 0.28125 0.2692307692307692
0 0.25841346153846156 0.35216346153846156 0.17067307692307693 0.1658653846153846
0 0.23557692307692307 0.28966346153846156 0.10096153846153846 0.06009615384615385
0 0.7211538461538461 0.27163461538461536 0.08173076923076923 0.02403846153846154