0 0.16706730769230768 0.6766826923076923 0.1466346153846154 0.040865384615384616
0 0.5096153846153846 0.6899038461538461 0.0673076923076923 0.014423076923076924
0 0.546875 0.6887019230769231 0.05048076923076923 0.016826923076923076
0 0.6586538461538461 0.6911057692307693 0.03365384615384615 0.01201923076923077
0 0.7259615384615384 0.6598557692307693 0.019230769230769232 0.021634615384615384
0 0.6189903846153846 0.6862980769230769 0.040865384615384616 0.021634615384615384
0 0.6370192307692307 0.6875 0.03365384615384615 0.019230769230769232
0 0.5829326923076923 0.6875 0.04567307692307692 0.019230769230769232
0 0.14543269230769232 0.042067307692307696 0.10336538461538461 0.08413461538461539
0 0.7716346153846154 0.4639423076923077 0.0673076923076923 0.12980769230769232
0 0.7752403846153846 0.36538461538461536 0.07451923076923077 0.11057692307692307
0 0.9302884615384616 0.453125 0.07211538461538461 0.06971153846153846
0 0.3918269230769231 0.9663461538461539 0.10096153846153846 0.0625
0 0.47716346153846156 0.921875 0.07451923076923077 0.052884615384615384
0 0.5240384615384616 0.8978365384615384 0.040865384615384616 0.038461538461538464
0 0.6622596153846154 0.8725961538461539 0.021634615384615384 0.019230769230769232
0 0.6826923076923077 0.8221153846153846 0.01201923076923077 0.01201923076923077
0 0.5673076923076923 0.7980769230769231 0.036057692307692304 0.03125
0 0.640625 0.8581730769230769 0.021634615384615384 0.019230769230769232
0 0.6129807692307693 0.8064903846153846 0.028846153846153848 0.026442307692307692
0 0.4987980769230769 0.9747596153846154 0.11298076923076923 0.04567307692307692
0 0.6502403846153846 0.8028846153846154 0.021634615384615384 0.019230769230769232
0 0.65625 0.8413461538461539 0.014423076923076924 0.014423076923076924
0 0.8689903846153846 0.7728365384615384 0.2091346153846154 0.1466346153846154