0 0.28966346153846156 0.03245192307692308 0.10817307692307693 0.06490384615384616
0 0.7319711538461539 0.32091346153846156 0.22115384615384615 0.22115384615384615
0 0.5973557692307693 0.01201923076923077 0.09375 0.02403846153846154
0 0.5612980769230769 0.06370192307692307 0.14182692307692307 0.12740384615384615
0 0.5528846153846154 0.35336538461538464 0.22596153846153846 0.16826923076923078
0 0.5132211538461539 0.22355769230769232 0.1466346153846154 0.16346153846153846
0 0.11298076923076923 0.8605769230769231 0.11298076923076923 0.11298076923076923
0 0.109375 0.6177884615384616 0.0625 0.0625
0 0.11177884615384616 0.7271634615384616 0.0889423076923077 0.09134615384615384
0 0.10336538461538461 0.671875 0.0625 0.0625
0 0.10336538461538461 0.5721153846153846 0.057692307692307696 0.057692307692307696
0 0.09735576923076923 0.5024038461538461 0.04326923076923077 0.04326923076923077
0 0.10096153846153846 0.5396634615384616 0.0625 0.0625
0 0.7644230769230769 0.8677884615384616 0.17307692307692307 0.17307692307692307
0 0.8004807692307693 0.7151442307692307 0.12740384615384615 0.12740384615384615
0 0.9266826923076923 0.4723557692307692 0.09375 0.06490384615384616
0 0.859375 0.8209134615384616 0.16826923076923078 0.16826923076923078
0 0.8834134615384616 0.46153846153846156 0.07932692307692307 0.04326923076923077
0 0.8317307692307693 0.5853365384615384 0.11778846153846154 0.11778846153846154
0 0.8028846153846154 0.9711538461538461 0.2644230769230769 0.052884615384615384
0 0.8942307692307693 0.6105769230769231 0.125 0.125