0 0.0733173076923077 0.3870192307692308 0.1466346153846154 0.1201923076923077
0 0.27884615384615385 0.08774038461538461 0.13942307692307693 0.13942307692307693
0 0.18269230769230768 0.18990384615384615 0.14423076923076922 0.1466346153846154
0 0.20552884615384615 0.0673076923076923 0.13701923076923078 0.1346153846153846
0 0.24519230769230768 0.2704326923076923 0.20432692307692307 0.2091346153846154
0 0.14302884615384615 0.3762019230769231 0.21394230769230768 0.14182692307692307
0 0.6153846153846154 0.10817307692307693 0.18028846153846154 0.17548076923076922
0 0.7463942307692307 0.037259615384615384 0.19471153846153846 0.07451923076923077
0 0.17067307692307693 0.5240384615384616 0.11298076923076923 0.11298076923076923
0 0.12620192307692307 0.8076923076923077 0.18990384615384615 0.18990384615384615
0 0.4855769230769231 0.5372596153846154 0.04567307692307692 0.04567307692307692
0 0.5721153846153846 0.49399038461538464 0.06971153846153846 0.07211538461538461
0 0.5336538461538461 0.4879807692307692 0.057692307692307696 0.057692307692307696