0 0.02283653846153846 0.3485576923076923 0.04567307692307692 0.11057692307692307
0 0.2956730769230769 0.3641826923076923 0.13942307692307693 0.17548076923076922
0 0.41586538461538464 0.7163461538461539 0.08413461538461539 0.09134615384615384
0 0.49759615384615385 0.6382211538461539 0.07692307692307693 0.1466346153846154
0 0.45072115384615385 0.828125 0.055288461538461536 0.057692307692307696
0 0.4338942307692308 0.7776442307692307 0.06971153846153846 0.07211538461538461
0 0.390625 0.5985576923076923 0.11538461538461539 0.1201923076923077
0 0.46153846153846156 0.8774038461538461 0.04807692307692308 0.04567307692307692
0 0.5048076923076923 0.7307692307692307 0.0625 0.08653846153846154
0 0.46274038461538464 0.9086538461538461 0.04807692307692308 0.04567307692307692
0 0.5084134615384616 0.8028846153846154 0.055288461538461536 0.09134615384615384
0 0.515625 0.8497596153846154 0.040865384615384616 0.06490384615384616
0 0.9507211538461539 0.6286057692307693 0.09375 0.2764423076923077