0 0.39663461538461536 0.23076923076923078 0.10096153846153846 0.17307692307692307
0 0.30649038461538464 0.32091346153846156 0.10336538461538461 0.11298076923076923
0 0.21754807692307693 0.39663461538461536 0.08413461538461539 0.09615384615384616
0 0.1658653846153846 0.21153846153846154 0.09375 0.12259615384615384
0 0.18990384615384615 0.4807692307692308 0.07211538461538461 0.07692307692307693
0 0.025240384615384616 0.5372596153846154 0.040865384615384616 0.05048076923076923
0 0.054086538461538464 0.5108173076923077 0.04807692307692308 0.05048076923076923
0 0.14182692307692307 0.44591346153846156 0.057692307692307696 0.07451923076923077
0 0.09615384615384616 0.47836538461538464 0.052884615384615384 0.06490384615384616
0 0.46875 0.11538461538461539 0.038461538461538464 0.09134615384615384
0 0.4567307692307692 0.3942307692307692 0.014423076923076924 0.09615384615384616
0 0.6478365384615384 0.6887019230769231 0.09615384615384616 0.11298076923076923
0 0.5048076923076923 0.8641826923076923 0.04567307692307692 0.04807692307692308
0 0.5420673076923077 0.8317307692307693 0.06971153846153846 0.06009615384615385
0 0.5853365384615384 0.7548076923076923 0.07692307692307693 0.09615384615384616