0 0.28846153846153844 0.3076923076923077 0.1971153846153846 0.28365384615384615
0 0.14423076923076922 0.23197115384615385 0.14182692307692307 0.16105769230769232
0 0.7319711538461539 0.15865384615384615 0.16105769230769232 0.16105769230769232
0 0.5336538461538461 0.13341346153846154 0.08413461538461539 0.08653846153846154
0 0.6502403846153846 0.06610576923076923 0.11538461538461539 0.11538461538461539
0 0.6141826923076923 0.1875 0.10817307692307693 0.11057692307692307
0 0.5384615384615384 0.19471153846153846 0.08653846153846154 0.09134615384615384
0 0.9435096153846154 0.12860576923076922 0.10817307692307693 0.25721153846153844
0 0.7860576923076923 0.04927884615384615 0.15384615384615385 0.0985576923076923
0 0.47115384615384615 0.6610576923076923 0.1201923076923077 0.10817307692307693
0 0.5204326923076923 0.6129807692307693 0.10096153846153846 0.0889423076923077