0 0.056490384615384616 0.051682692307692304 0.07451923076923077 0.0625
0 0.11538461538461539 0.1310096153846154 0.07932692307692307 0.0625
0 0.23317307692307693 0.03245192307692308 0.1201923076923077 0.06490384615384616
0 0.27163461538461536 0.3786057692307692 0.14903846153846154 0.07451923076923077
0 0.296875 0.11899038461538461 0.0985576923076923 0.14182692307692307
0 0.3701923076923077 0.24519230769230768 0.03125 0.021634615384615384
0 0.25841346153846156 0.7295673076923077 0.09375 0.06490384615384616
0 0.2668269230769231 0.6418269230769231 0.07451923076923077 0.06009615384615385
0 0.1935096153846154 0.6538461538461539 0.07451923076923077 0.0625
0 0.14182692307692307 0.6670673076923077 0.06490384615384616 0.057692307692307696
0 0.18269230769230768 0.7379807692307693 0.06971153846153846 0.052884615384615384
0 0.09735576923076923 0.7463942307692307 0.036057692307692304 0.038461538461538464
0 0.1346153846153846 0.7487980769230769 0.05048076923076923 0.040865384615384616
0 0.6069711538461539 0.8040865384615384 0.10096153846153846 0.10817307692307693
0 0.7211538461538461 0.6418269230769231 0.07692307692307693 0.08173076923076923
0 0.546875 0.46153846153846156 0.052884615384615384 0.04567307692307692
0 0.5997596153846154 0.5024038461538461 0.057692307692307696 0.055288461538461536
0 0.5264423076923077 0.5805288461538461 0.036057692307692304 0.040865384615384616
0 0.5 0.5192307692307693 0.028846153846153848 0.028846153846153848
0 0.4795673076923077 0.48197115384615385 0.019230769230769232 0.021634615384615384
0 0.5048076923076923 0.42427884615384615 0.028846153846153848 0.01201923076923077