0 0.0733173076923077 0.296875 0.1466346153846154 0.17548076923076922
0 0.41586538461538464 0.38341346153846156 0.0625 0.07932692307692307
0 0.3737980769230769 0.30649038461538464 0.09615384615384616 0.11778846153846154
0 0.11177884615384616 0.109375 0.1778846153846154 0.18028846153846154
0 0.27163461538461536 0.16466346153846154 0.11538461538461539 0.1346153846153846
0 0.9122596153846154 0.02283653846153846 0.06490384615384616 0.04567307692307692
0 0.8665865384615384 0.08774038461538461 0.10336538461538461 0.0889423076923077
0 0.8533653846153846 0.020432692307692308 0.08173076923076923 0.040865384615384616
0 0.4987980769230769 0.4206730769230769 0.0985576923076923 0.21153846153846154
0 0.41947115384615385 0.6622596153846154 0.04567307692307692 0.04326923076923077
0 0.9495192307692307 0.5685096153846154 0.09615384615384616 0.07932692307692307