0 0.03365384615384615 0.10576923076923077 0.0673076923076923 0.21153846153846154
0 0.3076923076923077 0.24278846153846154 0.13942307692307693 0.1971153846153846
0 0.7115384615384616 0.28725961538461536 0.06971153846153846 0.06971153846153846
0 0.5192307692307693 0.2127403846153846 0.10096153846153846 0.0985576923076923
0 0.40024038461538464 0.14182692307692307 0.040865384615384616 0.09134615384615384
0 0.5276442307692307 0.2692307692307692 0.10336538461538461 0.10336538461538461
0 0.8653846153846154 0.2848557692307692 0.036057692307692304 0.036057692307692304
0 0.8052884615384616 0.2512019230769231 0.04326923076923077 0.04326923076923077
0 0.7992788461538461 0.2764423076923077 0.038461538461538464 0.036057692307692304
0 0.23197115384615385 0.84375 0.125 0.13221153846153846
0 0.32572115384615385 0.8930288461538461 0.10336538461538461 0.12259615384615384
0 0.33052884615384615 0.7872596153846154 0.09375 0.12259615384615384
0 0.34375 0.7163461538461539 0.0673076923076923 0.07692307692307693
0 0.25961538461538464 0.7596153846153846 0.09134615384615384 0.09375
0 0.3004807692307692 0.5889423076923077 0.038461538461538464 0.019230769230769232
0 0.2668269230769231 0.7043269230769231 0.07451923076923077 0.07692307692307693
0 0.28725961538461536 0.6550480769230769 0.057692307692307696 0.06009615384615385
0 0.2932692307692308 0.6069711538461539 0.057692307692307696 0.055288461538461536
0 0.5865384615384616 0.6081730769230769 0.14423076923076922 0.057692307692307696
0 0.7079326923076923 0.5901442307692307 0.10336538461538461 0.021634615384615384
0 0.46274038461538464 0.6430288461538461 0.1658653846153846 0.12740384615384615