0 0.44350961538461536 0.10096153846153846 0.06490384615384616 0.16346153846153846
0 0.32572115384615385 0.5012019230769231 0.0625 0.06490384615384616
0 0.24519230769230768 0.5745192307692307 0.057692307692307696 0.057692307692307696
0 0.28846153846153844 0.5961538461538461 0.04807692307692308 0.04807692307692308
0 0.3245192307692308 0.28846153846153844 0.11538461538461539 0.11778846153846154
0 0.38221153846153844 0.38221153846153844 0.10817307692307693 0.11538461538461539
0 0.26322115384615385 0.6574519230769231 0.036057692307692304 0.036057692307692304
0 0.20793269230769232 0.7271634615384616 0.026442307692307692 0.016826923076923076
0 0.21634615384615385 0.6995192307692307 0.026442307692307692 0.028846153846153848
0 0.22235576923076922 0.6658653846153846 0.02403846153846154 0.02403846153846154
0 0.9783653846153846 0.31971153846153844 0.038461538461538464 0.10096153846153846
0 0.9507211538461539 0.4483173076923077 0.052884615384615384 0.04807692307692308
0 0.9206730769230769 0.36538461538461536 0.07451923076923077 0.07932692307692307
0 0.9711538461538461 0.3954326923076923 0.052884615384615384 0.0889423076923077
0 0.9134615384615384 0.5492788461538461 0.04326923076923077 0.036057692307692304
0 0.9326923076923077 0.5889423076923077 0.036057692307692304 0.036057692307692304
0 0.8040865384615384 0.640625 0.03365384615384615 0.038461538461538464
0 0.16947115384615385 0.8942307692307693 0.057692307692307696 0.057692307692307696
0 0.20192307692307693 0.7908653846153846 0.07932692307692307 0.08413461538461539
0 0.19230769230769232 0.8461538461538461 0.057692307692307696 0.057692307692307696
0 0.15985576923076922 0.9399038461538461 0.055288461538461536 0.052884615384615384
0 0.14182692307692307 0.9927884615384616 0.04326923076923077 0.009615384615384616
0 0.15264423076923078 0.9699519230769231 0.06009615384615385 0.055288461538461536
0 0.6838942307692307 0.9663461538461539 0.06971153846153846 0.06490384615384616
0 0.9278846153846154 0.8846153846153846 0.07692307692307693 0.0673076923076923
0 0.8161057692307693 0.9831730769230769 0.055288461538461536 0.028846153846153848
0 0.8713942307692307 0.890625 0.08413461538461539 0.07211538461538461
0 0.8161057692307693 0.78125 0.12740384615384615 0.08653846153846154
0 0.7752403846153846 0.9807692307692307 0.06971153846153846 0.03365384615384615