0 0.025240384615384616 0.07211538461538461 0.05048076923076923 0.08173076923076923
0 0.12740384615384615 0.10817307692307693 0.07211538461538461 0.07692307692307693
0 0.014423076923076924 0.12740384615384615 0.028846153846153848 0.09134615384615384
0 0.16105769230769232 0.47115384615384615 0.28365384615384615 0.23076923076923078
0 0.3269230769230769 0.17668269230769232 0.2980769230769231 0.29086538461538464
0 0.6081730769230769 0.22716346153846154 0.16346153846153846 0.16105769230769232
0 0.6850961538461539 0.09014423076923077 0.11778846153846154 0.1201923076923077
0 0.7127403846153846 0.20793269230769232 0.15625 0.15865384615384615
0 0.7512019230769231 0.016826923076923076 0.11298076923076923 0.03365384615384615
0 0.5204326923076923 0.40384615384615385 0.08413461538461539 0.20192307692307693
0 0.5949519230769231 0.4362980769230769 0.23317307692307693 0.23798076923076922
0 0.8052884615384616 0.038461538461538464 0.11538461538461539 0.07692307692307693
0 0.027644230769230768 0.7596153846153846 0.055288461538461536 0.1201923076923077
0 0.04567307692307692 0.671875 0.09134615384615384 0.12259615384615384
0 0.4963942307692308 0.8762019230769231 0.036057692307692304 0.06490384615384616