0 0.21875 0.23197115384615385 0.06971153846153846 0.06971153846153846
0 0.3245192307692308 0.25961538461538464 0.0625 0.0625
0 0.31850961538461536 0.2127403846153846 0.052884615384615384 0.052884615384615384
0 0.052884615384615384 0.35096153846153844 0.10576923076923077 0.12980769230769232
0 0.0889423076923077 0.25 0.1201923076923077 0.12259615384615384
0 0.375 0.20072115384615385 0.02403846153846154 0.040865384615384616
0 0.9543269230769231 0.25841346153846156 0.08653846153846154 0.21875
0 0.3004807692307692 0.6346153846153846 0.14182692307692307 0.14182692307692307
0 0.3473557692307692 0.71875 0.07932692307692307 0.1201923076923077
0 0.2403846153846154 0.7127403846153846 0.16346153846153846 0.1658653846153846
0 0.1622596153846154 0.625 0.17548076923076922 0.17067307692307693
0 0.9278846153846154 0.5721153846153846 0.07692307692307693 0.0673076923076923