0 0.17307692307692307 0.07932692307692307 0.18269230769230768 0.15865384615384615
0 0.2512019230769231 0.20072115384615385 0.2091346153846154 0.21394230769230768
0 0.2439903846153846 0.6286057692307693 0.20432692307692307 0.13701923076923078
0 0.9146634615384616 0.027644230769230768 0.13221153846153846 0.055288461538461536
0 0.8100961538461539 0.36778846153846156 0.2283653846153846 0.21634615384615385
0 0.8185096153846154 0.17427884615384615 0.16346153846153846 0.14903846153846154
0 0.6574519230769231 0.5432692307692307 0.36778846153846156 0.3076923076923077
0 0.7295673076923077 0.6346153846153846 0.3293269230769231 0.125
0 0.24639423076923078 0.8449519230769231 0.18028846153846154 0.15865384615384615
0 0.09254807692307693 0.8125 0.18509615384615385 0.21153846153846154
0 0.8353365384615384 0.9663461538461539 0.31009615384615385 0.0625
0 0.9471153846153846 0.8641826923076923 0.10096153846153846 0.17067307692307693
0 0.9074519230769231 0.7920673076923077 0.18028846153846154 0.18509615384615385
0 0.7980769230769231 0.7439903846153846 0.22115384615384615 0.0889423076923077
0 0.6682692307692307 0.9182692307692307 0.375 0.15865384615384615