0 0.4855769230769231 0.28125 0.10096153846153846 0.15865384615384615
0 0.22596153846153846 0.32211538461538464 0.06490384615384616 0.0625
0 0.3942307692307692 0.3713942307692308 0.11538461538461539 0.12259615384615384
0 0.17668269230769232 0.13942307692307693 0.09375 0.09615384615384616
0 0.41466346153846156 0.5540865384615384 0.15865384615384615 0.16105769230769232
0 0.18028846153846154 0.5913461538461539 0.10096153846153846 0.10576923076923077
0 0.3076923076923077 0.5 0.15865384615384615 0.08173076923076923
0 0.036057692307692304 0.6382211538461539 0.055288461538461536 0.057692307692307696
0 0.0889423076923077 0.6213942307692307 0.06490384615384616 0.0673076923076923
0 0.9519230769230769 0.9747596153846154 0.052884615384615384 0.04567307692307692
0 0.9543269230769231 0.9423076923076923 0.052884615384615384 0.05048076923076923
0 0.9915865384615384 0.9747596153846154 0.01201923076923077 0.04567307692307692
0 0.9651442307692307 0.8990384615384616 0.06490384615384616 0.08173076923076923
0 0.96875 0.8293269230769231 0.057692307692307696 0.10096153846153846
0 0.96875 0.6899038461538461 0.057692307692307696 0.15384615384615385
0 0.8257211538461539 0.9855769230769231 0.04567307692307692 0.02403846153846154