0 0.06009615384615385 0.09375 0.1201923076923077 0.1778846153846154
0 0.5024038461538461 0.22115384615384615 0.04807692307692308 0.12980769230769232
0 0.18509615384615385 0.12139423076923077 0.20432692307692307 0.20673076923076922
0 0.9230769230769231 0.29447115384615385 0.14903846153846154 0.06490384615384616
0 0.6862980769230769 0.26322115384615385 0.15144230769230768 0.12740384615384615
0 0.6382211538461539 0.15745192307692307 0.10817307692307693 0.1201923076923077
0 0.5985576923076923 0.030048076923076924 0.09134615384615384 0.06009615384615385
0 0.3329326923076923 0.4879807692307692 0.14423076923076922 0.12980769230769232
0 0.05889423076923077 0.5408653846153846 0.11778846153846154 0.1778846153846154
0 0.265625 0.796875 0.25 0.24519230769230768
0 0.7836538461538461 0.7211538461538461 0.11057692307692307 0.12259615384615384
0 0.640625 0.5360576923076923 0.09375 0.10336538461538461
0 0.6490384615384616 0.6598557692307693 0.1201923076923077 0.14903846153846154