0 0.41947115384615385 0.5240384615384616 0.04326923076923077 0.04807692307692308
0 0.421875 0.5048076923076923 0.03365384615384615 0.03365384615384615
0 0.42908653846153844 0.49158653846153844 0.03365384615384615 0.038461538461538464
0 0.3641826923076923 0.4362980769230769 0.055288461538461536 0.0625
0 0.4254807692307692 0.4651442307692308 0.04807692307692308 0.057692307692307696
0 0.34975961538461536 0.40384615384615385 0.06971153846153846 0.07932692307692307
0 0.4206730769230769 0.4375 0.06490384615384616 0.07211538461538461
0 0.43028846153846156 0.39663461538461536 0.07692307692307693 0.08413461538461539
0 0.35697115384615385 0.35096153846153844 0.07692307692307693 0.08173076923076923
0 0.4326923076923077 0.3473557692307692 0.09615384615384616 0.11538461538461539
0 0.13822115384615385 0.15384615384615385 0.10817307692307693 0.11057692307692307
0 0.4338942307692308 0.2776442307692308 0.09134615384615384 0.10336538461538461
0 0.328125 0.203125 0.13221153846153846 0.15144230769230768
0 0.4387019230769231 0.20072115384615385 0.125 0.13942307692307693
0 0.38100961538461536 0.5504807692307693 0.03365384615384615 0.036057692307692304
0 0.4170673076923077 0.5576923076923077 0.036057692307692304 0.019230769230769232
0 0.25841346153846156 0.46274038461538464 0.04326923076923077 0.04807692307692308
0 0.5757211538461539 0.5216346153846154 0.055288461538461536 0.09134615384615384
0 0.7536057692307693 0.41947115384615385 0.15865384615384615 0.16105769230769232
0 0.9254807692307693 0.47475961538461536 0.14423076923076922 0.18509615384615385
0 0.18629807692307693 0.84375 0.12740384615384615 0.15384615384615385
0 0.6225961538461539 0.8665865384615384 0.14903846153846154 0.2620192307692308