0 0.28966346153846156 0.5973557692307693 0.057692307692307696 0.052884615384615384
0 0.11658653846153846 0.5240384615384616 0.07692307692307693 0.08413461538461539
0 0.2247596153846154 0.08413461538461539 0.18509615384615385 0.16826923076923078
0 0.9170673076923077 0.5324519230769231 0.040865384615384616 0.040865384615384616
0 0.9146634615384616 0.23677884615384615 0.09375 0.11057692307692307
0 0.609375 0.43149038461538464 0.24519230769230768 0.1971153846153846
0 0.8834134615384616 0.3629807692307692 0.07451923076923077 0.07932692307692307
0 0.9855769230769231 0.38822115384615385 0.02403846153846154 0.14182692307692307
0 0.6887019230769231 0.09375 0.3485576923076923 0.1875
0 0.9915865384615384 0.4639423076923077 0.01201923076923077 0.0625
0 0.1502403846153846 0.7163461538461539 0.07211538461538461 0.08413461538461539
0 0.19230769230769232 0.7644230769230769 0.0673076923076923 0.07692307692307693
0 0.234375 0.7860576923076923 0.05048076923076923 0.057692307692307696
0 0.26322115384615385 0.8137019230769231 0.036057692307692304 0.038461538461538464
0 0.2848557692307692 0.8149038461538461 0.02403846153846154 0.02403846153846154