0 0.30528846153846156 0.1045673076923077 0.15625 0.1346153846153846
0 0.15264423076923078 0.24759615384615385 0.21153846153846154 0.18269230769230768
0 0.41586538461538464 0.013221153846153846 0.10096153846153846 0.026442307692307692
0 0.59375 0.2091346153846154 0.12740384615384615 0.0985576923076923
0 0.890625 0.06610576923076923 0.055288461538461536 0.04807692307692308
0 0.9447115384615384 0.03365384615384615 0.03365384615384615 0.036057692307692304
0 0.9867788461538461 0.006009615384615385 0.021634615384615384 0.01201923076923077
0 0.45552884615384615 0.8293269230769231 0.021634615384615384 0.08653846153846154
0 0.45072115384615385 0.5084134615384616 0.03125 0.06490384615384616
0 0.42788461538461536 0.6358173076923077 0.07692307692307693 0.09375
0 0.4074519230769231 0.5348557692307693 0.11778846153846154 0.0889423076923077
0 0.09735576923076923 0.7872596153846154 0.19471153846153846 0.21875
0 0.7560096153846154 0.6454326923076923 0.10576923076923077 0.09615384615384616
0 0.8846153846153846 0.7439903846153846 0.06971153846153846 0.06490384615384616
0 0.5889423076923077 0.515625 0.16346153846153846 0.09375
0 0.9903846153846154 0.8665865384615384 0.014423076923076924 0.040865384615384616
0 0.9663461538461539 0.8257211538461539 0.040865384615384616 0.040865384615384616
0 0.9302884615384616 0.8040865384615384 0.040865384615384616 0.04807692307692308