0 0.15745192307692307 0.23076923076923078 0.125 0.13221153846153846
0 0.25841346153846156 0.2800480769230769 0.11778846153846154 0.1201923076923077
0 0.26802884615384615 0.17427884615384615 0.11538461538461539 0.1201923076923077
0 0.35096153846153844 0.27403846153846156 0.11778846153846154 0.12259615384615384
0 0.27524038461538464 0.1045673076923077 0.07451923076923077 0.07451923076923077
0 0.18629807692307693 0.1466346153846154 0.09134615384615384 0.09375
0 0.19591346153846154 0.09134615384615384 0.07451923076923077 0.07692307692307693
0 0.21634615384615385 0.042067307692307696 0.057692307692307696 0.06009615384615385
0 0.22355769230769232 0.010817307692307692 0.057692307692307696 0.021634615384615384
0 0.84375 0.09495192307692307 0.15144230769230768 0.15384615384615385
0 0.9447115384615384 0.06370192307692307 0.10576923076923077 0.11778846153846154
0 0.7752403846153846 0.41346153846153844 0.27163461538461536 0.3076923076923077
0 0.9579326923076923 0.5012019230769231 0.07932692307692307 0.13221153846153846
0 0.8762019230769231 0.021634615384615384 0.12740384615384615 0.04326923076923077
0 0.25841346153846156 0.8137019230769231 0.23076923076923078 0.24278846153846154
0 0.8774038461538461 0.7307692307692307 0.2403846153846154 0.2692307692307692