0 0.17908653846153846 0.27403846153846156 0.20192307692307693 0.22355769230769232
0 0.09254807692307693 0.10576923076923077 0.18509615384615385 0.21153846153846154
0 0.3088942307692308 0.3918269230769231 0.19471153846153846 0.09134615384615384
0 0.8353365384615384 0.1622596153846154 0.07932692307692307 0.07932692307692307
0 0.7247596153846154 0.09134615384615384 0.10336538461538461 0.10096153846153846
0 0.9591346153846154 0.32211538461538464 0.05048076923076923 0.052884615384615384
0 0.8365384615384616 0.2776442307692308 0.055288461538461536 0.055288461538461536
0 0.9819711538461539 0.12139423076923077 0.03125 0.11778846153846154
0 0.9483173076923077 0.4110576923076923 0.026442307692307692 0.028846153846153848
0 0.3245192307692308 0.5552884615384616 0.14423076923076922 0.14182692307692307
0 0.5625 0.7608173076923077 0.028846153846153848 0.04567307692307692
0 0.875 0.48677884615384615 0.11057692307692307 0.09375
0 0.5733173076923077 0.6081730769230769 0.05048076923076923 0.08173076923076923
0 0.5841346153846154 0.7860576923076923 0.0625 0.08653846153846154