0 0.20552884615384615 0.3269230769230769 0.0673076923076923 0.0985576923076923
0 0.020432692307692308 0.2403846153846154 0.040865384615384616 0.1201923076923077
0 0.08413461538461539 0.2127403846153846 0.10096153846153846 0.11298076923076923
0 0.18509615384615385 0.22235576923076922 0.08653846153846154 0.11057692307692307
0 0.5384615384615384 0.046875 0.11538461538461539 0.09375
0 0.6334134615384616 0.27403846153846156 0.08413461538461539 0.11538461538461539
0 0.5060096153846154 0.24879807692307693 0.09134615384615384 0.1201923076923077
0 0.7800480769230769 0.042067307692307696 0.1466346153846154 0.08413461538461539
0 0.8425480769230769 0.32091346153846156 0.0985576923076923 0.12259615384615384
0 0.7331730769230769 0.15865384615384615 0.125 0.16826923076923078
0 0.5925480769230769 0.35697115384615385 0.06971153846153846 0.06009615384615385
0 0.34375 0.7259615384615384 0.14423076923076922 0.12980769230769232
0 0.390625 0.7572115384615384 0.05048076923076923 0.125
0 0.08413461538461539 0.9326923076923077 0.07451923076923077 0.06490384615384616
0 0.01201923076923077 0.9338942307692307 0.02403846153846154 0.06490384615384616
0 0.6370192307692307 0.7524038461538461 0.09375 0.11298076923076923