0 0.3954326923076923 0.4483173076923077 0.13701923076923078 0.036057692307692304
0 0.23197115384615385 0.36899038461538464 0.18509615384615385 0.19471153846153846
0 0.7920673076923077 0.453125 0.04567307692307692 0.026442307692307692
0 0.8990384615384616 0.13581730769230768 0.12259615384615384 0.1201923076923077
0 0.8677884615384616 0.41346153846153844 0.057692307692307696 0.057692307692307696
0 0.7055288461538461 0.40625 0.04567307692307692 0.04807692307692308
0 0.06850961538461539 0.7956730769230769 0.13701923076923078 0.2692307692307692
0 0.3713942307692308 0.8617788461538461 0.19951923076923078 0.22355769230769232
0 0.6189903846153846 0.8689903846153846 0.09615384615384616 0.10096153846153846
0 0.9362980769230769 0.5084134615384616 0.12259615384615384 0.07932692307692307
0 0.6262019230769231 0.7055288461538461 0.13701923076923078 0.17067307692307693