0 0.5516826923076923 0.19951923076923078 0.23798076923076922 0.09615384615384616
0 0.5108173076923077 0.0829326923076923 0.2283653846153846 0.1658653846153846
0 0.4206730769230769 0.28725961538461536 0.13942307692307693 0.07451923076923077
0 0.47596153846153844 0.6370192307692307 0.2403846153846154 0.24278846153846154
0 0.4050480769230769 0.4567307692307692 0.17067307692307693 0.17067307692307693
0 0.4074519230769231 0.8377403846153846 0.36778846153846156 0.31971153846153844
0 0.5504807692307693 0.9110576923076923 0.35096153846153844 0.17307692307692307
0 0.8028846153846154 0.4543269230769231 0.04807692307692308 0.05048076923076923
0 0.7752403846153846 0.5048076923076923 0.0673076923076923 0.0673076923076923
0 0.9591346153846154 0.4362980769230769 0.04807692307692308 0.05048076923076923
0 0.9891826923076923 0.4951923076923077 0.016826923076923076 0.03365384615384615
0 0.7475961538461539 0.47596153846153844 0.019230769230769232 0.07692307692307693
0 0.9447115384615384 0.5480769230769231 0.038461538461538464 0.038461538461538464
0 0.9891826923076923 0.41947115384615385 0.016826923076923076 0.016826923076923076
0 0.9915865384615384 0.43028846153846156 0.01201923076923077 0.02403846153846154
0 0.9951923076923077 0.41586538461538464 0.004807692307692308 0.019230769230769232