0 0.03485576923076923 0.028846153846153848 0.06971153846153846 0.057692307692307696
0 0.8882211538461539 0.41466346153846156 0.1658653846153846 0.10336538461538461
0 0.6911057692307693 0.40384615384615385 0.18028846153846154 0.125
0 0.8173076923076923 0.21634615384615385 0.11057692307692307 0.09615384615384616
0 0.6778846153846154 0.31971153846153844 0.13942307692307693 0.11778846153846154
0 0.9050480769230769 0.1622596153846154 0.08413461538461539 0.07211538461538461
0 0.5084134615384616 0.4074519230769231 0.16105769230769232 0.11778846153846154
0 0.9519230769230769 0.11177884615384616 0.06971153846153846 0.06009615384615385
0 0.3786057692307692 0.49158653846153844 0.09375 0.04567307692307692
0 0.36778846153846156 0.7403846153846154 0.11538461538461539 0.1778846153846154
0 0.0625 0.4891826923076923 0.0673076923076923 0.040865384615384616