0 0.23076923076923078 0.1778846153846154 0.0985576923076923 0.08653846153846154
0 0.046875 0.4170673076923077 0.09375 0.0889423076923077
0 0.021634615384615384 0.3401442307692308 0.04326923076923077 0.06971153846153846
0 0.09014423076923077 0.3004807692307692 0.0985576923076923 0.09134615384615384
0 0.15625 0.578125 0.10576923076923077 0.036057692307692304
0 0.009615384615384616 0.49759615384615385 0.019230769230769232 0.0673076923076923
0 0.06129807692307692 0.515625 0.09134615384615384 0.0673076923076923
0 0.47596153846153844 0.19591346153846154 0.0673076923076923 0.06971153846153846
0 0.4411057692307692 0.09014423076923077 0.05048076923076923 0.052884615384615384
0 0.6442307692307693 0.5625 0.15384615384615385 0.0673076923076923
0 0.5180288461538461 0.3581730769230769 0.16826923076923078 0.16346153846153846
0 0.41346153846153844 0.036057692307692304 0.038461538461538464 0.038461538461538464
0 0.39783653846153844 0.004807692307692308 0.03125 0.009615384615384616
0 0.21514423076923078 0.96875 0.12740384615384615 0.057692307692307696
0 0.6069711538461539 0.6947115384615384 0.08653846153846154 0.09134615384615384
0 0.4423076923076923 0.8569711538461539 0.040865384615384616 0.04326923076923077
0 0.4014423076923077 0.8954326923076923 0.03365384615384615 0.03365384615384615
0 0.45552884615384615 0.7836538461538461 0.07692307692307693 0.06490384615384616
0 0.31009615384615385 0.9903846153846154 0.004807692307692308 0.019230769230769232