0 0.12139423076923077 0.4519230769230769 0.11057692307692307 0.11538461538461539
0 0.051682692307692304 0.4230769230769231 0.06490384615384616 0.06490384615384616
0 0.019230769230769232 0.4182692307692308 0.038461538461538464 0.057692307692307696
0 0.7067307692307693 0.08173076923076923 0.055288461538461536 0.057692307692307696
0 0.9158653846153846 0.33653846153846156 0.1201923076923077 0.13221153846153846
0 0.6730769230769231 0.14423076923076922 0.04326923076923077 0.04326923076923077
0 0.9747596153846154 0.16466346153846154 0.04567307692307692 0.10817307692307693
0 0.5913461538461539 0.052884615384615384 0.03125 0.03365384615384615
0 0.6394230769230769 0.09495192307692307 0.052884615384615384 0.055288461538461536
0 0.5625 0.03365384615384615 0.028846153846153848 0.028846153846153848
0 0.5384615384615384 0.010817307692307692 0.02403846153846154 0.021634615384615384
0 0.31850961538461536 0.7271634615384616 0.07451923076923077 0.0985576923076923
0 0.13942307692307693 0.7764423076923077 0.10336538461538461 0.10336538461538461
0 0.046875 0.9651442307692307 0.09375 0.06490384615384616
0 0.04326923076923077 0.7980769230769231 0.08653846153846154 0.10096153846153846
0 0.14423076923076922 0.6442307692307693 0.055288461538461536 0.052884615384615384
0 0.08413461538461539 0.8701923076923077 0.1201923076923077 0.11778846153846154
0 0.11899038461538461 0.6923076923076923 0.0625 0.06009615384615385
0 0.17548076923076922 0.6105769230769231 0.052884615384615384 0.02403846153846154
0 0.3701923076923077 0.8485576923076923 0.02403846153846154 0.038461538461538464
0 0.46033653846153844 0.8245192307692307 0.0889423076923077 0.0889423076923077
0 0.4098557692307692 0.8617788461538461 0.04326923076923077 0.04326923076923077
0 0.5108173076923077 0.8810096153846154 0.055288461538461536 0.057692307692307696
0 0.6346153846153846 0.8449519230769231 0.1466346153846154 0.14903846153846154
0 0.7391826923076923 0.9290865384615384 0.14182692307692307 0.13701923076923078