0 0.07091346153846154 0.051682692307692304 0.14182692307692307 0.10336538461538461
0 0.19591346153846154 0.4411057692307692 0.1466346153846154 0.0889423076923077
0 0.14903846153846154 0.32572115384615385 0.18990384615384615 0.17548076923076922
0 0.8545673076923077 0.17668269230769232 0.2860576923076923 0.35336538461538464
0 0.39903846153846156 0.9651442307692307 0.0673076923076923 0.06490384615384616
0 0.375 0.9819711538461539 0.057692307692307696 0.03125
0 0.3317307692307692 0.9050480769230769 0.04807692307692308 0.06009615384615385
0 0.3076923076923077 0.9603365384615384 0.07211538461538461 0.07451923076923077
0 0.3293269230769231 0.7680288461538461 0.06490384615384616 0.07451923076923077
0 0.3076923076923077 0.8149038461538461 0.06971153846153846 0.08173076923076923
0 0.2668269230769231 0.8449519230769231 0.03365384615384615 0.028846153846153848
0 0.28966346153846156 0.6201923076923077 0.0889423076923077 0.10576923076923077
0 0.21875 0.7692307692307693 0.0889423076923077 0.10336538461538461
0 0.22235576923076922 0.5877403846153846 0.11057692307692307 0.1201923076923077
0 0.1310096153846154 0.5348557692307693 0.17548076923076922 0.09375
0 0.8846153846153846 0.9362980769230769 0.06009615384615385 0.06490384615384616
0 0.8581730769230769 0.8329326923076923 0.10096153846153846 0.0985576923076923
0 0.7848557692307693 0.5649038461538461 0.1658653846153846 0.15384615384615385