0 0.14182692307692307 0.037259615384615384 0.07692307692307693 0.07451923076923077
0 0.01201923076923077 0.03245192307692308 0.02403846153846154 0.055288461538461536
0 0.6742788461538461 0.18509615384615385 0.03125 0.028846153846153848
0 0.9675480769230769 0.23798076923076922 0.06009615384615385 0.16346153846153846
0 0.9362980769230769 0.18629807692307693 0.12259615384615384 0.13221153846153846
0 0.8677884615384616 0.22956730769230768 0.11298076923076923 0.11057692307692307
0 0.7956730769230769 0.19110576923076922 0.13942307692307693 0.14423076923076922
0 0.7223557692307693 0.19230769230769232 0.08413461538461539 0.09375
0 0.5889423076923077 0.18870192307692307 0.0625 0.07451923076923077
0 0.09014423076923077 0.6033653846153846 0.18028846153846154 0.2403846153846154
0 0.16346153846153846 0.9387019230769231 0.14423076923076922 0.11778846153846154
0 0.08052884615384616 0.43990384615384615 0.16105769230769232 0.16346153846153846
0 0.1346153846153846 0.8149038461538461 0.21875 0.2283653846153846
0 0.7668269230769231 0.8581730769230769 0.1346153846153846 0.13942307692307693
0 0.8834134615384616 0.8401442307692307 0.14903846153846154 0.15865384615384615
0 0.8293269230769231 0.9819711538461539 0.10096153846153846 0.03125
0 0.859375 0.9326923076923077 0.12259615384615384 0.12980769230769232
0 0.9459134615384616 0.9387019230769231 0.10336538461538461 0.11778846153846154