0 0.9507211538461539 0.5372596153846154 0.052884615384615384 0.052884615384615384
0 0.9759615384615384 0.5192307692307693 0.028846153846153848 0.03125
0 0.3629807692307692 0.8617788461538461 0.24519230769230768 0.27163461538461536
0 0.4543269230769231 0.8557692307692307 0.0625 0.27884615384615385
0 0.546875 0.6334134615384616 0.09375 0.05048076923076923
0 0.7848557692307693 0.8028846153846154 0.057692307692307696 0.055288461538461536
0 0.8064903846153846 0.6310096153846154 0.055288461538461536 0.04567307692307692
0 0.7824519230769231 0.6129807692307693 0.04567307692307692 0.009615384615384616
0 0.6117788461538461 0.6670673076923077 0.10336538461538461 0.09615384615384616
0 0.6574519230769231 0.8100961538461539 0.08413461538461539 0.07932692307692307
0 0.9266826923076923 0.6538461538461539 0.02403846153846154 0.02403846153846154
0 0.8882211538461539 0.6177884615384616 0.026442307692307692 0.019230769230769232
0 0.8473557692307693 0.6237980769230769 0.036057692307692304 0.03125
0 0.9110576923076923 0.6153846153846154 0.02403846153846154 0.014423076923076924