0 0.03125 0.4675480769230769 0.0625 0.15144230769230768
0 0.4230769230769231 0.5757211538461539 0.14903846153846154 0.040865384615384616
0 0.7680288461538461 0.5649038461538461 0.026442307692307692 0.02403846153846154
0 0.8269230769230769 0.33774038461538464 0.07451923076923077 0.07211538461538461
0 0.7824519230769231 0.5060096153846154 0.03365384615384615 0.03365384615384615
0 0.7884615384615384 0.5817307692307693 0.03365384615384615 0.028846153846153848
0 0.7560096153846154 0.5925480769230769 0.026442307692307692 0.007211538461538462
0 0.8149038461538461 0.49759615384615385 0.04326923076923077 0.04326923076923077
0 0.7848557692307693 0.7307692307692307 0.1346153846153846 0.1346153846153846
0 0.6237980769230769 0.7560096153846154 0.0889423076923077 0.0889423076923077
0 0.9543269230769231 0.7163461538461539 0.08653846153846154 0.19230769230769232
0 0.5192307692307693 0.7572115384615384 0.038461538461538464 0.057692307692307696
0 0.5492788461538461 0.7475961538461539 0.06009615384615385 0.06009615384615385