0 0.14423076923076922 0.5276442307692307 0.052884615384615384 0.036057692307692304
0 0.25 0.5204326923076923 0.08653846153846154 0.05048076923076923
0 0.109375 0.1502403846153846 0.1466346153846154 0.14423076923076922
0 0.11899038461538461 0.3762019230769231 0.07932692307692307 0.07932692307692307
0 0.20192307692307693 0.3762019230769231 0.10096153846153846 0.10096153846153846
0 0.4182692307692308 0.11658653846153846 0.33653846153846156 0.23317307692307693
0 0.6346153846153846 0.22596153846153846 0.08653846153846154 0.08413461538461539
0 0.9194711538461539 0.20192307692307693 0.15625 0.17307692307692307
0 0.8377403846153846 0.34134615384615385 0.17307692307692307 0.17307692307692307
0 0.515625 0.9483173076923077 0.12740384615384615 0.0985576923076923
0 0.109375 0.9014423076923077 0.06971153846153846 0.06971153846153846
0 0.07091346153846154 0.8533653846153846 0.07692307692307693 0.07692307692307693
0 0.057692307692307696 0.7439903846153846 0.11538461538461539 0.12259615384615384
0 0.16826923076923078 0.7920673076923077 0.08653846153846154 0.08413461538461539
0 0.5528846153846154 0.7379807692307693 0.0673076923076923 0.23557692307692307