0 0.16105769230769232 0.4723557692307692 0.07211538461538461 0.07451923076923077
0 0.1814903846153846 0.40384615384615385 0.10096153846153846 0.10817307692307693
0 0.2091346153846154 0.32091346153846156 0.10576923076923077 0.10817307692307693
0 0.24278846153846154 0.19831730769230768 0.14182692307692307 0.14182692307692307
0 0.49038461538461536 0.0733173076923077 0.1971153846153846 0.1466346153846154
0 0.9603365384615384 0.052884615384615384 0.07451923076923077 0.10576923076923077
0 0.90625 0.2980769230769231 0.0625 0.06009615384615385
0 0.9831730769230769 0.1658653846153846 0.028846153846153848 0.125
0 0.7211538461538461 0.265625 0.0889423076923077 0.09375
0 0.27163461538461536 0.9326923076923077 0.09134615384615384 0.08653846153846154
0 0.484375 0.6334134615384616 0.20432692307692307 0.12740384615384615
0 0.7764423076923077 0.9735576923076923 0.052884615384615384 0.04807692307692308
0 0.6658653846153846 0.9651442307692307 0.0625 0.0673076923076923
0 0.6983173076923077 0.8545673076923077 0.08413461538461539 0.09375