0 0.3137019230769231 0.12740384615384615 0.13221153846153846 0.10096153846153846
0 0.19831730769230768 0.2283653846153846 0.09615384615384616 0.06971153846153846
0 0.010817307692307692 0.3485576923076923 0.021634615384615384 0.03365384615384615
0 0.04567307692307692 0.33052884615384615 0.05048076923076923 0.04326923076923077
0 0.09975961538461539 0.3016826923076923 0.0625 0.055288461538461536
0 0.46153846153846156 0.039663461538461536 0.07211538461538461 0.07932692307692307
0 0.8882211538461539 0.1141826923076923 0.15625 0.16346153846153846
0 0.5408653846153846 0.014423076923076924 0.0625 0.028846153846153848
0 0.5769230769230769 0.07091346153846154 0.0889423076923077 0.11298076923076923
0 0.8173076923076923 0.28846153846153844 0.16826923076923078 0.15384615384615385
0 0.6634615384615384 0.22355769230769232 0.10817307692307693 0.12740384615384615
0 0.057692307692307696 0.5817307692307693 0.11538461538461539 0.09615384615384616
0 0.8125 0.4326923076923077 0.125 0.12980769230769232
0 0.7235576923076923 0.5973557692307693 0.0889423076923077 0.10817307692307693
0 0.7788461538461539 0.6514423076923077 0.10817307692307693 0.11298076923076923
0 0.8064903846153846 0.7680288461538461 0.12259615384615384 0.10336538461538461
0 0.5805288461538461 0.8449519230769231 0.038461538461538464 0.04326923076923077
0 0.6466346153846154 0.7704326923076923 0.04567307692307692 0.057692307692307696
0 0.6502403846153846 0.9230769230769231 0.04567307692307692 0.05048076923076923
0 0.7223557692307693 0.8461538461538461 0.10817307692307693 0.07692307692307693
0 0.8377403846153846 0.5228365384615384 0.15144230769230768 0.15144230769230768
0 0.9074519230769231 0.6586538461538461 0.18028846153846154 0.13942307692307693
0 0.6875 0.6971153846153846 0.052884615384615384 0.0625
0 0.6899038461538461 0.8978365384615384 0.052884615384615384 0.03365384615384615
0 0.7127403846153846 0.7524038461538461 0.06971153846153846 0.07932692307692307