0 0.07451923076923077 0.5192307692307693 0.09134615384615384 0.09615384615384616
0 0.10336538461538461 0.3425480769230769 0.11298076923076923 0.11298076923076923
0 0.1310096153846154 0.07091346153846154 0.20432692307692307 0.14182692307692307
0 0.11899038461538461 0.59375 0.040865384615384616 0.02403846153846154
0 0.12980769230769232 0.5264423076923077 0.057692307692307696 0.06009615384615385
0 0.6177884615384616 0.36899038461538464 0.11778846153846154 0.125
0 0.8161057692307693 0.5516826923076923 0.06009615384615385 0.057692307692307696
0 0.7055288461538461 0.5528846153846154 0.07211538461538461 0.07211538461538461
0 0.8978365384615384 0.5360576923076923 0.05048076923076923 0.04567307692307692
0 0.5216346153846154 0.5540865384615384 0.11057692307692307 0.10336538461538461
0 0.9290865384615384 0.5360576923076923 0.04567307692307692 0.04326923076923077
0 0.9723557692307693 0.5168269230769231 0.040865384615384616 0.038461538461538464
0 0.9915865384615384 0.5060096153846154 0.01201923076923077 0.036057692307692304
0 0.02283653846153846 0.8257211538461539 0.040865384615384616 0.04326923076923077
0 0.051682692307692304 0.9278846153846154 0.016826923076923076 0.019230769230769232
0 0.02283653846153846 0.9146634615384616 0.021634615384615384 0.021634615384615384
0 0.010817307692307692 0.9387019230769231 0.021634615384615384 0.026442307692307692
0 0.078125 0.9555288461538461 0.01201923076923077 0.01201923076923077
0 0.10576923076923077 0.9146634615384616 0.016826923076923076 0.016826923076923076
0 0.0985576923076923 0.9555288461538461 0.019230769230769232 0.021634615384615384
0 0.11658653846153846 0.953125 0.016826923076923076 0.016826923076923076
0 0.7463942307692307 0.8966346153846154 0.14423076923076922 0.14182692307692307
0 0.48677884615384615 0.9411057692307693 0.15625 0.11298076923076923