0 0.42427884615384615 0.23197115384615385 0.13942307692307693 0.13942307692307693
0 0.4567307692307692 0.33413461538461536 0.11538461538461539 0.1201923076923077
0 0.3401442307692308 0.28365384615384615 0.16346153846153846 0.16105769230769232
0 0.29927884615384615 0.17427884615384615 0.16826923076923078 0.17548076923076922
0 0.7632211538461539 0.2848557692307692 0.16346153846153846 0.17548076923076922
0 0.71875 0.18870192307692307 0.16346153846153846 0.18028846153846154
0 0.43028846153846156 0.9639423076923077 0.057692307692307696 0.055288461538461536
0 0.48197115384615385 0.8713942307692307 0.04567307692307692 0.04567307692307692
0 0.14182692307692307 0.9807692307692307 0.14423076923076922 0.03365384615384615
0 0.9375 0.8028846153846154 0.10817307692307693 0.10817307692307693
0 0.8689903846153846 0.9507211538461539 0.11778846153846154 0.09375
0 0.6923076923076923 0.7319711538461539 0.34615384615384615 0.3293269230769231