0 0.5997596153846154 0.23677884615384615 0.055288461538461536 0.05048076923076923
0 0.5697115384615384 0.3088942307692308 0.07692307692307693 0.07932692307692307
0 0.49759615384615385 0.27163461538461536 0.06971153846153846 0.06971153846153846
0 0.25841346153846156 0.12379807692307693 0.0985576923076923 0.0985576923076923
0 0.26322115384615385 0.328125 0.14182692307692307 0.13942307692307693
0 0.8161057692307693 0.10096153846153846 0.06009615384615385 0.06490384615384616
0 0.9026442307692307 0.05048076923076923 0.04567307692307692 0.05048076923076923
0 0.765625 0.07211538461538461 0.08173076923076923 0.0889423076923077
0 0.8954326923076923 0.515625 0.04567307692307692 0.03125
0 0.6899038461538461 0.6346153846153846 0.1201923076923077 0.23557692307692307
0 0.9807692307692307 0.5072115384615384 0.03365384615384615 0.014423076923076924
0 0.9411057692307693 0.5096153846153846 0.036057692307692304 0.019230769230769232
0 0.9855769230769231 0.609375 0.02403846153846154 0.14182692307692307