0 0.36658653846153844 0.4110576923076923 0.08413461538461539 0.09375
0 0.9507211538461539 0.49399038461538464 0.07451923076923077 0.07932692307692307
0 0.8197115384615384 0.25841346153846156 0.10817307692307693 0.12980769230769232
0 0.6923076923076923 0.046875 0.14903846153846154 0.09375
0 0.9278846153846154 0.22716346153846154 0.0985576923076923 0.10096153846153846
0 0.9759615384615384 0.39302884615384615 0.04326923076923077 0.07932692307692307
0 0.9014423076923077 0.39783653846153844 0.08413461538461539 0.09375
0 0.7560096153846154 0.006009615384615385 0.055288461538461536 0.01201923076923077
0 0.8377403846153846 0.054086538461538464 0.0985576923076923 0.10817307692307693
0 0.5444711538461539 0.8485576923076923 0.019230769230769232 0.014423076923076924
0 0.5829326923076923 0.8930288461538461 0.014423076923076924 0.009615384615384616
0 0.16826923076923078 0.84375 0.08413461538461539 0.040865384615384616
0 0.296875 0.9158653846153846 0.057692307692307696 0.040865384615384616
0 0.4483173076923077 0.8161057692307693 0.09134615384615384 0.026442307692307692
0 0.6875 0.8389423076923077 0.13942307692307693 0.19230769230769232
0 0.8846153846153846 0.6286057692307693 0.10096153846153846 0.040865384615384616