0 0.21754807692307693 0.2824519230769231 0.30528846153846156 0.1466346153846154
0 0.43149038461538464 0.2704326923076923 0.05048076923076923 0.17067307692307693
0 0.2608173076923077 0.04326923076923077 0.24278846153846154 0.08653846153846154
0 0.8617788461538461 0.09615384615384616 0.14423076923076922 0.14182692307692307
0 0.7548076923076923 0.03125 0.1346153846153846 0.0625
0 0.025240384615384616 0.8834134615384616 0.05048076923076923 0.22355769230769232
0 0.41947115384615385 0.8353365384615384 0.07451923076923077 0.0889423076923077
0 0.2536057692307692 0.6899038461538461 0.09134615384615384 0.09134615384615384
0 0.33413461538461536 0.6983173076923077 0.08413461538461539 0.08173076923076923
0 0.16706730769230768 0.6670673076923077 0.13942307692307693 0.13701923076923078
0 0.038461538461538464 0.6394230769230769 0.07692307692307693 0.16346153846153846
0 0.5985576923076923 0.6694711538461539 0.07211538461538461 0.07211538461538461
0 0.5504807692307693 0.7752403846153846 0.09375 0.09375
0 0.6334134615384616 0.9375 0.15625 0.1201923076923077