0 0.018028846153846152 0.2848557692307692 0.036057692307692304 0.06971153846153846
0 0.07451923076923077 0.3125 0.09375 0.09134615384615384
0 0.578125 0.23197115384615385 0.0985576923076923 0.19951923076923078
0 0.5288461538461539 0.4098557692307692 0.1971153846153846 0.13221153846153846
0 0.9182692307692307 0.15745192307692307 0.10336538461538461 0.0985576923076923
0 0.7175480769230769 0.27163461538461536 0.09615384615384616 0.11057692307692307
0 0.8389423076923077 0.02403846153846154 0.07211538461538461 0.04807692307692308
0 0.8245192307692307 0.22716346153846154 0.11057692307692307 0.12740384615384615
0 0.9723557692307693 0.22355769230769232 0.05048076923076923 0.17307692307692307
0 0.6706730769230769 0.07451923076923077 0.06971153846153846 0.07692307692307693
0 0.6382211538461539 0.028846153846153848 0.016826923076923076 0.057692307692307696
0 0.21514423076923078 0.7608173076923077 0.14182692307692307 0.15144230769230768
0 0.3112980769230769 0.5841346153846154 0.0889423076923077 0.09615384615384616
0 0.10697115384615384 0.9314903846153846 0.19951923076923078 0.13221153846153846
0 0.054086538461538464 0.9146634615384616 0.10817307692307693 0.1658653846153846
0 0.12620192307692307 0.7824519230769231 0.14182692307692307 0.1466346153846154
0 0.19230769230769232 0.6730769230769231 0.125 0.12259615384615384
0 0.3737980769230769 0.49038461538461536 0.06971153846153846 0.02403846153846154
0 0.8557692307692307 0.7055288461538461 0.15384615384615385 0.14903846153846154
0 0.6790865384615384 0.8317307692307693 0.0985576923076923 0.17307692307692307
0 0.8365384615384616 0.9182692307692307 0.20673076923076922 0.15865384615384615