0 0.44350961538461536 0.421875 0.04567307692307692 0.038461538461538464
0 0.45552884615384615 0.3713942307692308 0.04567307692307692 0.007211538461538462
0 0.4338942307692308 0.38221153846153844 0.05048076923076923 0.028846153846153848
0 0.4110576923076923 0.43990384615384615 0.04807692307692308 0.04807692307692308
0 0.40024038461538464 0.3786057692307692 0.06009615384615385 0.021634615384615384
0 0.3713942307692308 0.46634615384615385 0.06009615384615385 0.055288461538461536
0 0.35697115384615385 0.3858173076923077 0.07932692307692307 0.036057692307692304
0 0.3016826923076923 0.5024038461538461 0.0889423076923077 0.08413461538461539
0 0.296875 0.40865384615384615 0.10336538461538461 0.08173076923076923
0 0.46875 0.4026442307692308 0.040865384615384616 0.036057692307692304
0 0.9615384615384616 0.5588942307692307 0.07211538461538461 0.07932692307692307
0 0.9783653846153846 0.8245192307692307 0.038461538461538464 0.0673076923076923