0 0.9290865384615384 0.296875 0.13701923076923078 0.040865384615384616
0 0.8581730769230769 0.2920673076923077 0.1201923076923077 0.05048076923076923
0 0.9711538461538461 0.10697115384615384 0.052884615384615384 0.07451923076923077
0 0.8413461538461539 0.265625 0.0985576923076923 0.09615384615384616
0 0.7896634615384616 0.30528846153846156 0.12259615384615384 0.02403846153846154
0 0.9206730769230769 0.21394230769230768 0.10336538461538461 0.10096153846153846
0 0.953125 0.15625 0.08173076923076923 0.08653846153846154
0 0.3401442307692308 0.7175480769230769 0.09134615384615384 0.10336538461538461
0 0.39783653846153844 0.6586538461538461 0.0985576923076923 0.11057692307692307
0 0.33413461538461536 0.6069711538461539 0.08173076923076923 0.09375
0 0.28846153846153844 0.6526442307692307 0.08173076923076923 0.0889423076923077
0 0.2848557692307692 0.5528846153846154 0.08173076923076923 0.08653846153846154
0 0.25 0.6165865384615384 0.057692307692307696 0.0625
0 0.21634615384615385 0.5961538461538461 0.057692307692307696 0.06490384615384616
0 0.234375 0.5228365384615384 0.04326923076923077 0.04807692307692308
0 0.20072115384615385 0.5060096153846154 0.038461538461538464 0.04326923076923077
0 0.1971153846153846 0.5625 0.04807692307692308 0.05048076923076923
0 0.7920673076923077 0.33653846153846156 0.07932692307692307 0.03365384615384615
0 0.7223557692307693 0.3581730769230769 0.06971153846153846 0.0673076923076923
0 0.6826923076923077 0.5889423076923077 0.08653846153846154 0.13942307692307693
0 0.7271634615384616 0.9230769230769231 0.17548076923076922 0.14903846153846154