0 0.009615384615384616 0.14302884615384615 0.019230769230769232 0.05048076923076923
0 0.025240384615384616 0.17067307692307693 0.05048076923076923 0.0625
0 0.057692307692307696 0.21394230769230768 0.06490384615384616 0.06971153846153846
0 0.5576923076923077 0.42908653846153844 0.12259615384615384 0.14423076923076922
0 0.9483173076923077 0.09014423076923077 0.06490384615384616 0.06971153846153846
0 0.8990384615384616 0.1466346153846154 0.08173076923076923 0.09615384615384616
0 0.8173076923076923 0.23076923076923078 0.125 0.14903846153846154
0 0.19471153846153846 0.875 0.12259615384615384 0.15384615384615385
0 0.47475961538461536 0.7079326923076923 0.0889423076923077 0.07932692307692307
0 0.7247596153846154 0.8269230769230769 0.03125 0.08173076923076923
0 0.7512019230769231 0.8581730769230769 0.08413461538461539 0.08173076923076923
0 0.8233173076923077 0.7860576923076923 0.07932692307692307 0.07211538461538461
0 0.8737980769230769 0.8257211538461539 0.07932692307692307 0.07692307692307693
0 0.9375 0.7608173076923077 0.0673076923076923 0.0625
0 0.7680288461538461 0.7680288461538461 0.06971153846153846 0.0625
0 0.8425480769230769 0.7199519230769231 0.06009615384615385 0.052884615384615384
0 0.9447115384615384 0.6959134615384616 0.052884615384615384 0.04807692307692308
0 0.9026442307692307 0.6850961538461539 0.06009615384615385 0.03365384615384615
0 0.9795673076923077 0.6742788461538461 0.036057692307692304 0.01201923076923077
0 0.9795673076923077 0.7151442307692307 0.036057692307692304 0.055288461538461536
0 0.8846153846153846 0.7283653846153846 0.0673076923076923 0.0673076923076923