0 0.0889423076923077 0.14543269230769232 0.05048076923076923 0.05048076923076923
0 0.12379807692307693 0.15504807692307693 0.052884615384615384 0.052884615384615384
0 0.0829326923076923 0.203125 0.04567307692307692 0.04567307692307692
0 0.16346153846153846 0.18028846153846154 0.07932692307692307 0.07932692307692307
0 0.11538461538461539 0.23076923076923078 0.06490384615384616 0.06490384615384616
0 0.23076923076923078 0.20552884615384615 0.0985576923076923 0.0985576923076923
0 0.17908653846153846 0.2668269230769231 0.09615384615384616 0.09615384615384616
0 0.36538461538461536 0.24759615384615385 0.14903846153846154 0.14903846153846154
0 0.35697115384615385 0.3112980769230769 0.15625 0.0889423076923077
0 0.09014423076923077 0.021634615384615384 0.04567307692307692 0.04326923076923077
0 0.6213942307692307 0.2439903846153846 0.12740384615384615 0.15625
0 0.6730769230769231 0.037259615384615384 0.16826923076923078 0.07451923076923077
0 0.08653846153846154 0.5024038461538461 0.17307692307692307 0.28846153846153844
0 0.18870192307692307 0.8088942307692307 0.37740384615384615 0.37740384615384615
0 0.8149038461538461 0.65625 0.17548076923076922 0.1778846153846154
0 0.6418269230769231 0.8774038461538461 0.16826923076923078 0.21634615384615385