0 0.23677884615384615 0.25240384615384615 0.15144230769230768 0.14903846153846154
0 0.46274038461538464 0.38461538461538464 0.16105769230769232 0.0625
0 0.6550480769230769 0.06129807692307692 0.04807692307692308 0.04567307692307692
0 0.8377403846153846 0.030048076923076924 0.11298076923076923 0.06009615384615385
0 0.6213942307692307 0.0829326923076923 0.05048076923076923 0.05048076923076923
0 0.5985576923076923 0.0985576923076923 0.019230769230769232 0.052884615384615384
0 0.7584134615384616 0.036057692307692304 0.0889423076923077 0.07211538461538461
0 0.7103365384615384 0.05048076923076923 0.07932692307692307 0.08413461538461539
0 0.4266826923076923 0.7728365384615384 0.1346153846153846 0.14423076923076922
0 0.5432692307692307 0.7716346153846154 0.08653846153846154 0.14903846153846154
0 0.43028846153846156 0.9098557692307693 0.13221153846153846 0.15384615384615385
0 0.5384615384615384 0.8882211538461539 0.09615384615384616 0.11778846153846154
0 0.4423076923076923 0.9771634615384616 0.07692307692307693 0.040865384615384616
0 0.3557692307692308 0.9759615384615384 0.08173076923076923 0.04326923076923077
0 0.5300480769230769 0.9639423076923077 0.0889423076923077 0.0673076923076923
0 0.6646634615384616 0.96875 0.15144230769230768 0.057692307692307696
0 0.9014423076923077 0.9110576923076923 0.19230769230769232 0.17307692307692307