0 0.051682692307692304 0.07572115384615384 0.10096153846153846 0.10576923076923077
0 0.039663461538461536 0.021634615384615384 0.07932692307692307 0.04326923076923077
0 0.4483173076923077 0.3233173076923077 0.11778846153846154 0.1658653846153846
0 0.8221153846153846 0.22956730769230768 0.08173076923076923 0.08413461538461539
0 0.7391826923076923 0.25721153846153844 0.10096153846153846 0.10096153846153846
0 0.5889423076923077 0.24879807692307693 0.13701923076923078 0.13221153846153846
0 0.9759615384615384 0.21875 0.04326923076923077 0.052884615384615384
0 0.2548076923076923 0.7487980769230769 0.125 0.1466346153846154
0 0.3629807692307692 0.8509615384615384 0.16105769230769232 0.16346153846153846
0 0.12259615384615384 0.703125 0.1201923076923077 0.13942307692307693
0 0.5661057692307693 0.9038461538461539 0.11298076923076923 0.1875
0 0.7067307692307693 0.8942307692307693 0.12259615384615384 0.1201923076923077
0 0.8100961538461539 0.8569711538461539 0.10096153846153846 0.10817307692307693
0 0.8701923076923077 0.8413461538461539 0.07932692307692307 0.0889423076923077
0 0.9903846153846154 0.8028846153846154 0.014423076923076924 0.038461538461538464
0 0.9735576923076923 0.7776442307692307 0.04807692307692308 0.05048076923076923