0 0.3016826923076923 0.47115384615384615 0.15625 0.15865384615384615
0 0.3918269230769231 0.4807692307692308 0.12980769230769232 0.15865384615384615
0 0.2920673076923077 0.5661057692307693 0.21875 0.07932692307692307
0 0.22596153846153846 0.5192307692307693 0.14423076923076922 0.14423076923076922
0 0.2439903846153846 0.3894230769230769 0.11057692307692307 0.11057692307692307
0 0.32091346153846156 0.27403846153846156 0.0985576923076923 0.0985576923076923
0 0.328125 0.06370192307692307 0.055288461538461536 0.055288461538461536
0 0.32211538461538464 0.18509615384615385 0.08653846153846154 0.0889423076923077
0 0.4375 0.036057692307692304 0.038461538461538464 0.0625
0 0.32572115384615385 0.12620192307692307 0.06490384615384616 0.06490384615384616
0 0.2548076923076923 0.28966346153846156 0.08653846153846154 0.08653846153846154
0 0.328125 0.015625 0.05048076923076923 0.03125
0 0.9038461538461539 0.38461538461538464 0.1875 0.3317307692307692
0 0.6514423076923077 0.390625 0.2548076923076923 0.25721153846153844
0 0.734375 0.4170673076923077 0.07932692307692307 0.07692307692307693
0 0.48197115384615385 0.3870192307692308 0.04567307692307692 0.1778846153846154
0 0.26802884615384615 0.8629807692307693 0.10817307692307693 0.10336538461538461
0 0.20192307692307693 0.9639423076923077 0.16346153846153846 0.0673076923076923
0 0.296875 0.9302884615384616 0.19951923076923078 0.1346153846153846
0 0.7716346153846154 0.78125 0.15865384615384615 0.16346153846153846