0 0.01201923076923077 0.22596153846153846 0.02403846153846154 0.10096153846153846
0 0.016826923076923076 0.2848557692307692 0.03365384615384615 0.07932692307692307
0 0.05889423076923077 0.37259615384615385 0.05048076923076923 0.028846153846153848
0 0.8305288461538461 0.07572115384615384 0.0985576923076923 0.10336538461538461
0 0.6586538461538461 0.234375 0.10576923076923077 0.11298076923076923
0 0.9771634615384616 0.03485576923076923 0.040865384615384616 0.06971153846153846
0 0.19110576923076922 0.7848557692307693 0.18990384615384615 0.2283653846153846
0 0.8533653846153846 0.7728365384615384 0.06971153846153846 0.07451923076923077
0 0.8257211538461539 0.796875 0.06009615384615385 0.0625
0 0.7992788461538461 0.6995192307692307 0.052884615384615384 0.0625
0 0.7644230769230769 0.7524038461538461 0.07692307692307693 0.08413461538461539
0 0.8221153846153846 0.5649038461538461 0.07211538461538461 0.07932692307692307
0 0.7920673076923077 0.6057692307692307 0.07692307692307693 0.08653846153846154
0 0.7463942307692307 0.6298076923076923 0.036057692307692304 0.03125
0 0.8088942307692307 0.42908653846153844 0.10336538461538461 0.07932692307692307
0 0.7127403846153846 0.5456730769230769 0.0985576923076923 0.11057692307692307
0 0.7475961538461539 0.41225961538461536 0.125 0.04567307692307692
0 0.8641826923076923 0.8882211538461539 0.04326923076923077 0.05048076923076923