0 0.8786057692307693 0.10096153846153846 0.06009615384615385 0.055288461538461536
0 0.5360576923076923 0.22355769230769232 0.13942307692307693 0.12980769230769232
0 0.46033653846153844 0.055288461538461536 0.14182692307692307 0.11057692307692307
0 0.9026442307692307 0.027644230769230768 0.04567307692307692 0.04326923076923077
0 0.9759615384615384 0.02283653846153846 0.03365384615384615 0.03125
0 0.7980769230769231 0.08173076923076923 0.07932692307692307 0.07451923076923077
0 0.9483173076923077 0.01201923076923077 0.040865384615384616 0.02403846153846154
0 0.9915865384615384 0.01201923076923077 0.01201923076923077 0.02403846153846154
0 0.16466346153846154 0.7367788461538461 0.23557692307692307 0.24519230769230768
0 0.2980769230769231 0.9170673076923077 0.1778846153846154 0.16105769230769232
0 0.038461538461538464 0.7487980769230769 0.07692307692307693 0.19471153846153846
0 0.8052884615384616 0.9519230769230769 0.125 0.09134615384615384
0 0.5901442307692307 0.7415865384615384 0.16826923076923078 0.16826923076923078
0 0.7127403846153846 0.8401442307692307 0.27163461538461536 0.25