0 0.6418269230769231 0.4795673076923077 0.08653846153846154 0.08653846153846154
0 0.5925480769230769 0.43149038461538464 0.1466346153846154 0.1658653846153846
0 0.5961538461538461 0.19471153846153846 0.15384615384615385 0.19230769230769232
0 0.19110576923076922 0.7908653846153846 0.16826923076923078 0.16826923076923078
0 0.125 0.9663461538461539 0.09134615384615384 0.0625
0 0.0829326923076923 0.8521634615384616 0.1201923076923077 0.1201923076923077
0 0.1935096153846154 0.9122596153846154 0.11298076923076923 0.11298076923076923
0 0.18629807692307693 0.9699519230769231 0.09375 0.055288461538461536
0 0.07451923076923077 0.7103365384615384 0.14903846153846154 0.16105769230769232
0 0.8509615384615384 0.9795673076923077 0.1971153846153846 0.036057692307692304
0 0.8725961538461539 0.8677884615384616 0.24759615384615385 0.23798076923076922
0 0.5504807692307693 0.7091346153846154 0.0625 0.1971153846153846