0 0.4338942307692308 0.3473557692307692 0.11298076923076923 0.07932692307692307
0 0.6442307692307693 0.10817307692307693 0.3173076923076923 0.21634615384615385
0 0.38341346153846156 0.20192307692307693 0.0889423076923077 0.1346153846153846
0 0.3629807692307692 0.27163461538461536 0.04807692307692308 0.10576923076923077
0 0.36778846153846156 0.8112980769230769 0.057692307692307696 0.06009615384615385
0 0.6322115384615384 0.5709134615384616 0.13221153846153846 0.13701923076923078
0 0.9110576923076923 0.7740384615384616 0.17307692307692307 0.23076923076923078
0 0.3701923076923077 0.5709134615384616 0.0625 0.07451923076923077
0 0.5252403846153846 0.8185096153846154 0.07211538461538461 0.07451923076923077
0 0.7211538461538461 0.4423076923076923 0.1875 0.10576923076923077
0 0.46274038461538464 0.7788461538461539 0.08653846153846154 0.0889423076923077
0 0.3605769230769231 0.65625 0.04326923076923077 0.052884615384615384