0 0.18389423076923078 0.2764423076923077 0.07932692307692307 0.08653846153846154
0 0.13701923076923078 0.234375 0.07451923076923077 0.07932692307692307
0 0.09134615384615384 0.21875 0.055288461538461536 0.06009615384615385
0 0.06009615384615385 0.19591346153846154 0.038461538461538464 0.040865384615384616
0 0.037259615384615384 0.19831730769230768 0.02403846153846154 0.02403846153846154
0 0.5625 0.4206730769230769 0.10576923076923077 0.15384615384615385
0 0.65625 0.006009615384615385 0.038461538461538464 0.01201923076923077
0 0.6262019230769231 0.1971153846153846 0.08653846153846154 0.10336538461538461
0 0.6790865384615384 0.375 0.13221153846153846 0.16826923076923078
0 0.65625 0.04927884615384615 0.04807692307692308 0.057692307692307696
0 0.6454326923076923 0.1045673076923077 0.055288461538461536 0.06490384615384616
0 0.07451923076923077 0.8209134615384616 0.02403846153846154 0.028846153846153848
0 0.054086538461538464 0.7692307692307693 0.021634615384615384 0.02403846153846154
0 0.30649038461538464 0.9591346153846154 0.07451923076923077 0.07932692307692307
0 0.11899038461538461 0.765625 0.021634615384615384 0.028846153846153848
0 0.12860576923076922 0.7367788461538461 0.055288461538461536 0.06009615384615385
0 0.7980769230769231 0.9651442307692307 0.10576923076923077 0.06490384615384616
0 0.8689903846153846 0.7536057692307693 0.057692307692307696 0.057692307692307696
0 0.8389423076923077 0.8581730769230769 0.08173076923076923 0.08413461538461539
0 0.8473557692307693 0.8028846153846154 0.057692307692307696 0.057692307692307696
0 0.8774038461538461 0.7067307692307693 0.055288461538461536 0.052884615384615384
0 0.8942307692307693 0.6394230769230769 0.040865384615384616 0.038461538461538464
0 0.8858173076923077 0.6766826923076923 0.057692307692307696 0.057692307692307696