0 0.38822115384615385 0.17307692307692307 0.0673076923076923 0.08173076923076923
0 0.2848557692307692 0.31850961538461536 0.09134615384615384 0.09134615384615384
0 0.41225961538461536 0.4651442307692308 0.11298076923076923 0.125
0 0.12259615384615384 0.515625 0.13942307692307693 0.06009615384615385
0 0.38461538461538464 0.07932692307692307 0.028846153846153848 0.03125
0 0.34134615384615385 0.14182692307692307 0.04326923076923077 0.052884615384615384
0 0.8389423076923077 0.052884615384615384 0.016826923076923076 0.021634615384615384
0 0.8786057692307693 0.010817307692307692 0.01201923076923077 0.014423076923076924
0 0.8725961538461539 0.42788461538461536 0.04807692307692308 0.0889423076923077
0 0.9314903846153846 0.2920673076923077 0.04807692307692308 0.0625
0 0.8161057692307693 0.15264423076923078 0.036057692307692304 0.09375
0 0.10697115384615384 0.6057692307692307 0.0985576923076923 0.11538461538461539
0 0.5637019230769231 0.7788461538461539 0.09375 0.0889423076923077
0 0.6802884615384616 0.6802884615384616 0.06971153846153846 0.0673076923076923
0 0.7836538461538461 0.7512019230769231 0.06009615384615385 0.06490384615384616
0 0.5168269230769231 0.7776442307692307 0.057692307692307696 0.08413461538461539
0 0.6045673076923077 0.7103365384615384 0.06490384615384616 0.06009615384615385
0 0.6370192307692307 0.7271634615384616 0.08173076923076923 0.07451923076923077
0 0.9110576923076923 0.8798076923076923 0.17307692307692307 0.23076923076923078
0 0.8401442307692307 0.6105769230769231 0.036057692307692304 0.03365384615384615