0 0.057692307692307696 0.3737980769230769 0.11538461538461539 0.10336538461538461
0 0.06850961538461539 0.05889423076923077 0.13701923076923078 0.11778846153846154
0 0.15144230769230768 0.3942307692307692 0.1346153846153846 0.0625
0 0.1778846153846154 0.13701923076923078 0.3173076923076923 0.27403846153846156
0 0.7259615384615384 0.27403846153846156 0.15865384615384615 0.16105769230769232
0 0.7211538461538461 0.3605769230769231 0.11778846153846154 0.1201923076923077
0 0.671875 0.38221153846153844 0.10336538461538461 0.08653846153846154
0 0.765625 0.3918269230769231 0.12259615384615384 0.0673076923076923
0 0.5997596153846154 0.328125 0.10576923076923077 0.10817307692307693
0 0.5456730769230769 0.3125 0.07211538461538461 0.09134615384615384
0 0.1814903846153846 0.5721153846153846 0.20432692307692307 0.20432692307692307
0 0.12259615384615384 0.7463942307692307 0.18509615384615385 0.18509615384615385