0 0.5949519230769231 0.057692307692307696 0.11298076923076923 0.11538461538461539
0 0.7752403846153846 0.026442307692307692 0.09375 0.052884615384615384
0 0.6322115384615384 0.014423076923076924 0.12980769230769232 0.028846153846153848
0 0.90625 0.008413461538461538 0.07211538461538461 0.016826923076923076
0 0.41225961538461536 0.7932692307692307 0.1778846153846154 0.18509615384615385
0 0.6418269230769231 0.5889423076923077 0.12259615384615384 0.11298076923076923
0 0.6754807692307693 0.6454326923076923 0.11538461538461539 0.10817307692307693
0 0.7800480769230769 0.6237980769230769 0.0985576923076923 0.09615384615384616
0 0.8028846153846154 0.6838942307692307 0.0985576923076923 0.0985576923076923
0 0.8918269230769231 0.6610576923076923 0.08653846153846154 0.08413461538461539
0 0.7415865384615384 0.5793269230769231 0.08653846153846154 0.08413461538461539
0 0.8305288461538461 0.5769230769230769 0.07451923076923077 0.07211538461538461
0 0.9302884615384616 0.609375 0.06490384615384616 0.06490384615384616
0 0.9627403846153846 0.5625 0.06971153846153846 0.08173076923076923
0 0.90625 0.5673076923076923 0.07451923076923077 0.07211538461538461
0 0.9771634615384616 0.5949519230769231 0.040865384615384616 0.06009615384615385
0 0.9591346153846154 0.6478365384615384 0.06971153846153846 0.06971153846153846
0 0.8617788461538461 0.6057692307692307 0.0889423076923077 0.0889423076923077