0 0.4230769230769231 0.08052884615384616 0.2980769230769231 0.16105769230769232
0 0.7740384615384616 0.11177884615384616 0.11057692307692307 0.22355769230769232
0 0.021634615384615384 0.3954326923076923 0.04326923076923077 0.18028846153846154
0 0.11057692307692307 0.5492788461538461 0.15144230769230768 0.1466346153846154
0 0.07572115384615384 0.6478365384615384 0.14903846153846154 0.14423076923076922
0 0.030048076923076924 0.4963942307692308 0.06009615384615385 0.20432692307692307
0 0.6550480769230769 0.7295673076923077 0.026442307692307692 0.028846153846153848
0 0.08533653846153846 0.46274038461538464 0.13942307692307693 0.13221153846153846
0 0.20432692307692307 0.5144230769230769 0.10096153846153846 0.10576923076923077
0 0.296875 0.6189903846153846 0.09375 0.09134615384615384
0 0.49759615384615385 0.6802884615384616 0.05048076923076923 0.05048076923076923
0 0.38221153846153844 0.6430288461538461 0.08653846153846154 0.08173076923076923
0 0.49278846153846156 0.8028846153846154 0.057692307692307696 0.055288461538461536
0 0.4387019230769231 0.6610576923076923 0.0625 0.06009615384615385
0 0.2980769230769231 0.5504807692307693 0.08173076923076923 0.08173076923076923
0 0.6550480769230769 0.8293269230769231 0.040865384615384616 0.038461538461538464
0 0.5528846153846154 0.6935096153846154 0.04567307692307692 0.04567307692307692
0 0.8954326923076923 0.8641826923076923 0.1466346153846154 0.1346153846153846