0 0.11177884615384616 0.16947115384615385 0.12980769230769232 0.11778846153846154
0 0.8197115384615384 0.0985576923076923 0.09615384615384616 0.0985576923076923
0 0.6646634615384616 0.21754807692307693 0.10336538461538461 0.10336538461538461
0 0.6382211538461539 0.4639423076923077 0.16105769230769232 0.125
0 0.53125 0.4495192307692308 0.1346153846153846 0.1346153846153846
0 0.5757211538461539 0.2776442307692308 0.0985576923076923 0.10096153846153846
0 0.6165865384615384 0.09375 0.052884615384615384 0.055288461538461536
0 0.6490384615384616 0.3245192307692308 0.11778846153846154 0.12259615384615384
0 0.6334134615384616 0.015625 0.036057692307692304 0.03125
0 0.9002403846153846 0.4651442307692308 0.19471153846153846 0.12259615384615384
0 0.6129807692307693 0.14783653846153846 0.06009615384615385 0.0625
0 0.6274038461538461 0.039663461538461536 0.04567307692307692 0.05048076923076923
0 0.02283653846153846 0.7067307692307693 0.04567307692307692 0.16346153846153846
0 0.7115384615384616 0.7475961538461539 0.2283653846153846 0.21394230769230768
0 0.4230769230769231 0.8305288461538461 0.028846153846153848 0.13221153846153846
0 0.49399038461538464 0.7980769230769231 0.17067307692307693 0.19230769230769232