0 0.014423076923076924 0.0673076923076923 0.028846153846153848 0.0625
0 0.9399038461538461 0.2644230769230769 0.11538461538461539 0.28846153846153844
0 0.8233173076923077 0.0985576923076923 0.22355769230769232 0.1971153846153846
0 0.025240384615384616 0.6069711538461539 0.05048076923076923 0.14182692307692307
0 0.22115384615384615 0.6045673076923077 0.09615384615384616 0.09615384615384616
0 0.13701923076923078 0.5877403846153846 0.09375 0.0985576923076923
0 0.11538461538461539 0.5036057692307693 0.08653846153846154 0.08653846153846154
0 0.09975961538461539 0.4699519230769231 0.06009615384615385 0.040865384615384616
0 0.8725961538461539 0.6766826923076923 0.18990384615384615 0.19230769230769232
0 0.9158653846153846 0.6682692307692307 0.16346153846153846 0.3605769230769231
0 0.7692307692307693 0.5516826923076923 0.13942307692307693 0.13942307692307693
0 0.7872596153846154 0.484375 0.10336538461538461 0.06971153846153846
0 0.6754807692307693 0.4639423076923077 0.10096153846153846 0.028846153846153848