0 0.3233173076923077 0.046875 0.17548076923076922 0.09375
0 0.3329326923076923 0.2704326923076923 0.16346153846153846 0.16826923076923078
0 0.40384615384615385 0.07932692307692307 0.125 0.12980769230769232
0 0.2091346153846154 0.13701923076923078 0.3269230769230769 0.27403846153846156
0 0.21634615384615385 0.47596153846153844 0.1466346153846154 0.14903846153846154
0 0.25600961538461536 0.5216346153846154 0.09375 0.0985576923076923
0 0.7740384615384616 0.10697115384615384 0.1778846153846154 0.17307692307692307
0 0.8569711538461539 0.5612980769230769 0.055288461538461536 0.05048076923076923
0 0.3473557692307692 0.8882211538461539 0.13701923076923078 0.13701923076923078
0 0.039663461538461536 0.7331730769230769 0.07932692307692307 0.28846153846153844
0 0.09735576923076923 0.7836538461538461 0.19471153846153846 0.3125
0 0.06850961538461539 0.9819711538461539 0.12259615384615384 0.03125
0 0.8665865384615384 0.6526442307692307 0.2620192307692308 0.12740384615384615
0 0.8894230769230769 0.9158653846153846 0.15144230769230768 0.15384615384615385
0 0.9471153846153846 0.9290865384615384 0.10096153846153846 0.14182692307692307
0 0.6550480769230769 0.8509615384615384 0.37259615384615385 0.2932692307692308