0 0.2956730769230769 0.13701923076923078 0.014423076923076924 0.03365384615384615
0 0.7319711538461539 0.28365384615384615 0.11298076923076923 0.10576923076923077
0 0.5204326923076923 0.2608173076923077 0.06971153846153846 0.07211538461538461
0 0.39302884615384615 0.16947115384615385 0.12259615384615384 0.09615384615384616
0 0.04447115384615385 0.6706730769230769 0.0673076923076923 0.06490384615384616
0 0.10697115384615384 0.7043269230769231 0.0673076923076923 0.0673076923076923
0 0.15865384615384615 0.7896634615384616 0.08653846153846154 0.08653846153846154
0 0.1814903846153846 0.7295673076923077 0.09134615384615384 0.09134615384615384
0 0.2439903846153846 0.8293269230769231 0.08413461538461539 0.09615384615384616
0 0.2608173076923077 0.78125 0.05048076923076923 0.1201923076923077
0 0.7247596153846154 0.8858173076923077 0.125 0.1201923076923077
0 0.90625 0.9278846153846154 0.1778846153846154 0.13942307692307693
0 0.390625 0.7487980769230769 0.040865384615384616 0.04326923076923077
0 0.4230769230769231 0.7620192307692307 0.05048076923076923 0.05048076923076923
0 0.5396634615384616 0.8088942307692307 0.08653846153846154 0.08653846153846154
0 0.46875 0.7800480769230769 0.055288461538461536 0.055288461538461536
0 0.36538461538461536 0.7307692307692307 0.036057692307692304 0.03365384615384615
0 0.3329326923076923 0.7331730769230769 0.055288461538461536 0.055288461538461536
0 0.6322115384615384 0.8473557692307693 0.11298076923076923 0.10576923076923077