0 0.328125 0.09134615384615384 0.12740384615384615 0.12980769230769232
0 0.38221153846153844 0.23557692307692307 0.14903846153846154 0.14903846153846154
0 0.4495192307692308 0.15865384615384615 0.08653846153846154 0.0889423076923077
0 0.4326923076923077 0.109375 0.08653846153846154 0.08653846153846154
0 0.4963942307692308 0.14182692307692307 0.06490384615384616 0.06490384615384616
0 0.28846153846153844 0.05048076923076923 0.12980769230769232 0.10096153846153846
0 0.9507211538461539 0.016826923076923076 0.05048076923076923 0.03365384615384615
0 0.8762019230769231 0.007211538461538462 0.06009615384615385 0.014423076923076924
0 0.9915865384615384 0.021634615384615384 0.01201923076923077 0.03365384615384615
0 0.11177884615384616 0.7908653846153846 0.22355769230769232 0.3269230769230769
0 0.46875 0.7740384615384616 0.15384615384615385 0.15625
0 0.9747596153846154 0.8509615384615384 0.04567307692307692 0.125
0 0.9711538461538461 0.7908653846153846 0.052884615384615384 0.10576923076923077
0 0.9831730769230769 0.7391826923076923 0.028846153846153848 0.09375
0 0.9242788461538461 0.7163461538461539 0.11057692307692307 0.11298076923076923