0 0.22716346153846154 0.14903846153846154 0.06971153846153846 0.0673076923076923
0 0.30528846153846156 0.5264423076923077 0.22115384615384615 0.1201923076923077
0 0.15625 0.2127403846153846 0.05048076923076923 0.05048076923076923
0 0.07692307692307693 0.018028846153846152 0.04326923076923077 0.036057692307692304
0 0.10216346153846154 0.20432692307692307 0.06971153846153846 0.0673076923076923
0 0.11778846153846154 0.01201923076923077 0.04326923076923077 0.02403846153846154
0 0.15985576923076922 0.025240384615384616 0.055288461538461536 0.05048076923076923
0 0.5060096153846154 0.24759615384615385 0.13221153846153846 0.20673076923076922
0 0.6430288461538461 0.3293269230769231 0.3557692307692308 0.35336538461538464
0 0.7091346153846154 0.1971153846153846 0.31490384615384615 0.31971153846153844
0 0.7620192307692307 0.08173076923076923 0.2548076923076923 0.16346153846153846
0 0.20432692307692307 0.6298076923076923 0.1201923076923077 0.08173076923076923
0 0.6838942307692307 0.6298076923076923 0.16105769230769232 0.08173076923076923
0 0.6057692307692307 0.8545673076923077 0.28846153846153844 0.2860576923076923
0 0.7019230769230769 0.84375 0.2980769230769231 0.3004807692307692
0 0.5588942307692307 0.78125 0.23798076923076922 0.27884615384615385