0 0.4639423076923077 0.17668269230769232 0.3125 0.32211538461538464
0 0.1814903846153846 0.3329326923076923 0.14182692307692307 0.12740384615384615
0 0.15865384615384615 0.375 0.11057692307692307 0.04326923076923077
0 0.05048076923076923 0.0829326923076923 0.10096153846153846 0.12740384615384615
0 0.75 0.0829326923076923 0.2403846153846154 0.1658653846153846
0 0.8990384615384616 0.31009615384615385 0.1778846153846154 0.17307692307692307
0 0.7800480769230769 0.3762019230769231 0.18509615384615385 0.040865384615384616
0 0.025240384615384616 0.6225961538461539 0.05048076923076923 0.07211538461538461
0 0.5528846153846154 0.6382211538461539 0.14903846153846154 0.47836538461538464
0 0.43149038461538464 0.46875 0.24759615384615385 0.13942307692307693
0 0.009615384615384616 0.6658653846153846 0.019230769230769232 0.08653846153846154
0 0.9122596153846154 0.6274038461538461 0.15144230769230768 0.1658653846153846
0 0.8653846153846154 0.7548076923076923 0.13221153846153846 0.14182692307692307
0 0.7115384615384616 0.8064903846153846 0.07692307692307693 0.08653846153846154