0 0.11057692307692307 0.3798076923076923 0.10096153846153846 0.0985576923076923
0 0.7271634615384616 0.6598557692307693 0.09375 0.09615384615384616
0 0.8473557692307693 0.6057692307692307 0.13701923076923078 0.14903846153846154
0 0.7319711538461539 0.6959134615384616 0.07932692307692307 0.021634615384615384
0 0.7283653846153846 0.5384615384615384 0.125 0.12740384615384615
0 0.8209134615384616 0.6790865384615384 0.0889423076923077 0.055288461538461536
0 0.0673076923076923 0.9555288461538461 0.1346153846153846 0.08413461538461539
0 0.18870192307692307 0.9158653846153846 0.12259615384615384 0.12740384615384615
0 0.03365384615384615 0.859375 0.0673076923076923 0.09375
0 0.1141826923076923 0.9447115384615384 0.09615384615384616 0.09615384615384616
0 0.13701923076923078 0.9771634615384616 0.08173076923076923 0.040865384615384616
0 0.09495192307692307 0.8545673076923077 0.10336538461538461 0.10336538461538461