0 0.27884615384615385 0.4362980769230769 0.04807692307692308 0.04807692307692308
0 0.28966346153846156 0.23076923076923078 0.055288461538461536 0.0625
0 0.21634615384615385 0.15144230769230768 0.08413461538461539 0.10096153846153846
0 0.18509615384615385 0.23557692307692307 0.08413461538461539 0.08653846153846154
0 0.25600961538461536 0.0829326923076923 0.08413461538461539 0.09615384615384616
0 0.12980769230769232 0.11177884615384616 0.125 0.12740384615384615
0 0.3425480769230769 0.4951923076923077 0.021634615384615384 0.02403846153846154
0 0.24639423076923078 0.24158653846153846 0.06490384615384616 0.07211538461538461
0 0.33413461538461536 0.46153846153846156 0.021634615384615384 0.02403846153846154
0 0.2980769230769231 0.39663461538461536 0.038461538461538464 0.04326923076923077
0 0.21634615384615385 0.30528846153846156 0.07451923076923077 0.07692307692307693
0 0.34375 0.5540865384615384 0.02403846153846154 0.021634615384615384
0 0.08413461538461539 0.038461538461538464 0.16826923076923078 0.07692307692307693
0 0.25 0.36658653846153844 0.06009615384615385 0.06009615384615385
0 0.17548076923076922 0.039663461538461536 0.14903846153846154 0.07932692307692307
0 0.359375 0.5360576923076923 0.016826923076923076 0.016826923076923076
0 0.7283653846153846 0.44350961538461536 0.06971153846153846 0.04807692307692308
0 0.5432692307692307 0.0985576923076923 0.08653846153846154 0.14903846153846154
0 0.7644230769230769 0.3545673076923077 0.04807692307692308 0.038461538461538464
0 0.9230769230769231 0.4987980769230769 0.04326923076923077 0.028846153846153848
0 0.8161057692307693 0.3389423076923077 0.06490384615384616 0.052884615384615384
0 0.890625 0.5276442307692307 0.038461538461538464 0.03125
0 0.84375 0.5276442307692307 0.05048076923076923 0.040865384615384616
0 0.7644230769230769 0.8497596153846154 0.08653846153846154 0.0673076923076923
0 0.6129807692307693 0.7067307692307693 0.1466346153846154 0.11298076923076923
0 0.7007211538461539 0.7848557692307693 0.10336538461538461 0.08413461538461539
0 0.7403846153846154 0.9338942307692307 0.08413461538461539 0.06009615384615385