0 0.39903846153846156 0.2776442307692308 0.052884615384615384 0.15144230769230768
0 0.09615384615384616 0.1935096153846154 0.0673076923076923 0.0673076923076923
0 0.3125 0.6778846153846154 0.10576923076923077 0.0985576923076923
0 0.2764423076923077 0.7307692307692307 0.08173076923076923 0.0889423076923077
0 0.22956730769230768 0.6394230769230769 0.07932692307692307 0.09375
0 0.1935096153846154 0.5540865384615384 0.0625 0.06490384615384616
0 0.2247596153846154 0.7451923076923077 0.06971153846153846 0.08173076923076923
0 0.20552884615384615 0.5252403846153846 0.036057692307692304 0.040865384615384616
0 0.26322115384615385 0.8317307692307693 0.09134615384615384 0.09375
0 0.20192307692307693 0.6790865384615384 0.06490384615384616 0.07451923076923077
0 0.27163461538461536 0.5901442307692307 0.07692307692307693 0.07932692307692307
0 0.2439903846153846 0.5384615384615384 0.06971153846153846 0.07211538461538461
0 0.21394230769230768 0.49399038461538464 0.0625 0.05048076923076923
0 0.16466346153846154 0.49759615384615385 0.055288461538461536 0.057692307692307696
0 0.17668269230769232 0.5973557692307693 0.055288461538461536 0.06009615384615385
0 0.5276442307692307 0.5024038461538461 0.19951923076923078 0.0673076923076923