0 0.02403846153846154 0.6622596153846154 0.04807692307692308 0.11778846153846154
0 0.05048076923076923 0.5564903846153846 0.10096153846153846 0.19471153846153846
0 0.22716346153846154 0.5901442307692307 0.2620192307692308 0.29086538461538464
0 0.9699519230769231 0.47836538461538464 0.055288461538461536 0.17307692307692307
0 0.8521634615384616 0.41346153846153844 0.125 0.10817307692307693
0 0.7704326923076923 0.3581730769230769 0.10336538461538461 0.09134615384615384
0 0.609375 0.18389423076923078 0.06009615384615385 0.055288461538461536
0 0.22355769230769232 0.9302884615384616 0.040865384615384616 0.040865384615384616
0 0.5180288461538461 0.9122596153846154 0.11298076923076923 0.09615384615384616
0 0.3918269230769231 0.8882211538461539 0.08173076923076923 0.07692307692307693
0 0.9711538461538461 0.8425480769230769 0.052884615384615384 0.18028846153846154