0 0.23557692307692307 0.35096153846153844 0.1201923076923077 0.17307692307692307
0 0.24158653846153846 0.4495192307692308 0.10817307692307693 0.11538461538461539
0 0.7019230769230769 0.30649038461538464 0.10817307692307693 0.11298076923076923
0 0.8112980769230769 0.36778846153846156 0.07932692307692307 0.07932692307692307
0 0.8774038461538461 0.3954326923076923 0.04326923076923077 0.04326923076923077
0 0.8509615384615384 0.38822115384615385 0.04326923076923077 0.04326923076923077
0 0.7584134615384616 0.3317307692307692 0.07932692307692307 0.08173076923076923
0 0.9314903846153846 0.42788461538461536 0.03365384615384615 0.03365384615384615
0 0.9206730769230769 0.4230769230769231 0.03365384615384615 0.03365384615384615
0 0.9014423076923077 0.4074519230769231 0.04326923076923077 0.04326923076923077
0 0.9651442307692307 0.4483173076923077 0.026442307692307692 0.026442307692307692
0 0.9783653846153846 0.4567307692307692 0.026442307692307692 0.026442307692307692
0 0.9927884615384616 0.4879807692307692 0.009615384615384616 0.019230769230769232
0 0.8665865384615384 0.9435096153846154 0.10817307692307693 0.10817307692307693
0 0.5649038461538461 0.6995192307692307 0.1971153846153846 0.21153846153846154