0 0.4014423076923077 0.5733173076923077 0.2091346153846154 0.21875
0 0.18990384615384615 0.3076923076923077 0.13701923076923078 0.11778846153846154
0 0.21754807692307693 0.5769230769230769 0.21394230769230768 0.22355769230769232
0 0.055288461538461536 0.25600961538461536 0.10817307692307693 0.1201923076923077
0 0.07211538461538461 0.15504807692307693 0.09134615384615384 0.08653846153846154
0 0.10697115384615384 0.35697115384615385 0.18509615384615385 0.18028846153846154
0 0.11658653846153846 0.0625 0.028846153846153848 0.038461538461538464
0 0.6057692307692307 0.23076923076923078 0.052884615384615384 0.08173076923076923
0 0.7139423076923077 0.2127403846153846 0.06971153846153846 0.0625
0 0.796875 0.35096153846153844 0.0889423076923077 0.08653846153846154
0 0.6274038461538461 0.27163461538461536 0.09134615384615384 0.07932692307692307
0 0.9951923076923077 0.1814903846153846 0.004807692307692308 0.026442307692307692
0 0.9290865384615384 0.17668269230769232 0.03125 0.03365384615384615
0 0.9579326923076923 0.9326923076923077 0.07932692307692307 0.12980769230769232
0 0.9627403846153846 0.8149038461538461 0.06971153846153846 0.13942307692307693
0 0.7584134615384616 0.8449519230769231 0.2283653846153846 0.2283653846153846