0 0.20793269230769232 0.5012019230769231 0.055288461538461536 0.055288461538461536
0 0.32091346153846156 0.328125 0.0673076923076923 0.0673076923076923
0 0.2980769230769231 0.22235576923076922 0.10817307692307693 0.10817307692307693
0 0.2283653846153846 0.2800480769230769 0.0985576923076923 0.0985576923076923
0 0.36658653846153844 0.18269230769230768 0.10336538461538461 0.10336538461538461
0 0.24278846153846154 0.14543269230769232 0.1466346153846154 0.1466346153846154
0 0.4266826923076923 0.046875 0.14182692307692307 0.09375
0 0.2776442307692308 0.31490384615384615 0.07932692307692307 0.07932692307692307
0 0.24519230769230768 0.5456730769230769 0.028846153846153848 0.019230769230769232
0 0.24519230769230768 0.47475961538461536 0.04807692307692308 0.04807692307692308
0 0.21995192307692307 0.3557692307692308 0.08413461538461539 0.08413461538461539
0 0.25961538461538464 0.057692307692307696 0.20192307692307693 0.11538461538461539
0 0.21875 0.4254807692307692 0.06971153846153846 0.06971153846153846
0 0.3425480769230769 0.078125 0.18509615384615385 0.15625
0 0.9747596153846154 0.49759615384615385 0.04567307692307692 0.08653846153846154
0 0.9723557692307693 0.4639423076923077 0.05048076923076923 0.057692307692307696
0 0.9555288461538461 0.3293269230769231 0.0673076923076923 0.0673076923076923
0 0.9519230769230769 0.21394230769230768 0.09134615384615384 0.09615384615384616
0 0.7151442307692307 0.24519230769230768 0.17067307692307693 0.17307692307692307
0 0.7163461538461539 0.08533653846153846 0.17307692307692307 0.17067307692307693
0 0.578125 0.9819711538461539 0.0985576923076923 0.03125
0 0.9603365384615384 0.9771634615384616 0.05048076923076923 0.040865384615384616