0 0.28966346153846156 0.08173076923076923 0.04567307692307692 0.04567307692307692
0 0.10096153846153846 0.16466346153846154 0.06009615384615385 0.052884615384615384
0 0.06370192307692307 0.2668269230769231 0.0985576923076923 0.08173076923076923
0 0.15264423076923078 0.25600961538461536 0.08413461538461539 0.08173076923076923
0 0.016826923076923076 0.2620192307692308 0.03365384615384615 0.08173076923076923
0 0.06850961538461539 0.36177884615384615 0.125 0.1201923076923077
0 0.3125 0.006009615384615385 0.02403846153846154 0.01201923076923077
0 0.1310096153846154 0.19951923076923078 0.06971153846153846 0.0625
0 0.28725961538461536 0.021634615384615384 0.021634615384615384 0.021634615384615384
0 0.24519230769230768 0.0829326923076923 0.040865384615384616 0.038461538461538464
0 0.20192307692307693 0.1971153846153846 0.07451923076923077 0.07211538461538461
0 0.03365384615384615 0.4639423076923077 0.0673076923076923 0.17307692307692307
0 0.2403846153846154 0.13942307692307693 0.057692307692307696 0.06009615384615385
0 0.5144230769230769 0.21033653846153846 0.13701923076923078 0.1346153846153846
0 0.5817307692307693 0.07451923076923077 0.17307692307692307 0.14903846153846154
0 0.6923076923076923 0.1201923076923077 0.10336538461538461 0.09615384615384616
0 0.5697115384615384 0.7295673076923077 0.13942307692307693 0.12980769230769232
0 0.7572115384615384 0.5745192307692307 0.038461538461538464 0.009615384615384616
0 0.7800480769230769 0.6129807692307693 0.06490384615384616 0.0673076923076923
0 0.6754807692307693 0.6586538461538461 0.08173076923076923 0.07451923076923077