0 0.19951923076923078 0.23197115384615385 0.08413461538461539 0.11057692307692307
0 0.265625 0.13341346153846154 0.07451923076923077 0.09615384615384616
0 0.046875 0.3629807692307692 0.09375 0.1875
0 0.028846153846153848 0.05048076923076923 0.040865384615384616 0.055288461538461536
0 0.18028846153846154 0.03245192307692308 0.03125 0.036057692307692304
0 0.1658653846153846 0.14543269230769232 0.07211538461538461 0.09615384615384616
0 0.1875 0.06490384615384616 0.04567307692307692 0.040865384615384616
0 0.12259615384615384 0.078125 0.052884615384615384 0.06490384615384616
0 0.14423076923076922 0.007211538461538462 0.03365384615384615 0.014423076923076924
0 0.1141826923076923 0.051682692307692304 0.05048076923076923 0.04567307692307692
0 0.3641826923076923 0.5661057692307693 0.08413461538461539 0.18028846153846154
0 0.21634615384615385 0.08533653846153846 0.04567307692307692 0.055288461538461536
0 0.09134615384615384 0.02283653846153846 0.04326923076923077 0.04567307692307692
0 0.33774038461538464 0.22596153846153846 0.0889423076923077 0.11298076923076923
0 0.6983173076923077 0.1814903846153846 0.04326923076923077 0.036057692307692304
0 0.7235576923076923 0.3137019230769231 0.08413461538461539 0.06971153846153846
0 0.9627403846153846 0.5324519230769231 0.06971153846153846 0.15625
0 0.8894230769230769 0.2608173076923077 0.12259615384615384 0.10817307692307693
0 0.10697115384615384 0.7007211538461539 0.0985576923076923 0.08413461538461539