0 0.09254807692307693 0.4831730769230769 0.11538461538461539 0.14903846153846154
0 0.27524038461538464 0.49038461538461536 0.11298076923076923 0.16826923076923078
0 0.27403846153846156 0.19831730769230768 0.04807692307692308 0.06009615384615385
0 0.36538461538461536 0.15384615384615385 0.05048076923076923 0.0625
0 0.35697115384615385 0.04807692307692308 0.036057692307692304 0.04567307692307692
0 0.40865384615384615 0.057692307692307696 0.03125 0.03365384615384615
0 0.6490384615384616 0.018028846153846152 0.10096153846153846 0.036057692307692304
0 0.6550480769230769 0.0673076923076923 0.1201923076923077 0.08413461538461539
0 0.8774038461538461 0.0673076923076923 0.10817307692307693 0.08653846153846154
0 0.7740384615384616 0.5913461538461539 0.019230769230769232 0.004807692307692308
0 0.7596153846153846 0.6959134615384616 0.06490384615384616 0.0673076923076923
0 0.6899038461538461 0.7439903846153846 0.08413461538461539 0.07692307692307693
0 0.5853365384615384 0.7596153846153846 0.08413461538461539 0.07211538461538461
0 0.8533653846153846 0.78125 0.07692307692307693 0.08413461538461539
0 0.8185096153846154 0.6069711538461539 0.02403846153846154 0.028846153846153848
0 0.9242788461538461 0.6069711538461539 0.026442307692307692 0.03125
0 0.8233173076923077 0.9543269230769231 0.31971153846153844 0.08653846153846154