0 0.36538461538461536 0.2536057692307692 0.16346153846153846 0.16105769230769232
0 0.1466346153846154 0.23197115384615385 0.13221153846153846 0.125
0 0.6610576923076923 0.039663461538461536 0.125 0.07932692307692307
0 0.4675480769230769 0.20793269230769232 0.036057692307692304 0.12259615384615384
0 0.4050480769230769 0.859375 0.07211538461538461 0.07211538461538461
0 0.42788461538461536 0.8197115384615384 0.038461538461538464 0.057692307692307696
0 0.27524038461538464 0.9867788461538461 0.10336538461538461 0.021634615384615384
0 0.35096153846153844 0.9579326923076923 0.10576923076923077 0.07932692307692307
0 0.3798076923076923 0.9110576923076923 0.08413461538461539 0.08653846153846154
0 0.43990384615384615 0.7764423076923077 0.014423076923076924 0.057692307692307696
0 0.5108173076923077 0.8245192307692307 0.12259615384615384 0.1201923076923077
0 0.6045673076923077 0.7824519230769231 0.13221153846153846 0.125
0 0.8713942307692307 0.6947115384615384 0.11298076923076923 0.07211538461538461
0 0.8269230769230769 0.7788461538461539 0.13942307692307693 0.14903846153846154