0 0.06850961538461539 0.45913461538461536 0.13701923076923078 0.11538461538461539
0 0.3161057692307692 0.33653846153846156 0.12980769230769232 0.125
0 0.8557692307692307 0.09254807692307693 0.06009615384615385 0.0625
0 0.8978365384615384 0.15865384615384615 0.052884615384615384 0.04567307692307692
0 0.9663461538461539 0.08413461538461539 0.021634615384615384 0.021634615384615384
0 0.9362980769230769 0.0673076923076923 0.026442307692307692 0.04567307692307692
0 0.953125 0.06370192307692307 0.019230769230769232 0.026442307692307692
0 0.8581730769230769 0.19591346153846154 0.09134615384615384 0.08173076923076923
0 0.9194711538461539 0.1310096153846154 0.055288461538461536 0.05048076923076923
0 0.9747596153846154 0.040865384615384616 0.04567307692307692 0.04326923076923077
0 0.9783653846153846 0.06850961538461539 0.028846153846153848 0.03125
0 0.9819711538461539 0.016826923076923076 0.036057692307692304 0.03365384615384615
0 0.8978365384615384 0.07692307692307693 0.06971153846153846 0.0625
0 0.9579326923076923 0.10697115384615384 0.038461538461538464 0.03125
0 0.18870192307692307 0.5709134615384616 0.19471153846153846 0.10336538461538461
0 0.3858173076923077 0.8197115384615384 0.06009615384615385 0.08173076923076923
0 0.6947115384615384 0.6141826923076923 0.1346153846153846 0.12740384615384615
0 0.8004807692307693 0.8497596153846154 0.09134615384615384 0.0673076923076923
0 0.8389423076923077 0.8040865384615384 0.09134615384615384 0.07211538461538461
0 0.6983173076923077 0.7704326923076923 0.1346153846153846 0.10336538461538461
0 0.8930288461538461 0.8762019230769231 0.0625 0.04807692307692308