0 0.23317307692307693 0.35336538461538464 0.0673076923076923 0.0673076923076923
0 0.17427884615384615 0.2776442307692308 0.05048076923076923 0.05048076923076923
0 0.36778846153846156 0.21394230769230768 0.019230769230769232 0.04326923076923077
0 0.18629807692307693 0.2247596153846154 0.0673076923076923 0.0673076923076923
0 0.37259615384615385 0.2548076923076923 0.009615384615384616 0.04326923076923077
0 0.35697115384615385 0.296875 0.040865384615384616 0.055288461538461536
0 0.7596153846153846 0.06850961538461539 0.07211538461538461 0.07211538461538461
0 0.8245192307692307 0.24158653846153846 0.0673076923076923 0.0673076923076923
0 0.921875 0.018028846153846152 0.019230769230769232 0.019230769230769232
0 0.90625 0.11538461538461539 0.03125 0.03125
0 0.8846153846153846 0.002403846153846154 0.019230769230769232 0.004807692307692308
0 0.010817307692307692 0.47716346153846156 0.021634615384615384 0.07451923076923077
0 0.46634615384615385 0.6009615384615384 0.17307692307692307 0.23076923076923078
0 0.5925480769230769 0.5925480769230769 0.15625 0.15625
0 0.7391826923076923 0.5600961538461539 0.09615384615384616 0.09615384615384616
0 0.8064903846153846 0.5540865384615384 0.09375 0.09375
0 0.8629807692307693 0.5564903846153846 0.0625 0.0625
0 0.8894230769230769 0.5432692307692307 0.055288461538461536 0.055288461538461536