0 0.06610576923076923 0.5108173076923077 0.04567307692307692 0.05048076923076923
0 0.4362980769230769 0.19591346153846154 0.22115384615384615 0.1971153846153846
0 0.09735576923076923 0.6069711538461539 0.055288461538461536 0.04807692307692308
0 0.09615384615384616 0.53125 0.04807692307692308 0.04807692307692308
0 0.13822115384615385 0.46033653846153844 0.06490384615384616 0.07211538461538461
0 0.057692307692307696 0.6610576923076923 0.03365384615384615 0.03365384615384615
0 0.026442307692307692 0.671875 0.019230769230769232 0.021634615384615384
0 0.037259615384615384 0.6923076923076923 0.02403846153846154 0.02403846153846154
0 0.046875 0.6778846153846154 0.026442307692307692 0.028846153846153848
0 0.028846153846153848 0.7091346153846154 0.019230769230769232 0.014423076923076924
0 0.008413461538461538 0.6983173076923077 0.016826923076923076 0.019230769230769232
0 0.21033653846153846 0.44591346153846156 0.10096153846153846 0.10336538461538461
0 0.5757211538461539 0.4338942307692308 0.01201923076923077 0.05048076923076923
0 0.6574519230769231 0.5108173076923077 0.06490384615384616 0.07451923076923077
0 0.6286057692307693 0.5576923076923077 0.07211538461538461 0.07932692307692307
0 0.6189903846153846 0.2644230769230769 0.055288461538461536 0.06490384615384616
0 0.6165865384615384 0.44350961538461536 0.06971153846153846 0.08173076923076923
0 0.59375 0.5012019230769231 0.04567307692307692 0.057692307692307696
0 0.5889423076923077 0.3870192307692308 0.038461538461538464 0.057692307692307696
0 0.5745192307692307 0.33052884615384615 0.009615384615384616 0.05048076923076923
0 0.6213942307692307 0.16346153846153846 0.10336538461538461 0.14903846153846154
0 0.11538461538461539 0.7271634615384616 0.052884615384615384 0.016826923076923076
0 0.20072115384615385 0.7632211538461539 0.07692307692307693 0.08173076923076923
0 0.6033653846153846 0.8052884615384616 0.0625 0.055288461538461536
0 0.6923076923076923 0.9831730769230769 0.08173076923076923 0.028846153846153848
0 0.5949519230769231 0.921875 0.05048076923076923 0.06490384615384616
0 0.9350961538461539 0.9459134615384616 0.125 0.10336538461538461