0 0.037259615384615384 0.16947115384615385 0.07451923076923077 0.3389423076923077
0 0.9711538461538461 0.2091346153846154 0.052884615384615384 0.125
0 0.9002403846153846 0.25600961538461536 0.19471153846153846 0.21394230769230768
0 0.8269230769230769 0.10697115384615384 0.3173076923076923 0.21394230769230768
0 0.7728365384615384 0.9783653846153846 0.07932692307692307 0.038461538461538464
0 0.7403846153846154 0.9891826923076923 0.0673076923076923 0.016826923076923076
0 0.7379807692307693 0.9134615384615384 0.06009615384615385 0.0625
0 0.6911057692307693 0.9555288461538461 0.08413461538461539 0.08653846153846154
0 0.7920673076923077 0.7872596153846154 0.07932692307692307 0.08173076923076923
0 0.7524038461538461 0.8209134615384616 0.08413461538461539 0.08653846153846154
0 0.703125 0.8329326923076923 0.036057692307692304 0.036057692307692304
0 0.8149038461538461 0.6358173076923077 0.11057692307692307 0.11298076923076923
0 0.6899038461538461 0.7439903846153846 0.10817307692307693 0.11057692307692307
0 0.7668269230769231 0.5793269230769231 0.13221153846153846 0.13221153846153846
0 0.8737980769230769 0.41947115384615385 0.15625 0.10336538461538461
0 0.7211538461538461 0.46274038461538464 0.1971153846153846 0.18990384615384615