0 0.08052884615384616 0.25600961538461536 0.04326923076923077 0.04326923076923077
0 0.11899038461538461 0.2860576923076923 0.04807692307692308 0.04807692307692308
0 0.15745192307692307 0.3088942307692308 0.0625 0.06009615384615385
0 0.11658653846153846 0.36177884615384615 0.07211538461538461 0.07211538461538461
0 0.20432692307692307 0.35216346153846156 0.0889423076923077 0.0889423076923077
0 0.7079326923076923 0.20192307692307693 0.1201923076923077 0.11778846153846154
0 0.6694711538461539 0.25600961538461536 0.07932692307692307 0.12740384615384615
0 0.6730769230769231 0.12740384615384615 0.08653846153846154 0.10096153846153846
0 0.6766826923076923 0.0673076923076923 0.07932692307692307 0.07932692307692307
0 0.8245192307692307 0.030048076923076924 0.08653846153846154 0.06009615384615385
0 0.26322115384615385 0.9326923076923077 0.15625 0.12980769230769232
0 0.06009615384615385 0.8076923076923077 0.07451923076923077 0.07451923076923077
0 0.2403846153846154 0.8377403846153846 0.11538461538461539 0.11538461538461539
0 0.015625 0.8557692307692307 0.03125 0.057692307692307696
0 0.05889423076923077 0.8834134615384616 0.08413461538461539 0.08413461538461539
0 0.5240384615384616 0.9471153846153846 0.20673076923076922 0.10096153846153846
0 0.14783653846153846 0.90625 0.12740384615384615 0.12740384615384615
0 0.9134615384615384 0.5240384615384616 0.10096153846153846 0.09134615384615384
0 0.7379807692307693 0.6081730769230769 0.10576923076923077 0.10576923076923077
0 0.6887019230769231 0.8677884615384616 0.11778846153846154 0.16826923076923078
0 0.6610576923076923 0.6526442307692307 0.0625 0.10336538461538461
0 0.7139423076923077 0.49278846153846156 0.057692307692307696 0.028846153846153848
0 0.7043269230769231 0.7115384615384616 0.12259615384615384 0.12259615384615384
0 0.90625 0.9158653846153846 0.18269230769230768 0.16346153846153846
0 0.6983173076923077 0.53125 0.0625 0.0625