0 0.53125 0.5336538461538461 0.16346153846153846 0.14423076923076922
0 0.8100961538461539 0.5012019230769231 0.20192307692307693 0.2091346153846154
0 0.8365384615384616 0.3076923076923077 0.17307692307692307 0.1778846153846154
0 0.8112980769230769 0.11658653846153846 0.12980769230769232 0.13701923076923078
0 0.7608173076923077 0.10576923076923077 0.10336538461538461 0.15384615384615385
0 0.8485576923076923 0.5913461538461539 0.1346153846153846 0.028846153846153848
0 0.7872596153846154 0.2439903846153846 0.15625 0.2091346153846154
0 0.7860576923076923 0.028846153846153848 0.08173076923076923 0.057692307692307696
0 0.7463942307692307 0.018028846153846152 0.07451923076923077 0.036057692307692304
0 0.5360576923076923 0.6346153846153846 0.08173076923076923 0.052884615384615384
0 0.4879807692307692 0.6947115384615384 0.09375 0.09134615384615384
0 0.4206730769230769 0.6430288461538461 0.10576923076923077 0.06971153846153846
0 0.9603365384615384 0.9699519230769231 0.07451923076923077 0.055288461538461536