0 0.02283653846153846 0.33533653846153844 0.04567307692307692 0.055288461538461536
0 0.1141826923076923 0.2283653846153846 0.07692307692307693 0.09375
0 0.4963942307692308 0.7391826923076923 0.07932692307692307 0.21394230769230768
0 0.052884615384615384 0.9302884615384616 0.0985576923076923 0.08173076923076923
0 0.12259615384615384 0.9615384615384616 0.09615384615384616 0.07211538461538461
0 0.0889423076923077 0.8425480769230769 0.125 0.12259615384615384
0 0.2920673076923077 0.9326923076923077 0.12259615384615384 0.11298076923076923
0 0.35336538461538464 0.828125 0.16105769230769232 0.16105769230769232
0 0.41225961538461536 0.6670673076923077 0.24759615384615385 0.2764423076923077
0 0.21033653846153846 0.7860576923076923 0.16826923076923078 0.17307692307692307
0 0.21033653846153846 0.8822115384615384 0.1658653846153846 0.14182692307692307
0 0.43149038461538464 0.8786057692307693 0.16105769230769232 0.14423076923076922
0 0.6694711538461539 0.5456730769230769 0.1466346153846154 0.03365384615384615