0 0.43149038461538464 0.30408653846153844 0.15625 0.15865384615384615
0 0.4855769230769231 0.0733173076923077 0.16346153846153846 0.1466346153846154
0 0.40865384615384615 0.4098557692307692 0.09134615384615384 0.055288461538461536
0 0.7415865384615384 0.30288461538461536 0.24278846153846154 0.24278846153846154
0 0.6766826923076923 0.05889423076923077 0.21394230769230768 0.11778846153846154
0 0.31490384615384615 0.6694711538461539 0.11057692307692307 0.10096153846153846
0 0.4579326923076923 0.875 0.05048076923076923 0.04807692307692308
0 0.42427884615384615 0.9711538461538461 0.040865384615384616 0.040865384615384616
0 0.30288461538461536 0.9879807692307693 0.0625 0.019230769230769232
0 0.47596153846153844 0.9338942307692307 0.03125 0.028846153846153848
0 0.4387019230769231 0.9350961538461539 0.03125 0.03125
0 0.5240384615384616 0.9399038461538461 0.021634615384615384 0.019230769230769232
0 0.27884615384615385 0.5036057692307693 0.21634615384615385 0.12740384615384615
0 0.5288461538461539 0.9242788461538461 0.019230769230769232 0.016826923076923076
0 0.49399038461538464 0.9483173076923077 0.019230769230769232 0.021634615384615384
0 0.96875 0.7019230769230769 0.057692307692307696 0.14903846153846154
0 0.6105769230769231 0.7944711538461539 0.08173076923076923 0.31971153846153844
0 0.7620192307692307 0.7259615384615384 0.23076923076923078 0.21875
0 0.9098557692307693 0.7596153846153846 0.17307692307692307 0.17067307692307693
0 0.6850961538461539 0.8473557692307693 0.23076923076923078 0.24278846153846154