0 0.25961538461538464 0.36658653846153844 0.052884615384615384 0.06009615384615385
0 0.20793269230769232 0.6201923076923077 0.016826923076923076 0.016826923076923076
0 0.16105769230769232 0.5889423076923077 0.021634615384615384 0.02403846153846154
0 0.20192307692307693 0.5925480769230769 0.026442307692307692 0.026442307692307692
0 0.19110576923076922 0.5685096153846154 0.02403846153846154 0.02403846153846154
0 0.2127403846153846 0.5360576923076923 0.03125 0.036057692307692304
0 0.2764423076923077 0.5661057692307693 0.028846153846153848 0.03125
0 0.8545673076923077 0.3161057692307692 0.0889423076923077 0.10336538461538461
0 0.7740384615384616 0.30408653846153844 0.09615384615384616 0.11057692307692307
0 0.7704326923076923 0.3858173076923077 0.08173076923076923 0.09134615384615384
0 0.8329326923076923 0.39663461538461536 0.07932692307692307 0.0889423076923077
0 0.7560096153846154 0.4567307692307692 0.08173076923076923 0.08653846153846154
0 0.8269230769230769 0.4483173076923077 0.057692307692307696 0.06009615384615385
0 0.8305288461538461 0.48677884615384615 0.057692307692307696 0.06490384615384616
0 0.7608173076923077 0.515625 0.04326923076923077 0.04807692307692308
0 0.765625 0.5528846153846154 0.038461538461538464 0.040865384615384616
0 0.8137019230769231 0.5228365384615384 0.04807692307692308 0.05048076923076923
0 0.41947115384615385 0.7788461538461539 0.23317307692307693 0.10096153846153846
0 0.59375 0.8858173076923077 0.11057692307692307 0.1466346153846154
0 0.8737980769230769 0.8605769230769231 0.24759615384615385 0.2644230769230769
0 0.7680288461538461 0.8629807692307693 0.45913461538461536 0.2692307692307692