0 0.02283653846153846 0.08052884615384616 0.04567307692307692 0.16105769230769232
0 0.9050480769230769 0.08774038461538461 0.1466346153846154 0.15865384615384615
0 0.5745192307692307 0.18870192307692307 0.052884615384615384 0.08413461538461539
0 0.5997596153846154 0.28966346153846156 0.0625 0.06009615384615385
0 0.875 0.21033653846153846 0.12259615384615384 0.11298076923076923
0 0.9471153846153846 0.5480769230769231 0.10096153846153846 0.12980769230769232
0 0.8245192307692307 0.6394230769230769 0.07932692307692307 0.08173076923076923
0 0.6706730769230769 0.7139423076923077 0.04567307692307692 0.04567307692307692
0 0.7211538461538461 0.6923076923076923 0.05048076923076923 0.05048076923076923
0 0.7536057692307693 0.6646634615384616 0.057692307692307696 0.052884615384615384
0 0.6081730769230769 0.7524038461538461 0.036057692307692304 0.040865384615384616
0 0.6442307692307693 0.7211538461538461 0.038461538461538464 0.040865384615384616
0 0.6189903846153846 0.7355769230769231 0.038461538461538464 0.038461538461538464