0 0.11177884615384616 0.0829326923076923 0.125 0.125
0 0.22235576923076922 0.06370192307692307 0.0889423076923077 0.0889423076923077
0 0.34375 0.11538461538461539 0.04807692307692308 0.04807692307692308
0 0.15384615384615385 0.02403846153846154 0.1346153846153846 0.04807692307692308
0 0.9807692307692307 0.296875 0.03365384615384615 0.05048076923076923
0 0.8341346153846154 0.051682692307692304 0.1201923076923077 0.10336538461538461
0 0.6730769230769231 0.36658653846153844 0.25721153846153844 0.25721153846153844
0 0.8725961538461539 0.16706730769230768 0.0889423076923077 0.0889423076923077
0 0.9663461538461539 0.11658653846153846 0.0625 0.14182692307692307
0 0.5853365384615384 0.07932692307692307 0.29086538461538464 0.15865384615384615
0 0.39783653846153844 0.5985576923076923 0.07932692307692307 0.16346153846153846
0 0.9555288461538461 0.921875 0.08413461538461539 0.12740384615384615
0 0.5120192307692307 0.7872596153846154 0.14423076923076922 0.4014423076923077