0 0.4206730769230769 0.43149038461538464 0.026442307692307692 0.028846153846153848
0 0.38100961538461536 0.49278846153846156 0.03125 0.009615384615384616
0 0.33774038461538464 0.15865384615384615 0.16105769230769232 0.15865384615384615
0 0.3737980769230769 0.25600961538461536 0.11538461538461539 0.11538461538461539
0 0.39663461538461536 0.4074519230769231 0.040865384615384616 0.04326923076923077
0 0.9747596153846154 0.4387019230769231 0.04567307692307692 0.07932692307692307
0 0.5649038461538461 0.8930288461538461 0.04567307692307692 0.040865384615384616
0 0.5733173076923077 0.765625 0.04567307692307692 0.055288461538461536
0 0.4723557692307692 0.921875 0.07932692307692307 0.06971153846153846
0 0.5480769230769231 0.7235576923076923 0.06490384615384616 0.06009615384615385
0 0.5144230769230769 0.671875 0.10336538461538461 0.09134615384615384
0 0.4675480769230769 0.7439903846153846 0.07211538461538461 0.0673076923076923
0 0.5300480769230769 0.5564903846153846 0.0985576923076923 0.09615384615384616
0 0.7716346153846154 0.8028846153846154 0.0889423076923077 0.08173076923076923
0 0.9783653846153846 0.8966346153846154 0.038461538461538464 0.038461538461538464