0 0.3161057692307692 0.36177884615384615 0.13221153846153846 0.12740384615384615
0 0.4206730769230769 0.4206730769230769 0.07211538461538461 0.11057692307692307
0 0.5348557692307693 0.09975961538461539 0.019230769230769232 0.021634615384615384
0 0.6262019230769231 0.21153846153846154 0.040865384615384616 0.04807692307692308
0 0.5877403846153846 0.09615384615384616 0.02403846153846154 0.026442307692307692
0 0.6033653846153846 0.11778846153846154 0.019230769230769232 0.021634615384615384
0 0.5252403846153846 0.05889423076923077 0.019230769230769232 0.021634615384615384
0 0.6286057692307693 0.10817307692307693 0.016826923076923076 0.021634615384615384
0 0.6225961538461539 0.09975961538461539 0.02403846153846154 0.03125
0 0.6754807692307693 0.4182692307692308 0.08173076923076923 0.11538461538461539
0 0.6286057692307693 0.33653846153846156 0.06009615384615385 0.0985576923076923
0 0.5168269230769231 0.07572115384615384 0.014423076923076924 0.016826923076923076
0 0.6021634615384616 0.07451923076923077 0.03365384615384615 0.04807692307692308
0 0.5673076923076923 0.06971153846153846 0.026442307692307692 0.03365384615384615
0 0.33413461538461536 0.9290865384615384 0.24519230769230768 0.13701923076923078
0 0.9567307692307693 0.6802884615384616 0.07451923076923077 0.09134615384615384
0 0.7776442307692307 0.6322115384615384 0.06490384615384616 0.0673076923076923