0 0.3485576923076923 0.5144230769230769 0.028846153846153848 0.02403846153846154
0 0.32091346153846156 0.5204326923076923 0.026442307692307692 0.01201923076923077
0 0.33533653846153844 0.4879807692307692 0.036057692307692304 0.038461538461538464
0 0.5336538461538461 0.3581730769230769 0.0673076923076923 0.08653846153846154
0 0.5216346153846154 0.13581730769230768 0.09134615384615384 0.15625
0 0.28846153846153844 0.16826923076923078 0.0985576923076923 0.10336538461538461
0 0.359375 0.3112980769230769 0.0625 0.07211538461538461
0 0.4495192307692308 0.4098557692307692 0.055288461538461536 0.0673076923076923
0 0.35216346153846156 0.4326923076923077 0.04326923076923077 0.05048076923076923
0 0.7043269230769231 0.2668269230769231 0.06490384615384616 0.07211538461538461
0 0.7259615384615384 0.32091346153846156 0.055288461538461536 0.057692307692307696
0 0.9158653846153846 0.09375 0.10817307692307693 0.12980769230769232
0 0.6418269230769231 0.3762019230769231 0.03125 0.03125
0 0.6153846153846154 0.35096153846153844 0.036057692307692304 0.038461538461538464
0 0.5733173076923077 0.3954326923076923 0.007211538461538462 0.026442307692307692
0 0.19951923076923078 0.8894230769230769 0.10336538461538461 0.11298076923076923
0 0.2127403846153846 0.9639423076923077 0.0625 0.0625
0 0.22956730769230768 0.9867788461538461 0.05048076923076923 0.021634615384615384
0 0.8317307692307693 0.7331730769230769 0.3317307692307692 0.28365384615384615