0 0.296875 0.27283653846153844 0.25721153846153844 0.3004807692307692
0 0.019230769230769232 0.18028846153846154 0.038461538461538464 0.1346153846153846
0 0.025240384615384616 0.3605769230769231 0.05048076923076923 0.20192307692307693
0 0.02283653846153846 0.2536057692307692 0.04567307692307692 0.17067307692307693
0 0.2439903846153846 0.13942307692307693 0.25240384615384615 0.2403846153846154
0 0.21754807692307693 0.3473557692307692 0.41586538461538464 0.25721153846153844
0 0.6117788461538461 0.03485576923076923 0.13221153846153846 0.06971153846153846
0 0.5949519230769231 0.2247596153846154 0.18269230769230768 0.19230769230769232
0 0.4387019230769231 0.5528846153846154 0.021634615384615384 0.07692307692307693
0 0.46033653846153844 0.5649038461538461 0.06490384615384616 0.07211538461538461
0 0.4375 0.6177884615384616 0.019230769230769232 0.07211538461538461
0 0.5192307692307693 0.5757211538461539 0.09134615384615384 0.09375
0 0.46153846153846156 0.6646634615384616 0.0673076923076923 0.09375
0 0.5048076923076923 0.9194711538461539 0.15384615384615385 0.15625
0 0.7415865384615384 0.7752403846153846 0.33653846153846156 0.3076923076923077