0 0.44471153846153844 0.20192307692307693 0.08173076923076923 0.08173076923076923
0 0.5360576923076923 0.3293269230769231 0.0889423076923077 0.09375
0 0.5709134615384616 0.11298076923076923 0.04807692307692308 0.040865384615384616
0 0.5745192307692307 0.13942307692307693 0.04326923076923077 0.040865384615384616
0 0.8786057692307693 0.052884615384615384 0.0625 0.06971153846153846
0 0.1045673076923077 0.9110576923076923 0.15144230769230768 0.1201923076923077
0 0.53125 0.6442307692307693 0.03365384615384615 0.028846153846153848
0 0.5805288461538461 0.7980769230769231 0.055288461538461536 0.06490384615384616
0 0.3245192307692308 0.9375 0.13942307692307693 0.1201923076923077
0 0.43149038461538464 0.8966346153846154 0.09615384615384616 0.10817307692307693
0 0.5108173076923077 0.8509615384615384 0.09615384615384616 0.11538461538461539
0 0.6081730769230769 0.7403846153846154 0.03365384615384615 0.038461538461538464
0 0.96875 0.8052884615384616 0.03365384615384615 0.04807692307692308
0 0.9807692307692307 0.6730769230769231 0.019230769230769232 0.021634615384615384
0 0.9783653846153846 0.7055288461538461 0.019230769230769232 0.021634615384615384
0 0.9603365384615384 0.6478365384615384 0.009615384615384616 0.01201923076923077