0 0.46634615384615385 0.18629807692307693 0.20192307692307693 0.33413461538461536
0 0.27524038461538464 0.10096153846153846 0.1778846153846154 0.17548076923076922
0 0.08533653846153846 0.13221153846153846 0.13701923076923078 0.13221153846153846
0 0.07572115384615384 0.2091346153846154 0.15144230769230768 0.15144230769230768
0 0.038461538461538464 0.3004807692307692 0.07692307692307693 0.15865384615384615
0 0.5540865384615384 0.07932692307692307 0.026442307692307692 0.1346153846153846
0 0.21394230769230768 0.17908653846153846 0.2091346153846154 0.2091346153846154
0 0.1502403846153846 0.3173076923076923 0.21634615384615385 0.22596153846153846
0 0.013221153846153846 0.16346153846153846 0.026442307692307692 0.08173076923076923
0 0.43509615384615385 0.36658653846153844 0.2644230769230769 0.3918269230769231
0 0.9158653846153846 0.5144230769230769 0.16346153846153846 0.17307692307692307
0 0.9651442307692307 0.11177884615384616 0.06490384615384616 0.08413461538461539
0 0.8401442307692307 0.9074519230769231 0.23317307692307693 0.18028846153846154