0 0.28725961538461536 0.08653846153846154 0.1346153846153846 0.14903846153846154
0 0.27884615384615385 0.3293269230769231 0.23798076923076922 0.25240384615384615
0 0.17067307692307693 0.3389423076923077 0.24759615384615385 0.25961538461538464
0 0.9146634615384616 0.1346153846153846 0.1658653846153846 0.21634615384615385
0 0.8545673076923077 0.4074519230769231 0.2860576923076923 0.2956730769230769
0 0.8737980769230769 0.3918269230769231 0.24759615384615385 0.3269230769230769
0 0.31850961538461536 0.9435096153846154 0.15144230769230768 0.10817307692307693
0 0.5120192307692307 0.8269230769230769 0.04807692307692308 0.07211538461538461
0 0.4266826923076923 0.9615384615384616 0.11298076923076923 0.07211538461538461
0 0.5144230769230769 0.7259615384615384 0.04326923076923077 0.04807692307692308
0 0.5012019230769231 0.7536057692307693 0.05048076923076923 0.05048076923076923
0 0.5240384615384616 0.6959134615384616 0.02403846153846154 0.05048076923076923
0 0.453125 0.7944711538461539 0.07932692307692307 0.07451923076923077
0 0.39903846153846156 0.8677884615384616 0.12740384615384615 0.11057692307692307
0 0.9579326923076923 0.9747596153846154 0.055288461538461536 0.04567307692307692
0 0.8762019230769231 0.9543269230769231 0.09375 0.08653846153846154
0 0.84375 0.8774038461538461 0.08653846153846154 0.09134615384615384
0 0.6286057692307693 0.84375 0.18028846153846154 0.25961538461538464
0 0.9170673076923077 0.9435096153846154 0.0889423076923077 0.09134615384615384