0 0.5420673076923077 0.0889423076923077 0.0889423076923077 0.1778846153846154
0 0.8870192307692307 0.04927884615384615 0.11538461538461539 0.0985576923076923
0 0.9579326923076923 0.06370192307692307 0.07211538461538461 0.07451923076923077
0 0.17067307692307693 0.8978365384615384 0.2548076923076923 0.19951923076923078
0 0.08774038461538461 0.8966346153846154 0.07692307692307693 0.07692307692307693
0 0.40625 0.9254807692307693 0.1778846153846154 0.14423076923076922
0 0.8161057692307693 0.8461538461538461 0.04807692307692308 0.05048076923076923
0 0.8545673076923077 0.8882211538461539 0.04807692307692308 0.05048076923076923
0 0.7632211538461539 0.7860576923076923 0.057692307692307696 0.0625
0 0.8665865384615384 0.9675480769230769 0.02403846153846154 0.02403846153846154
0 0.9146634615384616 0.9807692307692307 0.019230769230769232 0.021634615384615384