0 0.4230769230769231 0.11899038461538461 0.125 0.14182692307692307
0 0.46274038461538464 0.01201923076923077 0.11778846153846154 0.02403846153846154
0 0.38221153846153844 0.3581730769230769 0.21875 0.2403846153846154
0 0.27283653846153844 0.35216346153846156 0.2283653846153846 0.24519230769230768
0 0.7572115384615384 0.015625 0.12980769230769232 0.03125
0 0.8100961538461539 0.07932692307692307 0.11057692307692307 0.09375
0 0.8810096153846154 0.02283653846153846 0.11778846153846154 0.04567307692307692
0 0.890625 0.12740384615384615 0.11538461538461539 0.09375
0 0.23677884615384615 0.7836538461538461 0.13701923076923078 0.125
0 0.3858173076923077 0.7944711538461539 0.0889423076923077 0.0889423076923077
0 0.11298076923076923 0.9747596153846154 0.15384615384615385 0.04567307692307692
0 0.578125 0.9771634615384616 0.036057692307692304 0.040865384615384616
0 0.6862980769230769 0.8004807692307693 0.1201923076923077 0.11538461538461539
0 0.9927884615384616 0.96875 0.009615384615384616 0.04326923076923077
0 0.9747596153846154 0.9507211538461539 0.04567307692307692 0.05048076923076923
0 0.8641826923076923 0.8942307692307693 0.08173076923076923 0.08173076923076923
0 0.9326923076923077 0.9290865384615384 0.052884615384615384 0.052884615384615384
0 0.7764423076923077 0.8473557692307693 0.10817307692307693 0.10096153846153846