0 0.34375 0.5372596153846154 0.12980769230769232 0.12740384615384615
0 0.39663461538461536 0.3449519230769231 0.12740384615384615 0.1346153846153846
0 0.11899038461538461 0.36538461538461536 0.2091346153846154 0.20673076923076922
0 0.3112980769230769 0.0673076923076923 0.19951923076923078 0.1346153846153846
0 0.9086538461538461 0.16466346153846154 0.10817307692307693 0.0985576923076923
0 0.23317307692307693 0.8112980769230769 0.09615384615384616 0.10096153846153846
0 0.4579326923076923 0.7572115384615384 0.04807692307692308 0.04807692307692308
0 0.5084134615384616 0.7740384615384616 0.03125 0.03365384615384615
0 0.5168269230769231 0.734375 0.019230769230769232 0.036057692307692304
0 0.390625 0.8052884615384616 0.0625 0.0625
0 0.6826923076923077 0.9206730769230769 0.18269230769230768 0.15384615384615385
0 0.8377403846153846 0.9026442307692307 0.17548076923076922 0.17548076923076922