0 0.4723557692307692 0.0829326923076923 0.13942307692307693 0.1346153846153846
0 0.47115384615384615 0.2127403846153846 0.12740384615384615 0.11538461538461539
0 0.7403846153846154 0.14423076923076922 0.08173076923076923 0.11538461538461539
0 0.8016826923076923 0.051682692307692304 0.1466346153846154 0.10336538461538461
0 0.43509615384615385 0.9074519230769231 0.0673076923076923 0.0625
0 0.15985576923076922 0.8774038461538461 0.06490384615384616 0.057692307692307696
0 0.5576923076923077 0.8149038461538461 0.08173076923076923 0.07451923076923077
0 0.44711538461538464 0.7584134615384616 0.0985576923076923 0.0889423076923077
0 0.4987980769230769 0.7992788461538461 0.0889423076923077 0.0889423076923077
0 0.3545673076923077 0.8449519230769231 0.0673076923076923 0.07211538461538461
0 0.3016826923076923 0.9675480769230769 0.06971153846153846 0.055288461538461536
0 0.29927884615384615 0.9146634615384616 0.0673076923076923 0.06490384615384616
0 0.7367788461538461 0.8798076923076923 0.07451923076923077 0.10576923076923077
0 0.7127403846153846 0.9483173076923077 0.026442307692307692 0.07932692307692307
0 0.7379807692307693 0.9699519230769231 0.057692307692307696 0.055288461538461536
0 0.7680288461538461 0.9891826923076923 0.05048076923076923 0.016826923076923076
0 0.8173076923076923 0.9519230769230769 0.04326923076923077 0.055288461538461536