0 0.2536057692307692 0.22235576923076922 0.11538461538461539 0.07692307692307693
0 0.0625 0.1201923076923077 0.06490384615384616 0.057692307692307696
0 0.006009615384615385 0.12860576923076922 0.01201923076923077 0.04567307692307692
0 0.04326923076923077 0.014423076923076924 0.08653846153846154 0.028846153846153848
0 0.9507211538461539 0.09735576923076923 0.09375 0.10817307692307693
0 0.8473557692307693 0.13942307692307693 0.10817307692307693 0.08413461538461539
0 0.5504807692307693 0.23677884615384615 0.02403846153846154 0.03125
0 0.6694711538461539 0.22115384615384615 0.05048076923076923 0.04567307692307692
0 0.7139423076923077 0.19831730769230768 0.0625 0.06009615384615385
0 0.6129807692307693 0.18870192307692307 0.040865384615384616 0.038461538461538464
0 0.78125 0.17427884615384615 0.06971153846153846 0.057692307692307696
0 0.6418269230769231 0.1201923076923077 0.04807692307692308 0.04807692307692308
0 0.6358173076923077 0.23677884615384615 0.05048076923076923 0.038461538461538464
0 0.6081730769230769 0.2439903846153846 0.036057692307692304 0.03125
0 0.25600961538461536 0.5637019230769231 0.11057692307692307 0.11057692307692307
0 0.3137019230769231 0.8317307692307693 0.13942307692307693 0.12740384615384615
0 0.4110576923076923 0.9795673076923077 0.19230769230769232 0.036057692307692304
0 0.46634615384615385 0.9302884615384616 0.13942307692307693 0.1346153846153846