0 0.06370192307692307 0.32211538461538464 0.12740384615384615 0.28846153846153844
0 0.03485576923076923 0.35697115384615385 0.06971153846153846 0.1466346153846154
0 0.6899038461538461 0.22716346153846154 0.10817307692307693 0.10817307692307693
0 0.6394230769230769 0.4050480769230769 0.16826923076923078 0.12259615384615384
0 0.7848557692307693 0.29927884615384615 0.11778846153846154 0.125
0 0.8413461538461539 0.1466346153846154 0.06009615384615385 0.06490384615384616
0 0.78125 0.1814903846153846 0.09375 0.10096153846153846
0 0.8858173076923077 0.12379807692307693 0.0625 0.06971153846153846
0 0.9326923076923077 0.16826923076923078 0.057692307692307696 0.06490384615384616
0 0.9663461538461539 0.140625 0.04807692307692308 0.04567307692307692
0 0.9711538461538461 0.06971153846153846 0.028846153846153848 0.03125
0 0.9495192307692307 0.08774038461538461 0.028846153846153848 0.03125
0 0.9194711538461539 0.0985576923076923 0.04326923076923077 0.040865384615384616
0 0.9927884615384616 0.05889423076923077 0.009615384615384616 0.040865384615384616
0 0.9891826923076923 0.004807692307692308 0.016826923076923076 0.009615384615384616
0 0.9831730769230769 0.11538461538461539 0.028846153846153848 0.04326923076923077
0 0.44350961538461536 0.3629807692307692 0.22355769230769232 0.20673076923076922
0 0.5949519230769231 0.2824519230769231 0.13701923076923078 0.13942307692307693
0 0.8569711538461539 0.23197115384615385 0.0985576923076923 0.10576923076923077
0 0.9038461538461539 0.20552884615384615 0.0673076923076923 0.07211538461538461
0 0.9903846153846154 0.10817307692307693 0.014423076923076924 0.052884615384615384
0 0.9807692307692307 0.4795673076923077 0.019230769230769232 0.021634615384615384
0 0.9435096153846154 0.5408653846153846 0.03125 0.036057692307692304
0 0.7103365384615384 0.59375 0.07932692307692307 0.08653846153846154
0 0.9519230769230769 0.47716346153846156 0.028846153846153848 0.016826923076923076
0 0.9639423076923077 0.5048076923076923 0.026442307692307692 0.03365384615384615