0 0.20793269230769232 0.05889423076923077 0.21394230769230768 0.11778846153846154
0 0.4639423076923077 0.09735576923076923 0.05048076923076923 0.04807692307692308
0 0.0733173076923077 0.6514423076923077 0.09375 0.09375
0 0.09615384615384616 0.7632211538461539 0.0673076923076923 0.06490384615384616
0 0.15144230769230768 0.7824519230769231 0.07451923076923077 0.07451923076923077
0 0.22355769230769232 0.7764423076923077 0.06971153846153846 0.06971153846153846
0 0.1658653846153846 0.7211538461538461 0.08173076923076923 0.07932692307692307
0 0.09735576923076923 0.828125 0.04567307692307692 0.04326923076923077
0 0.20072115384615385 0.8293269230769231 0.057692307692307696 0.057692307692307696
0 0.14423076923076922 0.8365384615384616 0.052884615384615384 0.052884615384615384
0 0.09615384615384616 0.8713942307692307 0.038461538461538464 0.036057692307692304
0 0.18028846153846154 0.8918269230769231 0.06009615384615385 0.055288461538461536
0 0.15384615384615385 0.9362980769230769 0.028846153846153848 0.028846153846153848
0 0.13581730769230768 0.9903846153846154 0.026442307692307692 0.014423076923076924
0 0.13822115384615385 0.8858173076923077 0.03365384615384615 0.03365384615384615
0 0.18629807692307693 0.859375 0.04807692307692308 0.04567307692307692
0 0.109375 0.9242788461538461 0.021634615384615384 0.021634615384615384
0 0.13221153846153846 0.9230769230769231 0.038461538461538464 0.036057692307692304
0 0.12740384615384615 0.9387019230769231 0.028846153846153848 0.026442307692307692
0 0.11538461538461539 0.9483173076923077 0.026442307692307692 0.026442307692307692
0 0.140625 0.8605769230769231 0.040865384615384616 0.040865384615384616
0 0.1658653846153846 0.9242788461538461 0.036057692307692304 0.036057692307692304
0 0.13581730769230768 0.9014423076923077 0.036057692307692304 0.036057692307692304
0 0.15384615384615385 0.9519230769230769 0.036057692307692304 0.03365384615384615
0 0.15264423076923078 0.9651442307692307 0.021634615384615384 0.021634615384615384
0 0.1466346153846154 0.9735576923076923 0.028846153846153848 0.028846153846153848
0 0.11057692307692307 0.9939903846153846 0.019230769230769232 0.007211538461538462
0 0.12259615384615384 0.9675480769230769 0.02403846153846154 0.02403846153846154
0 0.11538461538461539 0.9807692307692307 0.02403846153846154 0.02403846153846154
0 0.9014423076923077 0.6262019230769231 0.19230769230769232 0.2620192307692308
0 0.8954326923076923 0.9615384615384616 0.12259615384615384 0.07211538461538461
0 0.7788461538461539 0.9435096153846154 0.10817307692307693 0.10576923076923077
0 0.765625 0.9819711538461539 0.0889423076923077 0.03125