0 0.057692307692307696 0.3485576923076923 0.04807692307692308 0.05048076923076923
0 0.11899038461538461 0.35096153846153844 0.057692307692307696 0.057692307692307696
0 0.019230769230769232 0.36658653846153844 0.038461538461538464 0.04567307692307692
0 0.007211538461538462 0.3389423076923077 0.014423076923076924 0.04326923076923077
0 0.9302884615384616 0.49399038461538464 0.125 0.026442307692307692
0 0.8990384615384616 0.4266826923076923 0.12980769230769232 0.12980769230769232
0 0.8641826923076923 0.2776442307692308 0.17067307692307693 0.17067307692307693
0 0.7644230769230769 0.27524038461538464 0.16105769230769232 0.16105769230769232
0 0.78125 0.08774038461538461 0.25 0.17548076923076922
0 0.7007211538461539 0.1658653846153846 0.3245192307692308 0.3317307692307692
0 0.3425480769230769 0.9579326923076923 0.0985576923076923 0.07932692307692307
0 0.6670673076923077 0.6911057692307693 0.25721153846153844 0.2860576923076923
0 0.6730769230769231 0.9423076923076923 0.14423076923076922 0.11057692307692307
0 0.7620192307692307 0.96875 0.14903846153846154 0.057692307692307696
0 0.7728365384615384 0.7896634615384616 0.21875 0.21634615384615385