0 0.1658653846153846 0.39663461538461536 0.036057692307692304 0.038461538461538464
0 0.23076923076923078 0.4483173076923077 0.028846153846153848 0.03365384615384615
0 0.2091346153846154 0.4963942307692308 0.016826923076923076 0.019230769230769232
0 0.06370192307692307 0.25841346153846156 0.12740384615384615 0.22355769230769232
0 0.19471153846153846 0.5024038461538461 0.026442307692307692 0.03125
0 0.24278846153846154 0.484375 0.014423076923076924 0.014423076923076924
0 0.36177884615384615 0.7079326923076923 0.057692307692307696 0.055288461538461536
0 0.03485576923076923 0.7199519230769231 0.06971153846153846 0.12740384615384615
0 0.07211538461538461 0.609375 0.14423076923076922 0.07932692307692307
0 0.19230769230769232 0.6129807692307693 0.1201923076923077 0.08653846153846154
0 0.30528846153846156 0.6153846153846154 0.09134615384615384 0.09134615384615384