0 0.4963942307692308 0.20192307692307693 0.07451923076923077 0.07692307692307693
0 0.5408653846153846 0.014423076923076924 0.03365384615384615 0.028846153846153848
0 0.4723557692307692 0.3233173076923077 0.13701923076923078 0.14903846153846154
0 0.578125 0.014423076923076924 0.036057692307692304 0.028846153846153848
0 0.5252403846153846 0.08653846153846154 0.0625 0.0625
0 0.5264423076923077 0.04447115384615385 0.038461538461538464 0.040865384615384616
0 0.2091346153846154 0.2980769230769231 0.3894230769230769 0.2548076923076923
0 0.040865384615384616 0.6310096153846154 0.08173076923076923 0.13221153846153846
0 0.4326923076923077 0.4855769230769231 0.11538461538461539 0.11538461538461539
0 0.78125 0.43990384615384615 0.04807692307692308 0.02403846153846154
0 0.7091346153846154 0.5745192307692307 0.10096153846153846 0.13942307692307693
0 0.7115384615384616 0.45072115384615385 0.028846153846153848 0.026442307692307692
0 0.9375 0.9122596153846154 0.1201923076923077 0.17548076923076922
0 0.8137019230769231 0.5348557692307693 0.03365384615384615 0.038461538461538464