0 0.3701923076923077 0.5456730769230769 0.055288461538461536 0.04567307692307692
0 0.5853365384615384 0.5961538461538461 0.03365384615384615 0.026442307692307692
0 0.5612980769230769 0.6237980769230769 0.019230769230769232 0.014423076923076924
0 0.6021634615384616 0.6189903846153846 0.014423076923076924 0.01201923076923077
0 0.5961538461538461 0.6454326923076923 0.014423076923076924 0.01201923076923077
0 0.6009615384615384 0.6646634615384616 0.021634615384615384 0.014423076923076924
0 0.7163461538461539 0.44591346153846156 0.014423076923076924 0.05048076923076923
0 0.7836538461538461 0.4074519230769231 0.036057692307692304 0.03125
0 0.8173076923076923 0.36538461538461536 0.036057692307692304 0.03125
0 0.8653846153846154 0.3557692307692308 0.02403846153846154 0.02403846153846154
0 0.3858173076923077 0.7307692307692307 0.12259615384615384 0.08173076923076923
0 0.36899038461538464 0.8209134615384616 0.11538461538461539 0.10576923076923077
0 0.4795673076923077 0.9699519230769231 0.06971153846153846 0.055288461538461536
0 0.41225961538461536 0.9170673076923077 0.10096153846153846 0.09375
0 0.7740384615384616 0.9747596153846154 0.12980769230769232 0.04567307692307692
0 0.9795673076923077 0.9206730769230769 0.036057692307692304 0.15384615384615385