0 0.38341346153846156 0.3293269230769231 0.13942307692307693 0.1346153846153846
0 0.75 0.5072115384615384 0.0673076923076923 0.038461538461538464
0 0.6742788461538461 0.5192307692307693 0.06009615384615385 0.014423076923076924
0 0.7295673076923077 0.47716346153846156 0.08173076923076923 0.07932692307692307
0 0.6538461538461539 0.5084134615384616 0.08173076923076923 0.036057692307692304
0 0.9783653846153846 0.4206730769230769 0.026442307692307692 0.026442307692307692
0 0.8449519230769231 0.5084134615384616 0.021634615384615384 0.021634615384615384
0 0.8209134615384616 0.5168269230769231 0.026442307692307692 0.019230769230769232
0 0.8125 0.48677884615384615 0.03125 0.028846153846153848
0 0.234375 0.8713942307692307 0.01201923076923077 0.014423076923076924
0 0.20673076923076922 0.8713942307692307 0.014423076923076924 0.014423076923076924
0 0.2536057692307692 0.8317307692307693 0.016826923076923076 0.016826923076923076
0 0.18509615384615385 0.8617788461538461 0.014423076923076924 0.014423076923076924
0 0.17668269230769232 0.8401442307692307 0.03125 0.03365384615384615
0 0.12740384615384615 0.8269230769230769 0.03125 0.028846153846153848
0 0.6201923076923077 0.9411057692307693 0.10096153846153846 0.0985576923076923
0 0.828125 0.7692307692307693 0.15144230769230768 0.14182692307692307
0 0.7199519230769231 0.8353365384615384 0.11538461538461539 0.11538461538461539
0 0.6983173076923077 0.6057692307692307 0.2091346153846154 0.15384615384615385