0 0.3918269230769231 0.4266826923076923 0.0889423076923077 0.10336538461538461
0 0.15625 0.6177884615384616 0.03125 0.03125
0 0.18629807692307693 0.5793269230769231 0.03365384615384615 0.040865384615384616
0 0.2860576923076923 0.5024038461538461 0.03125 0.040865384615384616
0 0.31971153846153844 0.4879807692307692 0.0625 0.06971153846153846
0 0.28365384615384615 0.5877403846153846 0.04567307692307692 0.04567307692307692
0 0.21634615384615385 0.5564903846153846 0.036057692307692304 0.040865384615384616
0 0.24519230769230768 0.5384615384615384 0.028846153846153848 0.040865384615384616
0 0.15144230769230768 0.3557692307692308 0.11778846153846154 0.17067307692307693
0 0.010817307692307692 0.6442307692307693 0.021634615384615384 0.02403846153846154
0 0.6826923076923077 0.46634615384615385 0.038461538461538464 0.055288461538461536
0 0.7584134615384616 0.2403846153846154 0.06971153846153846 0.09615384615384616
0 0.6478365384615384 0.578125 0.021634615384615384 0.026442307692307692
0 0.6694711538461539 0.6069711538461539 0.021634615384615384 0.021634615384615384
0 0.6598557692307693 0.5300480769230769 0.026442307692307692 0.036057692307692304
0 0.7283653846153846 0.5985576923076923 0.028846153846153848 0.03365384615384615
0 0.7271634615384616 0.6274038461538461 0.021634615384615384 0.021634615384615384
0 0.6971153846153846 0.6490384615384616 0.02403846153846154 0.014423076923076924
0 0.6334134615384616 0.6105769230769231 0.019230769230769232 0.026442307692307692
0 0.6298076923076923 0.6310096153846154 0.014423076923076924 0.01201923076923077
0 0.27524038461538464 0.6875 0.19471153846153846 0.057692307692307696