0 0.14423076923076922 0.18389423076923078 0.18509615384615385 0.17307692307692307
0 0.026442307692307692 0.21033653846153846 0.052884615384615384 0.13221153846153846
0 0.5372596153846154 0.025240384615384616 0.07932692307692307 0.05048076923076923
0 0.5913461538461539 0.3485576923076923 0.1971153846153846 0.09615384615384616
0 0.7956730769230769 0.14543269230769232 0.1346153846153846 0.1201923076923077
0 0.4362980769230769 0.06971153846153846 0.09375 0.13942307692307693
0 0.7764423076923077 0.11538461538461539 0.4423076923076923 0.23076923076923078
0 0.23557692307692307 0.47475961538461536 0.0889423076923077 0.0889423076923077
0 0.09735576923076923 0.44471153846153844 0.052884615384615384 0.04807692307692308
0 0.08533653846153846 0.5132211538461539 0.0625 0.0673076923076923
0 0.009615384615384616 0.41225961538461536 0.019230769230769232 0.026442307692307692
0 0.6875 0.5564903846153846 0.04326923076923077 0.05048076923076923
0 0.6298076923076923 0.5853365384615384 0.04326923076923077 0.04567307692307692
0 0.5600961538461539 0.8930288461538461 0.11298076923076923 0.1346153846153846
0 0.7307692307692307 0.40865384615384615 0.014423076923076924 0.016826923076923076
0 0.8004807692307693 0.4411057692307692 0.021634615384615384 0.026442307692307692