0 0.3954326923076923 0.0673076923076923 0.06009615384615385 0.125
0 0.8016826923076923 0.5504807692307693 0.05048076923076923 0.009615384615384616
0 0.8461538461538461 0.5252403846153846 0.06009615384615385 0.04567307692307692
0 0.9831730769230769 0.2764423076923077 0.028846153846153848 0.14903846153846154
0 0.9495192307692307 0.4206730769230769 0.09615384615384616 0.09134615384615384
0 0.9759615384615384 0.4879807692307692 0.04326923076923077 0.07211538461538461
0 0.9663461538461539 0.4723557692307692 0.0625 0.07451923076923077
0 0.9158653846153846 0.5180288461538461 0.0673076923076923 0.0625
0 0.9266826923076923 0.5444711538461539 0.04567307692307692 0.021634615384615384
0 0.8677884615384616 0.5456730769230769 0.057692307692307696 0.019230769230769232
0 0.23317307692307693 0.9855769230769231 0.038461538461538464 0.02403846153846154
0 0.18629807692307693 0.8329326923076923 0.052884615384615384 0.08653846153846154
0 0.10697115384615384 0.8605769230769231 0.0673076923076923 0.0985576923076923
0 0.9699519230769231 0.9915865384615384 0.04567307692307692 0.01201923076923077
0 0.9759615384615384 0.9495192307692307 0.04326923076923077 0.08173076923076923
0 0.7584134615384616 0.9074519230769231 0.0985576923076923 0.0985576923076923
0 0.890625 0.9471153846153846 0.06971153846153846 0.10096153846153846
0 0.90625 0.9879807692307693 0.057692307692307696 0.019230769230769232