0 0.4230769230769231 0.27283653846153844 0.14903846153846154 0.15384615384615385
0 0.10697115384615384 0.15384615384615385 0.21394230769230768 0.23557692307692307
0 0.5216346153846154 0.04447115384615385 0.15865384615384615 0.0889423076923077
0 0.5889423076923077 0.6526442307692307 0.03365384615384615 0.08413461538461539
0 0.53125 0.6550480769230769 0.11778846153846154 0.11298076923076923
0 0.41225961538461536 0.6358173076923077 0.15865384615384615 0.14903846153846154
0 0.9350961538461539 0.8930288461538461 0.125 0.15625
0 0.8173076923076923 0.9495192307692307 0.21634615384615385 0.09615384615384616
0 0.8245192307692307 0.7548076923076923 0.17548076923076922 0.18028846153846154
0 0.6790865384615384 0.7704326923076923 0.14182692307692307 0.29086538461538464
0 0.7235576923076923 0.59375 0.18509615384615385 0.18990384615384615
0 0.6670673076923077 0.6346153846153846 0.11778846153846154 0.19230769230769232