0 0.4182692307692308 0.2860576923076923 0.038461538461538464 0.0673076923076923
0 0.4182692307692308 0.203125 0.038461538461538464 0.06490384615384616
0 0.36177884615384615 0.20793269230769232 0.06009615384615385 0.06490384615384616
0 0.4098557692307692 0.05889423076923077 0.055288461538461536 0.11778846153846154
0 0.2776442307692308 0.06610576923076923 0.15144230769230768 0.13221153846153846
0 0.40625 0.4375 0.028846153846153848 0.036057692307692304
0 0.4098557692307692 0.3870192307692308 0.055288461538461536 0.09134615384615384
0 0.41586538461538464 0.33533653846153844 0.026442307692307692 0.028846153846153848
0 0.27163461538461536 0.7716346153846154 0.09615384615384616 0.11057692307692307
0 0.2439903846153846 0.9423076923076923 0.0625 0.06490384615384616
0 0.24759615384615385 0.8689903846153846 0.07451923076923077 0.08173076923076923
0 0.23076923076923078 0.984375 0.057692307692307696 0.026442307692307692
0 0.3112980769230769 0.5841346153846154 0.1466346153846154 0.16346153846153846
0 0.08413461538461539 0.578125 0.13221153846153846 0.16826923076923078
0 0.38341346153846156 0.5456730769230769 0.10817307692307693 0.15384615384615385
0 0.7716346153846154 0.7524038461538461 0.28365384615384615 0.34134615384615385
0 0.47836538461538464 0.7427884615384616 0.07692307692307693 0.21153846153846154
0 0.46634615384615385 0.9459134615384616 0.052884615384615384 0.10336538461538461
0 0.5721153846153846 0.9230769230769231 0.11057692307692307 0.11057692307692307
0 0.7199519230769231 0.9158653846153846 0.09134615384615384 0.0985576923076923
0 0.7668269230769231 0.9483173076923077 0.06490384615384616 0.0625