0 0.07211538461538461 0.20793269230769232 0.08173076923076923 0.08413461538461539
0 0.18629807692307693 0.5396634615384616 0.21875 0.11298076923076923
0 0.3473557692307692 0.30649038461538464 0.14182692307692307 0.13221153846153846
0 0.31850961538461536 0.20673076923076922 0.4831730769230769 0.41346153846153844
0 0.5889423076923077 0.12259615384615384 0.038461538461538464 0.10576923076923077
0 0.9543269230769231 0.40865384615384615 0.08653846153846154 0.35096153846153844
0 0.7776442307692307 0.27403846153846156 0.23557692307692307 0.25961538461538464
0 0.8365384615384616 0.1466346153846154 0.1778846153846154 0.16826923076923078
0 0.6947115384615384 0.09735576923076923 0.12740384615384615 0.12740384615384615
0 0.6370192307692307 0.19110576923076922 0.1346153846153846 0.15144230769230768
0 0.5492788461538461 0.6778846153846154 0.036057692307692304 0.11538461538461539
0 0.22235576923076922 0.8149038461538461 0.11057692307692307 0.11538461538461539
0 0.18509615384615385 0.7007211538461539 0.052884615384615384 0.0625
0 0.43509615384615385 0.8197115384615384 0.2644230769230769 0.32211538461538464
0 0.6622596153846154 0.859375 0.18509615384615385 0.2764423076923077
0 0.7824519230769231 0.7956730769230769 0.13942307692307693 0.14182692307692307
0 0.625 0.7860576923076923 0.09134615384615384 0.09615384615384616