0 0.578125 0.2800480769230769 0.052884615384615384 0.05048076923076923
0 0.6045673076923077 0.20072115384615385 0.04326923076923077 0.05048076923076923
0 0.5396634615384616 0.18269230769230768 0.04326923076923077 0.052884615384615384
0 0.6754807692307693 0.06490384615384616 0.09615384615384616 0.10576923076923077
0 0.5180288461538461 0.03485576923076923 0.11298076923076923 0.06971153846153846
0 0.4411057692307692 0.4375 0.019230769230769232 0.028846153846153848
0 0.4987980769230769 0.41225961538461536 0.019230769230769232 0.03125
0 0.5276442307692307 0.36899038461538464 0.04326923076923077 0.07932692307692307
0 0.5444711538461539 0.32091346153846156 0.019230769230769232 0.02403846153846154
0 0.9242788461538461 0.4879807692307692 0.06490384615384616 0.057692307692307696
0 0.9519230769230769 0.3894230769230769 0.08653846153846154 0.12740384615384615
0 0.7572115384615384 0.27524038461538464 0.038461538461538464 0.17067307692307693
0 0.3942307692307692 0.90625 0.10096153846153846 0.11538461538461539