0 0.35216346153846156 0.01201923076923077 0.06009615384615385 0.02403846153846154
0 0.17548076923076922 0.1502403846153846 0.10336538461538461 0.11057692307692307
0 0.9867788461538461 0.17908653846153846 0.021634615384615384 0.03125
0 0.9807692307692307 0.15384615384615385 0.014423076923076924 0.014423076923076924
0 0.8918269230769231 0.14182692307692307 0.04807692307692308 0.052884615384615384
0 0.9387019230769231 0.18990384615384615 0.03125 0.03365384615384615
0 0.9387019230769231 0.1310096153846154 0.02403846153846154 0.026442307692307692
0 0.9783653846153846 0.1141826923076923 0.016826923076923076 0.016826923076923076
0 0.34615384615384615 0.6538461538461539 0.09375 0.09615384615384616
0 0.4987980769230769 0.6622596153846154 0.021634615384615384 0.06971153846153846
0 0.6165865384615384 0.6971153846153846 0.057692307692307696 0.0625
0 0.5288461538461539 0.9387019230769231 0.08173076923076923 0.11778846153846154