0 0.28125 0.171875 0.05048076923076923 0.040865384615384616
0 0.28125 0.11177884615384616 0.057692307692307696 0.04567307692307692
0 0.07451923076923077 0.171875 0.03125 0.026442307692307692
0 0.11057692307692307 0.1814903846153846 0.026442307692307692 0.021634615384615384
0 0.15625 0.16346153846153846 0.03125 0.02403846153846154
0 0.10336538461538461 0.21514423076923078 0.026442307692307692 0.021634615384615384
0 0.07572115384615384 0.20072115384615385 0.021634615384615384 0.016826923076923076
0 0.054086538461538464 0.2283653846153846 0.016826923076923076 0.016826923076923076
0 0.5012019230769231 0.29086538461538464 0.08413461538461539 0.11538461538461539
0 0.5913461538461539 0.04567307692307692 0.16346153846153846 0.09134615384615384
0 0.4639423076923077 0.8209134615384616 0.009615384615384616 0.026442307692307692
0 0.5432692307692307 0.6201923076923077 0.125 0.10096153846153846
0 0.6442307692307693 0.6394230769230769 0.09615384615384616 0.07932692307692307
0 0.5144230769230769 0.734375 0.04326923076923077 0.04326923076923077
0 0.4639423076923077 0.9254807692307693 0.009615384615384616 0.02403846153846154