0 0.015625 0.265625 0.026442307692307692 0.03365384615384615
0 0.027644230769230768 0.3485576923076923 0.019230769230769232 0.03365384615384615
0 0.037259615384615384 0.09615384615384616 0.07451923076923077 0.19230769230769232
0 0.01201923076923077 0.38221153846153844 0.014423076923076924 0.009615384615384616
0 0.5901442307692307 0.026442307692307692 0.08413461538461539 0.052884615384615384
0 0.9735576923076923 0.25600961538461536 0.03125 0.028846153846153848
0 0.9927884615384616 0.2800480769230769 0.009615384615384616 0.026442307692307692
0 0.8942307692307693 0.17427884615384615 0.052884615384615384 0.04567307692307692
0 0.8713942307692307 0.1935096153846154 0.052884615384615384 0.04567307692307692
0 0.24759615384615385 0.9050480769230769 0.052884615384615384 0.05048076923076923
0 0.30528846153846156 0.8834134615384616 0.06490384615384616 0.07211538461538461
0 0.36778846153846156 0.8449519230769231 0.09134615384615384 0.0889423076923077
0 0.33413461538461536 0.7704326923076923 0.0985576923076923 0.10817307692307693
0 0.47475961538461536 0.7896634615384616 0.11057692307692307 0.10336538461538461
0 0.44591346153846156 0.7019230769230769 0.13221153846153846 0.14182692307692307
0 0.5120192307692307 0.6057692307692307 0.0673076923076923 0.21153846153846154
0 0.0733173076923077 0.9939903846153846 0.026442307692307692 0.007211538461538462
0 0.08774038461538461 0.9891826923076923 0.026442307692307692 0.016826923076923076
0 0.09975961538461539 0.9867788461538461 0.021634615384615384 0.021634615384615384
0 0.07572115384615384 0.9699519230769231 0.028846153846153848 0.028846153846153848
0 0.1141826923076923 0.9759615384615384 0.028846153846153848 0.028846153846153848
0 0.12980769230769232 0.9699519230769231 0.028846153846153848 0.028846153846153848
0 0.15264423076923078 0.9567307692307693 0.038461538461538464 0.038461538461538464
0 0.18028846153846154 0.9567307692307693 0.03365384615384615 0.03365384615384615
0 0.21394230769230768 0.9326923076923077 0.057692307692307696 0.04326923076923077
0 0.78125 0.9302884615384616 0.11298076923076923 0.11057692307692307
0 0.8737980769230769 0.9350961538461539 0.0985576923076923 0.11538461538461539
0 0.9771634615384616 0.9747596153846154 0.040865384615384616 0.04567307692307692
0 0.9110576923076923 0.9735576923076923 0.0673076923076923 0.04807692307692308
0 0.8269230769230769 0.9783653846153846 0.08653846153846154 0.038461538461538464
0 0.7295673076923077 0.9735576923076923 0.07451923076923077 0.04807692307692308