0 0.6442307692307693 0.08774038461538461 0.10576923076923077 0.1466346153846154
0 0.036057692307692304 0.47475961538461536 0.021634615384615384 0.021634615384615384
0 0.027644230769230768 0.5036057692307693 0.016826923076923076 0.019230769230769232
0 0.008413461538461538 0.5048076923076923 0.016826923076923076 0.019230769230769232
0 0.003605769230769231 0.5180288461538461 0.007211538461538462 0.016826923076923076
0 0.7752403846153846 0.2692307692307692 0.13701923076923078 0.17067307692307693
0 0.8894230769230769 0.4699519230769231 0.0625 0.0625
0 0.9206730769230769 0.265625 0.12740384615384615 0.1875
0 0.8425480769230769 0.40024038461538464 0.09615384615384616 0.11538461538461539
0 0.8317307692307693 0.07572115384615384 0.20192307692307693 0.15144230769230768
0 0.6322115384615384 0.8341346153846154 0.12980769230769232 0.27884615384615385
0 0.9807692307692307 0.9891826923076923 0.03365384615384615 0.016826923076923076