0 0.10216346153846154 0.03245192307692308 0.04567307692307692 0.05048076923076923
0 0.2860576923076923 0.1141826923076923 0.09134615384615384 0.08653846153846154
0 0.4182692307692308 0.11658653846153846 0.1201923076923077 0.10576923076923077
0 0.07451923076923077 0.22235576923076922 0.0889423076923077 0.11057692307692307
0 0.025240384615384616 0.006009615384615385 0.036057692307692304 0.01201923076923077
0 0.028846153846153848 0.056490384615384616 0.057692307692307696 0.11298076923076923
0 0.15144230769230768 0.021634615384615384 0.057692307692307696 0.04326923076923077
0 0.039663461538461536 0.5324519230769231 0.07932692307692307 0.10817307692307693
0 0.3245192307692308 0.7127403846153846 0.5 0.46875
0 0.9795673076923077 0.484375 0.036057692307692304 0.01201923076923077
0 0.7415865384615384 0.6766826923076923 0.07692307692307693 0.07211538461538461
0 0.9242788461538461 0.5420673076923077 0.04326923076923077 0.04567307692307692
0 0.625 0.7704326923076923 0.03365384615384615 0.13221153846153846
0 0.859375 0.5480769230769231 0.04326923076923077 0.04567307692307692
0 0.8293269230769231 0.5841346153846154 0.05048076923076923 0.052884615384615384
0 0.6971153846153846 0.6610576923076923 0.08173076923076923 0.0889423076923077
0 0.8894230769230769 0.5108173076923077 0.038461538461538464 0.04326923076923077
0 0.9050480769230769 0.48677884615384615 0.026442307692307692 0.016826923076923076
0 0.6706730769230769 0.7752403846153846 0.08173076923076923 0.09615384615384616
0 0.8293269230769231 0.5504807692307693 0.040865384615384616 0.036057692307692304
0 0.8569711538461539 0.5144230769230769 0.04807692307692308 0.052884615384615384
0 0.7836538461538461 0.5889423076923077 0.057692307692307696 0.0673076923076923