0 0.5024038461538461 0.03245192307692308 0.028846153846153848 0.040865384615384616
0 0.42427884615384615 0.0625 0.057692307692307696 0.04807692307692308
0 0.3713942307692308 0.24759615384615385 0.12259615384615384 0.13701923076923078
0 0.9711538461538461 0.036057692307692304 0.052884615384615384 0.07211538461538461
0 0.9759615384615384 0.013221153846153846 0.04326923076923077 0.026442307692307692
0 0.12139423076923077 0.9627403846153846 0.24278846153846154 0.06971153846153846
0 0.16466346153846154 0.8509615384615384 0.16105769230769232 0.15865384615384615
0 0.07211538461538461 0.8004807692307693 0.14423076923076922 0.15384615384615385
0 0.7848557692307693 0.9206730769230769 0.11057692307692307 0.11778846153846154
0 0.8401442307692307 0.5060096153846154 0.06009615384615385 0.055288461538461536
0 0.8197115384615384 0.6310096153846154 0.055288461538461536 0.055288461538461536