0 0.15865384615384615 0.0889423076923077 0.04326923076923077 0.04326923076923077
0 0.09014423076923077 0.0985576923076923 0.038461538461538464 0.036057692307692304
0 0.2800480769230769 0.026442307692307692 0.06490384615384616 0.052884615384615384
0 0.03485576923076923 0.10817307692307693 0.02403846153846154 0.02403846153846154
0 0.07572115384615384 0.06850961538461539 0.026442307692307692 0.02403846153846154
0 0.04447115384615385 0.08533653846153846 0.026442307692307692 0.02403846153846154
0 0.007211538461538462 0.09735576923076923 0.014423076923076924 0.021634615384615384
0 0.4170673076923077 0.125 0.12980769230769232 0.12259615384615384
0 0.7764423076923077 0.055288461538461536 0.2644230769230769 0.11057692307692307
0 0.3894230769230769 0.03485576923076923 0.10096153846153846 0.06971153846153846
0 0.42908653846153844 0.31490384615384615 0.18028846153846154 0.14423076923076922
0 0.3629807692307692 0.09735576923076923 0.04807692307692308 0.10817307692307693
0 0.8461538461538461 0.18509615384615385 0.30288461538461536 0.34134615384615385
0 0.5012019230769231 0.040865384615384616 0.13701923076923078 0.08173076923076923
0 0.35336538461538464 0.7692307692307693 0.028846153846153848 0.09615384615384616