0 0.008413461538461538 0.24519230769230768 0.016826923076923076 0.04326923076923077
0 0.22956730769230768 0.23798076923076922 0.1346153846153846 0.14903846153846154
0 0.26322115384615385 0.21033653846153846 0.06490384615384616 0.07451923076923077
0 0.06971153846153846 0.21995192307692307 0.057692307692307696 0.06009615384615385
0 0.07572115384615384 0.2548076923076923 0.055288461538461536 0.055288461538461536
0 0.46274038461538464 0.14783653846153846 0.07211538461538461 0.06490384615384616
0 0.5853365384615384 0.31009615384615385 0.052884615384615384 0.05048076923076923
0 0.6141826923076923 0.3581730769230769 0.04326923076923077 0.040865384615384616
0 0.5504807692307693 0.33653846153846156 0.0889423076923077 0.08653846153846154
0 0.25600961538461536 0.45913461538461536 0.07932692307692307 0.10096153846153846
0 0.453125 0.9591346153846154 0.03365384615384615 0.036057692307692304
0 0.6298076923076923 0.8725961538461539 0.0625 0.0673076923076923