0 0.09735576923076923 0.31971153846153844 0.10096153846153846 0.10576923076923077
0 0.6358173076923077 0.2860576923076923 0.31490384615384615 0.25961538461538464
0 0.6802884615384616 0.11658653846153846 0.14423076923076922 0.14182692307692307
0 0.5552884615384616 0.21394230769230768 0.0985576923076923 0.09375
0 0.09735576923076923 0.9747596153846154 0.10817307692307693 0.04567307692307692
0 0.04326923076923077 0.9519230769230769 0.07932692307692307 0.07932692307692307
0 0.25721153846153844 0.9411057692307693 0.15384615384615385 0.11298076923076923
0 0.3713942307692308 0.7451923076923077 0.14903846153846154 0.1658653846153846
0 0.4362980769230769 0.5072115384615384 0.07932692307692307 0.14423076923076922
0 0.039663461538461536 0.9026442307692307 0.06490384615384616 0.0673076923076923
0 0.5300480769230769 0.6454326923076923 0.10336538461538461 0.13701923076923078
0 0.7548076923076923 0.49399038461538464 0.1875 0.15144230769230768