0 0.04326923076923077 0.5588942307692307 0.026442307692307692 0.028846153846153848
0 0.042067307692307696 0.59375 0.026442307692307692 0.028846153846153848
0 0.07692307692307693 0.5673076923076923 0.03125 0.03365384615384615
0 0.009615384615384616 0.6129807692307693 0.019230769230769232 0.004807692307692308
0 0.003605769230769231 0.6081730769230769 0.007211538461538462 0.019230769230769232
0 0.9146634615384616 0.027644230769230768 0.07451923076923077 0.055288461538461536
0 0.7427884615384616 0.28725961538461536 0.014423076923076924 0.014423076923076924
0 0.7884615384615384 0.2704326923076923 0.026442307692307692 0.026442307692307692
0 0.7235576923076923 0.22115384615384615 0.021634615384615384 0.02403846153846154
0 0.7680288461538461 0.2764423076923077 0.021634615384615384 0.021634615384615384
0 0.6947115384615384 0.2800480769230769 0.019230769230769232 0.021634615384615384
0 0.8365384615384616 0.25841346153846156 0.04326923076923077 0.04326923076923077
0 0.8149038461538461 0.25961538461538464 0.03125 0.03365384615384615
0 0.6742788461538461 0.2776442307692308 0.01201923076923077 0.01201923076923077
0 0.71875 0.2920673076923077 0.014423076923076924 0.014423076923076924
0 0.7091346153846154 0.296875 0.014423076923076924 0.014423076923076924
0 0.19471153846153846 0.9603365384615384 0.08173076923076923 0.07451923076923077
0 0.03365384615384615 0.7980769230769231 0.0673076923076923 0.11057692307692307
0 0.21754807692307693 0.7800480769230769 0.12259615384615384 0.12259615384615384