0 0.1622596153846154 0.23317307692307693 0.14903846153846154 0.11778846153846154
0 0.33774038461538464 0.13221153846153846 0.09134615384615384 0.09134615384615384
0 0.46634615384615385 0.06129807692307692 0.08653846153846154 0.0889423076923077
0 0.3942307692307692 0.15745192307692307 0.13221153846153846 0.13701923076923078
0 0.9038461538461539 0.2608173076923077 0.12980769230769232 0.12740384615384615
0 0.8725961538461539 0.13341346153846154 0.07451923076923077 0.07211538461538461
0 0.8221153846153846 0.25240384615384615 0.10336538461538461 0.11057692307692307
0 0.37259615384615385 0.6009615384615384 0.07932692307692307 0.10336538461538461
0 0.41466346153846156 0.7524038461538461 0.11778846153846154 0.15865384615384615
0 0.44591346153846156 0.9278846153846154 0.15144230769230768 0.13942307692307693
0 0.3485576923076923 0.5060096153846154 0.0625 0.055288461538461536