0 0.24278846153846154 0.02403846153846154 0.04567307692307692 0.04567307692307692
0 0.12980769230769232 0.16466346153846154 0.10576923076923077 0.09134615384615384
0 0.3629807692307692 0.1310096153846154 0.17067307692307693 0.10336538461538461
0 0.23677884615384615 0.09254807692307693 0.06971153846153846 0.057692307692307696
0 0.1875 0.03125 0.09134615384615384 0.0625
0 0.47596153846153844 0.07692307692307693 0.021634615384615384 0.021634615384615384
0 0.49038461538461536 0.06610576923076923 0.014423076923076924 0.016826923076923076
0 0.5012019230769231 0.042067307692307696 0.016826923076923076 0.016826923076923076
0 0.8401442307692307 0.08533653846153846 0.17067307692307693 0.1201923076923077
0 0.9747596153846154 0.02283653846153846 0.04567307692307692 0.04567307692307692
0 0.7860576923076923 0.27524038461538464 0.1971153846153846 0.17307692307692307
0 0.45913461538461536 0.9278846153846154 0.15384615384615385 0.13942307692307693
0 0.6298076923076923 0.7944711538461539 0.08173076923076923 0.06490384615384616
0 0.671875 0.7271634615384616 0.0673076923076923 0.055288461538461536
0 0.6033653846153846 0.7235576923076923 0.07692307692307693 0.0673076923076923
0 0.9350961538461539 0.8401442307692307 0.014423076923076924 0.01201923076923077
0 0.9507211538461539 0.8269230769230769 0.014423076923076924 0.01201923076923077
0 0.7103365384615384 0.7956730769230769 0.09615384615384616 0.07451923076923077