0 0.07692307692307693 0.6141826923076923 0.10576923076923077 0.04567307692307692
0 0.06490384615384616 0.20432692307692307 0.10096153846153846 0.09134615384615384
0 0.5096153846153846 0.46153846153846156 0.040865384615384616 0.028846153846153848
0 0.6009615384615384 0.46634615384615385 0.052884615384615384 0.03365384615384615
0 0.44350961538461536 0.4338942307692308 0.026442307692307692 0.021634615384615384
0 0.71875 0.31490384615384615 0.0889423076923077 0.12259615384615384
0 0.38822115384615385 0.4567307692307692 0.014423076923076924 0.01201923076923077
0 0.09495192307692307 0.9026442307692307 0.052884615384615384 0.04326923076923077
0 0.11899038461538461 0.9663461538461539 0.0625 0.04807692307692308
0 0.055288461538461536 0.984375 0.038461538461538464 0.026442307692307692
0 0.7007211538461539 0.8762019230769231 0.43509615384615385 0.24278846153846154