0 0.11538461538461539 0.1045673076923077 0.11538461538461539 0.10576923076923077
0 0.33413461538461536 0.042067307692307696 0.17307692307692307 0.08413461538461539
0 0.20192307692307693 0.02283653846153846 0.07692307692307693 0.04567307692307692
0 0.7367788461538461 0.18629807692307693 0.14903846153846154 0.14423076923076922
0 0.6274038461538461 0.23076923076923078 0.13942307692307693 0.19230769230769232
0 0.7115384615384616 0.009615384615384616 0.10096153846153846 0.019230769230769232
0 0.6550480769230769 0.10336538461538461 0.125 0.12259615384615384
0 0.6682692307692307 0.3112980769230769 0.22115384615384615 0.15144230769230768
0 0.16947115384615385 0.3954326923076923 0.055288461538461536 0.01201923076923077
0 0.140625 0.41225961538461536 0.04807692307692308 0.04326923076923077
0 0.11778846153846154 0.4543269230769231 0.0673076923076923 0.0625
0 0.0733173076923077 0.4098557692307692 0.07451923076923077 0.040865384615384616
0 0.14423076923076922 0.6610576923076923 0.10096153846153846 0.10096153846153846
0 0.1875 0.8485576923076923 0.33653846153846156 0.2980769230769231
0 0.6526442307692307 0.7668269230769231 0.10096153846153846 0.09375
0 0.9735576923076923 0.6514423076923077 0.040865384615384616 0.040865384615384616
0 0.6682692307692307 0.5360576923076923 0.10096153846153846 0.10336538461538461