0 0.23197115384615385 0.14903846153846154 0.11057692307692307 0.14182692307692307
0 0.3762019230769231 0.31009615384615385 0.07692307692307693 0.08413461538461539
0 0.3076923076923077 0.32572115384615385 0.08413461538461539 0.09615384615384616
0 0.31850961538461536 0.4050480769230769 0.10817307692307693 0.10096153846153846
0 0.4519230769230769 0.38461538461538464 0.06490384615384616 0.06971153846153846
0 0.5600961538461539 0.49278846153846156 0.04567307692307692 0.04567307692307692
0 0.6730769230769231 0.35697115384615385 0.14903846153846154 0.17067307692307693
0 0.7596153846153846 0.2956730769230769 0.06971153846153846 0.08173076923076923
0 0.6274038461538461 0.18509615384615385 0.057692307692307696 0.10096153846153846
0 0.609375 0.07932692307692307 0.021634615384615384 0.08653846153846154
0 0.8473557692307693 0.1622596153846154 0.0985576923076923 0.08173076923076923
0 0.7884615384615384 0.019230769230769232 0.052884615384615384 0.038461538461538464
0 0.8774038461538461 0.040865384615384616 0.036057692307692304 0.03125
0 0.8942307692307693 0.021634615384615384 0.028846153846153848 0.02403846153846154
0 0.9086538461538461 0.007211538461538462 0.02403846153846154 0.014423076923076924
0 0.5625 0.9122596153846154 0.06490384615384616 0.06490384615384616
0 0.33052884615384615 0.6201923076923077 0.11778846153846154 0.04326923076923077
0 0.4987980769230769 0.75 0.06490384615384616 0.07211538461538461
0 0.5817307692307693 0.8401442307692307 0.028846153846153848 0.06009615384615385
0 0.4254807692307692 0.8185096153846154 0.10817307692307693 0.10096153846153846
0 0.47115384615384615 0.9627403846153846 0.08173076923076923 0.06971153846153846
0 0.7980769230769231 0.9266826923076923 0.39903846153846156 0.14182692307692307
0 0.9314903846153846 0.8209134615384616 0.0985576923076923 0.10336538461538461
0 0.9723557692307693 0.7127403846153846 0.05048076923076923 0.0889423076923077