0 0.3449519230769231 0.19230769230769232 0.028846153846153848 0.03365384615384615
0 0.33774038461538464 0.48677884615384615 0.06490384615384616 0.10336538461538461
0 0.3317307692307692 0.14783653846153846 0.021634615384615384 0.028846153846153848
0 0.25 0.18870192307692307 0.036057692307692304 0.04326923076923077
0 0.3076923076923077 0.078125 0.016826923076923076 0.019230769230769232
0 0.31009615384615385 0.09375 0.019230769230769232 0.019230769230769232
0 0.2824519230769231 0.02283653846153846 0.009615384615384616 0.009615384615384616
0 0.7043269230769231 0.06971153846153846 0.055288461538461536 0.04567307692307692
0 0.484375 0.11778846153846154 0.07451923076923077 0.10817307692307693
0 0.578125 0.04326923076923077 0.036057692307692304 0.06009615384615385
0 0.5456730769230769 0.006009615384615385 0.04326923076923077 0.01201923076923077
0 0.43990384615384615 0.009615384615384616 0.03365384615384615 0.019230769230769232
0 0.6213942307692307 0.7548076923076923 0.03125 0.038461538461538464
0 0.65625 0.6490384615384616 0.019230769230769232 0.019230769230769232
0 0.44711538461538464 0.9615384615384616 0.057692307692307696 0.057692307692307696
0 0.5348557692307693 0.8449519230769231 0.0625 0.06971153846153846
0 0.5901442307692307 0.8653846153846154 0.055288461538461536 0.07451923076923077
0 0.609375 0.8004807692307693 0.04807692307692308 0.06490384615384616
0 0.5637019230769231 0.7680288461538461 0.04567307692307692 0.06009615384615385
0 0.6057692307692307 0.6754807692307693 0.040865384615384616 0.07451923076923077
0 0.7151442307692307 0.6826923076923077 0.021634615384615384 0.02403846153846154
0 0.6454326923076923 0.984375 0.0985576923076923 0.026442307692307692