0 0.21875 0.4963942307692308 0.04567307692307692 0.03125
0 0.5372596153846154 0.40024038461538464 0.07932692307692307 0.07451923076923077
0 0.12259615384615384 0.47596153846153844 0.02403846153846154 0.02403846153846154
0 0.4387019230769231 0.4074519230769231 0.0889423076923077 0.057692307692307696
0 0.078125 0.47596153846153844 0.014423076923076924 0.016826923076923076
0 0.7512019230769231 0.12379807692307693 0.0625 0.06009615384615385
0 0.6478365384615384 0.1875 0.040865384615384616 0.04326923076923077
0 0.5853365384615384 0.31009615384615385 0.01201923076923077 0.028846153846153848
0 0.0625 0.5745192307692307 0.03365384615384615 0.009615384615384616
0 0.24759615384615385 0.8305288461538461 0.2283653846153846 0.19951923076923078
0 0.08173076923076923 0.5853365384615384 0.02403846153846154 0.03125