0 0.24759615384615385 0.23557692307692307 0.040865384615384616 0.040865384615384616
0 0.28725961538461536 0.14543269230769232 0.04807692307692308 0.04807692307692308
0 0.24158653846153846 0.0889423076923077 0.0673076923076923 0.06490384615384616
0 0.1778846153846154 0.038461538461538464 0.10096153846153846 0.07692307692307693
0 0.3485576923076923 0.2776442307692308 0.02403846153846154 0.02403846153846154
0 0.36778846153846156 0.2247596153846154 0.036057692307692304 0.036057692307692304
0 0.28125 0.25240384615384615 0.03125 0.03125
0 0.3233173076923077 0.18028846153846154 0.038461538461538464 0.038461538461538464
0 0.7487980769230769 0.15985576923076922 0.33413461538461536 0.31971153846153844
0 0.6370192307692307 0.2848557692307692 0.15384615384615385 0.10336538461538461
0 0.7848557692307693 0.2536057692307692 0.10096153846153846 0.10096153846153846
0 0.9747596153846154 0.9915865384615384 0.04567307692307692 0.01201923076923077
0 0.9795673076923077 0.8293269230769231 0.036057692307692304 0.1346153846153846