0 0.3329326923076923 0.38221153846153844 0.04567307692307692 0.10096153846153846
0 0.4182692307692308 0.38461538461538464 0.028846153846153848 0.03125
0 0.5048076923076923 0.3798076923076923 0.07692307692307693 0.08653846153846154
0 0.5612980769230769 0.4170673076923077 0.0673076923076923 0.07451923076923077
0 0.4795673076923077 0.42908653846153844 0.06490384615384616 0.055288461538461536
0 0.4411057692307692 0.35697115384615385 0.07692307692307693 0.08173076923076923
0 0.4266826923076923 0.40384615384615385 0.06971153846153846 0.07211538461538461
0 0.4182692307692308 0.4375 0.057692307692307696 0.038461538461538464
0 0.06850961538461539 0.9026442307692307 0.052884615384615384 0.055288461538461536
0 0.32091346153846156 0.9098557692307693 0.06971153846153846 0.09375
0 0.3389423076923077 0.9387019230769231 0.03365384615384615 0.07451923076923077
0 0.2800480769230769 0.9350961538461539 0.0673076923076923 0.06971153846153846
0 0.2512019230769231 0.8449519230769231 0.07692307692307693 0.07692307692307693
0 0.23677884615384615 0.8978365384615384 0.06971153846153846 0.06971153846153846
0 0.21754807692307693 0.9254807692307693 0.052884615384615384 0.052884615384615384
0 0.16105769230769232 0.9002403846153846 0.06490384615384616 0.0673076923076923
0 0.17548076923076922 0.9242788461538461 0.04807692307692308 0.05048076923076923
0 0.12740384615384615 0.9206730769230769 0.04567307692307692 0.04807692307692308
0 0.10216346153846154 0.8978365384615384 0.052884615384615384 0.055288461538461536
0 0.018028846153846152 0.9122596153846154 0.036057692307692304 0.040865384615384616
0 0.5721153846153846 0.8713942307692307 0.08173076923076923 0.08413461538461539
0 0.7548076923076923 0.703125 0.4855769230769231 0.4879807692307692
0 0.4074519230769231 0.9915865384615384 0.055288461538461536 0.01201923076923077