0 0.17067307692307693 0.49158653846153844 0.055288461538461536 0.052884615384615384
0 0.038461538461538464 0.35697115384615385 0.07692307692307693 0.11298076923076923
0 0.12860576923076922 0.38822115384615385 0.08413461538461539 0.09134615384615384
0 0.7800480769230769 0.020432692307692308 0.11298076923076923 0.040865384615384616
0 0.8713942307692307 0.08413461538461539 0.07692307692307693 0.09134615384615384
0 0.9206730769230769 0.16706730769230768 0.06971153846153846 0.08413461538461539
0 0.6286057692307693 0.9759615384615384 0.0985576923076923 0.04326923076923077
0 0.7644230769230769 0.8942307692307693 0.0889423076923077 0.10576923076923077
0 0.8978365384615384 0.9759615384615384 0.06490384615384616 0.04326923076923077
0 0.8545673076923077 0.8990384615384616 0.09615384615384616 0.1201923076923077
0 0.7475961538461539 0.6862980769230769 0.15144230769230768 0.21153846153846154
0 0.5024038461538461 0.5889423076923077 0.14903846153846154 0.10096153846153846