0 0.2956730769230769 0.3870192307692308 0.21153846153846154 0.22355769230769232
0 0.7896634615384616 0.07211538461538461 0.25240384615384615 0.14423076923076922
0 0.8461538461538461 0.2091346153846154 0.16105769230769232 0.16346153846153846
0 0.9399038461538461 0.20072115384615385 0.11538461538461539 0.17067307692307693
0 0.5180288461538461 0.9711538461538461 0.13701923076923078 0.052884615384615384
0 0.16947115384615385 0.8076923076923077 0.10336538461538461 0.10817307692307693
0 0.014423076923076924 0.9591346153846154 0.028846153846153848 0.038461538461538464
0 0.19951923076923078 0.9783653846153846 0.1875 0.038461538461538464
0 0.008413461538461538 0.9206730769230769 0.016826923076923076 0.052884615384615384
0 0.12379807692307693 0.9122596153846154 0.08413461538461539 0.08653846153846154
0 0.056490384615384616 0.9411057692307693 0.05048076923076923 0.055288461538461536
0 0.006009615384615385 0.96875 0.01201923076923077 0.057692307692307696
0 0.6370192307692307 0.8954326923076923 0.014423076923076924 0.06490384615384616
0 0.7163461538461539 0.7415865384615384 0.12259615384615384 0.12980769230769232
0 0.65625 0.8701923076923077 0.052884615384615384 0.0625
0 0.7536057692307693 0.8846153846153846 0.06971153846153846 0.06971153846153846
0 0.8894230769230769 0.8786057692307693 0.21634615384615385 0.23798076923076922
0 0.9230769230769231 0.8016826923076923 0.12740384615384615 0.125