0 0.08413461538461539 0.5012019230769231 0.057692307692307696 0.0625
0 0.01201923076923077 0.7043269230769231 0.02403846153846154 0.04326923076923077
0 0.13581730769230768 0.6225961538461539 0.08173076923076923 0.0673076923076923
0 0.09495192307692307 0.65625 0.07211538461538461 0.04567307692307692
0 0.04447115384615385 0.6778846153846154 0.057692307692307696 0.040865384615384616
0 0.8557692307692307 0.6899038461538461 0.014423076923076924 0.01201923076923077
0 0.9435096153846154 0.6694711538461539 0.028846153846153848 0.028846153846153848
0 0.19951923076923078 0.9278846153846154 0.028846153846153848 0.028846153846153848
0 0.2439903846153846 0.9338942307692307 0.038461538461538464 0.028846153846153848
0 0.2800480769230769 0.7752403846153846 0.052884615384615384 0.0625
0 0.3329326923076923 0.7956730769230769 0.057692307692307696 0.0625
0 0.3858173076923077 0.8209134615384616 0.0985576923076923 0.07211538461538461
0 0.12620192307692307 0.9735576923076923 0.028846153846153848 0.019230769230769232
0 0.13701923076923078 0.9867788461538461 0.03365384615384615 0.021634615384615384
0 0.16466346153846154 0.9567307692307693 0.028846153846153848 0.028846153846153848
0 0.19471153846153846 0.9807692307692307 0.038461538461538464 0.028846153846153848