0 0.12860576923076922 0.5324519230769231 0.0985576923076923 0.026442307692307692
0 0.057692307692307696 0.4795673076923077 0.11538461538461539 0.13221153846153846
0 0.021634615384615384 0.44591346153846156 0.04326923076923077 0.07451923076923077
0 0.9483173076923077 0.39302884615384615 0.0985576923076923 0.11778846153846154
0 0.8377403846153846 0.49278846153846156 0.10817307692307693 0.10576923076923077
0 0.6129807692307693 0.4567307692307692 0.07692307692307693 0.09615384615384616
0 0.3713942307692308 0.8966346153846154 0.15144230769230768 0.20192307692307693
0 0.9411057692307693 0.96875 0.019230769230769232 0.019230769230769232
0 0.9399038461538461 0.5949519230769231 0.0625 0.09375
0 0.9543269230769231 0.7223557692307693 0.04567307692307692 0.06971153846153846
0 0.9411057692307693 0.7896634615384616 0.04807692307692308 0.08173076923076923
0 0.9471153846153846 0.8677884615384616 0.03125 0.026442307692307692
0 0.9375 0.8918269230769231 0.021634615384615384 0.019230769230769232
0 0.9387019230769231 0.9338942307692307 0.021634615384615384 0.028846153846153848
0 0.9411057692307693 0.9567307692307693 0.026442307692307692 0.03125
0 0.9459134615384616 0.9831730769230769 0.016826923076923076 0.019230769230769232