0 0.27283653846153844 0.2091346153846154 0.08173076923076923 0.18509615384615385
0 0.3629807692307692 0.9423076923076923 0.04567307692307692 0.06971153846153846
0 0.3581730769230769 0.8497596153846154 0.057692307692307696 0.08413461538461539
0 0.3894230769230769 0.703125 0.07211538461538461 0.13701923076923078
0 0.23918269230769232 0.6742788461538461 0.09375 0.1346153846153846
0 0.051682692307692304 0.49038461538461536 0.10336538461538461 0.22115384615384615
0 0.984375 0.8461538461538461 0.026442307692307692 0.0673076923076923
0 0.9603365384615384 0.9146634615384616 0.055288461538461536 0.0625
0 0.9206730769230769 0.8894230769230769 0.055288461538461536 0.06490384615384616
0 0.8786057692307693 0.9495192307692307 0.036057692307692304 0.038461538461538464
0 0.8353365384615384 0.9350961538461539 0.04567307692307692 0.057692307692307696
0 0.7872596153846154 0.9615384615384616 0.040865384615384616 0.05048076923076923
0 0.7944711538461539 0.9783653846153846 0.040865384615384616 0.038461538461538464
0 0.7548076923076923 0.9771634615384616 0.036057692307692304 0.040865384615384616
0 0.7283653846153846 0.9819711538461539 0.028846153846153848 0.03125
0 0.7644230769230769 0.9879807692307693 0.028846153846153848 0.019230769230769232
0 0.7403846153846154 0.9915865384615384 0.03365384615384615 0.01201923076923077
0 0.6995192307692307 0.9855769230769231 0.028846153846153848 0.02403846153846154
0 0.7091346153846154 0.9927884615384616 0.028846153846153848 0.009615384615384616
0 0.6802884615384616 0.9915865384615384 0.02403846153846154 0.01201923076923077
0 0.6622596153846154 0.9939903846153846 0.021634615384615384 0.007211538461538462