0 0.20793269230769232 0.40024038461538464 0.10576923076923077 0.09375
0 0.29447115384615385 0.15865384615384615 0.1658653846153846 0.16826923076923078
0 0.25 0.32091346153846156 0.10336538461538461 0.0985576923076923
0 0.18028846153846154 0.43509615384615385 0.0625 0.04326923076923077
0 0.8016826923076923 0.04567307692307692 0.09375 0.09134615384615384
0 0.8004807692307693 0.15625 0.06490384615384616 0.06009615384615385
0 0.8509615384615384 0.1875 0.07451923076923077 0.0673076923076923
0 0.9230769230769231 0.19591346153846154 0.06971153846153846 0.06490384615384616
0 0.8774038461538461 0.12980769230769232 0.08173076923076923 0.07451923076923077
0 0.7884615384615384 0.21995192307692307 0.04326923076923077 0.040865384615384616
0 0.8894230769230769 0.24278846153846154 0.057692307692307696 0.052884615384615384
0 0.8317307692307693 0.23798076923076922 0.052884615384615384 0.04807692307692308
0 0.7788461538461539 0.2620192307692308 0.036057692307692304 0.03365384615384615
0 0.8557692307692307 0.3004807692307692 0.06009615384615385 0.05048076923076923
0 0.8209134615384616 0.33774038461538464 0.028846153846153848 0.026442307692307692
0 0.7896634615384616 0.390625 0.02403846153846154 0.021634615384615384
0 0.8161057692307693 0.2860576923076923 0.03365384615384615 0.03125
0 0.8689903846153846 0.2692307692307692 0.04807692307692308 0.04326923076923077
0 0.7800480769230769 0.3161057692307692 0.021634615384615384 0.021634615384615384
0 0.8028846153846154 0.32091346153846156 0.038461538461538464 0.03365384615384615
0 0.7139423076923077 0.390625 0.014423076923076924 0.014423076923076924
0 0.7956730769230769 0.33533653846153844 0.028846153846153848 0.02403846153846154
0 0.78125 0.34134615384615385 0.026442307692307692 0.02403846153846154
0 0.7512019230769231 0.4387019230769231 0.016826923076923076 0.016826923076923076
0 0.7403846153846154 0.44591346153846156 0.01201923076923077 0.01201923076923077
0 0.7307692307692307 0.43990384615384615 0.01201923076923077 0.01201923076923077
0 0.7355769230769231 0.453125 0.009615384615384616 0.009615384615384616
0 0.7223557692307693 0.453125 0.01201923076923077 0.007211538461538462
0 0.8245192307692307 0.2608173076923077 0.040865384615384616 0.036057692307692304
0 0.8353365384615384 0.3293269230769231 0.036057692307692304 0.03365384615384615
0 0.8100961538461539 0.29927884615384615 0.036057692307692304 0.03365384615384615
0 0.8173076923076923 0.35336538461538464 0.038461538461538464 0.03125
0 0.8137019230769231 0.36538461538461536 0.02403846153846154 0.019230769230769232
0 0.8052884615384616 0.37259615384615385 0.028846153846153848 0.026442307692307692
0 0.7644230769230769 0.3894230769230769 0.016826923076923076 0.014423076923076924
0 0.7560096153846154 0.39903846153846156 0.01201923076923077 0.01201923076923077
0 0.7475961538461539 0.41225961538461536 0.01201923076923077 0.01201923076923077
0 0.7512019230769231 0.4230769230769231 0.01201923076923077 0.01201923076923077
0 0.7403846153846154 0.4230769230769231 0.01201923076923077 0.01201923076923077
0 0.703125 0.44591346153846156 0.009615384615384616 0.007211538461538462
0 0.7836538461538461 0.36177884615384615 0.02403846153846154 0.021634615384615384
0 0.7752403846153846 0.3737980769230769 0.02403846153846154 0.021634615384615384
0 0.515625 0.7055288461538461 0.19951923076923078 0.23317307692307693
0 0.24879807692307693 0.875 0.3293269230769231 0.24519230769230768
0 0.06490384615384616 0.7800480769230769 0.12980769230769232 0.21394230769230768
0 0.03245192307692308 0.5745192307692307 0.06490384615384616 0.10096153846153846
0 0.08533653846153846 0.6778846153846154 0.12259615384615384 0.11538461538461539
0 0.09615384615384616 0.7379807692307693 0.11057692307692307 0.11778846153846154
0 0.6911057692307693 0.8137019230769231 0.1466346153846154 0.23798076923076922
0 0.8605769230769231 0.7524038461538461 0.27403846153846156 0.27403846153846156
0 0.7716346153846154 0.5877403846153846 0.3076923076923077 0.25721153846153844
0 0.7415865384615384 0.6766826923076923 0.24759615384615385 0.43509615384615385