0 0.234375 0.44711538461538464 0.03365384615384615 0.03365384615384615
0 0.24879807692307693 0.4362980769230769 0.07211538461538461 0.07451923076923077
0 0.1045673076923077 0.375 0.2091346153846154 0.2548076923076923
0 0.23197115384615385 0.34375 0.0889423076923077 0.0889423076923077
0 0.9675480769230769 0.5853365384615384 0.06009615384615385 0.07451923076923077
0 0.8329326923076923 0.6971153846153846 0.09375 0.057692307692307696
0 0.9807692307692307 0.5120192307692307 0.03365384615384615 0.09134615384615384
0 0.9771634615384616 0.41466346153846156 0.040865384615384616 0.11778846153846154
0 0.9771634615384616 0.25600961538461536 0.040865384615384616 0.18028846153846154
0 0.890625 0.265625 0.16105769230769232 0.16105769230769232
0 0.43028846153846156 0.4182692307692308 0.10096153846153846 0.3269230769230769
0 0.9435096153846154 0.7151442307692307 0.04567307692307692 0.021634615384615384
0 0.9483173076923077 0.6887019230769231 0.052884615384615384 0.052884615384615384
0 0.9699519230769231 0.6466346153846154 0.055288461538461536 0.0625
0 0.056490384615384616 0.9399038461538461 0.11298076923076923 0.11538461538461539
0 0.6526442307692307 0.9555288461538461 0.11778846153846154 0.08413461538461539
0 0.8257211538461539 0.765625 0.0985576923076923 0.07451923076923077
0 0.9134615384615384 0.7644230769230769 0.08173076923076923 0.07211538461538461
0 0.9555288461538461 0.7692307692307693 0.06009615384615385 0.06009615384615385