0 0.2127403846153846 0.265625 0.2860576923076923 0.24519230769230768
0 0.47115384615384615 0.4074519230769231 0.04326923076923077 0.07451923076923077
0 0.4110576923076923 0.9543269230769231 0.07211538461538461 0.08653846153846154
0 0.6514423076923077 0.7235576923076923 0.0673076923076923 0.08413461538461539
0 0.6105769230769231 0.6430288461538461 0.06490384615384616 0.07211538461538461
0 0.6838942307692307 0.6358173076923077 0.0625 0.06971153846153846
0 0.6286057692307693 0.5072115384615384 0.0889423076923077 0.09615384615384616
0 0.7704326923076923 0.48197115384615385 0.1658653846153846 0.04567307692307692
0 0.5745192307692307 0.9134615384615384 0.014423076923076924 0.019230769230769232
0 0.6069711538461539 0.8798076923076923 0.036057692307692304 0.05048076923076923
0 0.5336538461538461 0.8125 0.028846153846153848 0.03125
0 0.5985576923076923 0.7920673076923077 0.036057692307692304 0.040865384615384616