0 0.013221153846153846 0.1502403846153846 0.026442307692307692 0.12740384615384615
0 0.07932692307692307 0.23076923076923078 0.12980769230769232 0.12740384615384615
0 0.09495192307692307 0.13942307692307693 0.16346153846153846 0.1658653846153846
0 0.2620192307692308 0.21394230769230768 0.2091346153846154 0.20673076923076922
0 0.25240384615384615 0.11658653846153846 0.2403846153846154 0.23317307692307693
0 0.3858173076923077 0.21033653846153846 0.07932692307692307 0.28125
0 0.4951923076923077 0.078125 0.052884615384615384 0.05048076923076923
0 0.5024038461538461 0.17067307692307693 0.036057692307692304 0.038461538461538464
0 0.5288461538461539 0.21514423076923078 0.036057692307692304 0.038461538461538464
0 0.5216346153846154 0.265625 0.026442307692307692 0.026442307692307692
0 0.9783653846153846 0.44711538461538464 0.038461538461538464 0.038461538461538464
0 0.9555288461538461 0.4495192307692308 0.055288461538461536 0.03365384615384615
0 0.921875 0.44711538461538464 0.06490384615384616 0.038461538461538464
0 0.3713942307692308 0.9675480769230769 0.10817307692307693 0.06009615384615385
0 0.8269230769230769 0.5276442307692307 0.12980769230769232 0.11778846153846154
0 0.7103365384615384 0.49158653846153844 0.1466346153846154 0.04567307692307692
0 0.7848557692307693 0.5865384615384616 0.11778846153846154 0.11538461538461539
0 0.8918269230769231 0.6634615384615384 0.1875 0.18990384615384615