0 0.2860576923076923 0.41225961538461536 0.09134615384615384 0.026442307692307692
0 0.2848557692307692 0.3473557692307692 0.10336538461538461 0.11778846153846154
0 0.2824519230769231 0.18629807692307693 0.10817307692307693 0.18028846153846154
0 0.16346153846153846 0.19951923076923078 0.16105769230769232 0.16105769230769232
0 0.8485576923076923 0.2860576923076923 0.026442307692307692 0.026442307692307692
0 0.5877403846153846 0.03485576923076923 0.10817307692307693 0.06971153846153846
0 0.6862980769230769 0.09975961538461539 0.07932692307692307 0.07692307692307693
0 0.7235576923076923 0.15745192307692307 0.08653846153846154 0.08653846153846154
0 0.7836538461538461 0.2091346153846154 0.036057692307692304 0.038461538461538464
0 0.7932692307692307 0.23317307692307693 0.028846153846153848 0.028846153846153848
0 0.8221153846153846 0.2620192307692308 0.03365384615384615 0.03365384615384615
0 0.8401442307692307 0.2776442307692308 0.038461538461538464 0.036057692307692304
0 0.8617788461538461 0.2920673076923077 0.026442307692307692 0.026442307692307692
0 0.2091346153846154 0.6995192307692307 0.0889423076923077 0.0889423076923077
0 0.859375 0.5084134615384616 0.12980769230769232 0.125
0 0.9783653846153846 0.7608173076923077 0.038461538461538464 0.04567307692307692
0 0.9567307692307693 0.6634615384615384 0.06971153846153846 0.06971153846153846
0 0.890625 0.7884615384615384 0.057692307692307696 0.057692307692307696