0 0.2091346153846154 0.7115384615384616 0.052884615384615384 0.0625
0 0.15264423076923078 0.7055288461538461 0.07932692307692307 0.07692307692307693
0 0.06850961538461539 0.6862980769230769 0.13701923076923078 0.13701923076923078
0 0.8185096153846154 0.6358173076923077 0.10817307692307693 0.10817307692307693
0 0.8137019230769231 0.9242788461538461 0.04326923076923077 0.04326923076923077
0 0.8485576923076923 0.9483173076923077 0.04807692307692308 0.04807692307692308
0 0.828125 0.9903846153846154 0.036057692307692304 0.014423076923076924
0 0.8762019230769231 0.8293269230769231 0.04326923076923077 0.04326923076923077
0 0.8353365384615384 0.9771634615384616 0.026442307692307692 0.026442307692307692
0 0.90625 0.46274038461538464 0.18269230769230768 0.21394230769230768
0 0.8317307692307693 0.4855769230769231 0.14182692307692307 0.14182692307692307
0 0.6045673076923077 0.6754807692307693 0.15384615384615385 0.15144230769230768
0 0.6346153846153846 0.47716346153846156 0.18990384615384615 0.1875
0 0.8173076923076923 0.7728365384615384 0.07932692307692307 0.07932692307692307
0 0.828125 0.7139423076923077 0.09615384615384616 0.09615384615384616
0 0.90625 0.7199519230769231 0.07211538461538461 0.07211538461538461