0 0.36778846153846156 0.05889423076923077 0.25961538461538464 0.11778846153846154
0 0.15504807692307693 0.057692307692307696 0.18028846153846154 0.11538461538461539
0 0.04447115384615385 0.046875 0.0889423076923077 0.09375
0 0.6370192307692307 0.1875 0.04326923076923077 0.04326923076923077
0 0.6766826923076923 0.16947115384615385 0.055288461538461536 0.055288461538461536
0 0.7307692307692307 0.15264423076923078 0.08173076923076923 0.08173076923076923
0 0.6790865384615384 0.25240384615384615 0.06009615384615385 0.06009615384615385
0 0.8569711538461539 0.16105769230769232 0.08413461538461539 0.08413461538461539
0 0.8918269230769231 0.25600961538461536 0.09615384615384616 0.09375
0 0.5997596153846154 0.09975961538461539 0.019230769230769232 0.019230769230769232
0 0.6274038461538461 0.0733173076923077 0.026442307692307692 0.026442307692307692
0 0.6646634615384616 0.1045673076923077 0.03365384615384615 0.03365384615384615
0 0.14423076923076922 0.796875 0.28846153846153844 0.34375
0 0.0733173076923077 0.9110576923076923 0.14423076923076922 0.14182692307692307
0 0.004807692307692308 0.4423076923076923 0.009615384615384616 0.03365384615384615
0 0.015625 0.546875 0.03125 0.05048076923076923