0 0.3473557692307692 0.5084134615384616 0.30528846153846156 0.11778846153846154
0 0.2980769230769231 0.34375 0.21634615384615385 0.2091346153846154
0 0.26322115384615385 0.18028846153846154 0.125 0.125
0 0.8197115384615384 0.34134615384615385 0.18028846153846154 0.18269230769230768
0 0.7295673076923077 0.34134615384615385 0.15625 0.16105769230769232
0 0.8185096153846154 0.18028846153846154 0.14182692307692307 0.14182692307692307
0 0.8221153846153846 0.5264423076923077 0.30288461538461536 0.08173076923076923
0 0.6694711538461539 0.33653846153846156 0.1346153846153846 0.1346153846153846
0 0.6971153846153846 0.18990384615384615 0.0985576923076923 0.10096153846153846
0 0.6875 0.5144230769230769 0.08173076923076923 0.08413461538461539
0 0.7091346153846154 0.11778846153846154 0.06971153846153846 0.07211538461538461
0 0.7163461538461539 0.5132211538461539 0.3173076923076923 0.10817307692307693
0 0.5985576923076923 0.5504807692307693 0.16826923076923078 0.03365384615384615
0 0.8173076923076923 0.07692307692307693 0.0985576923076923 0.0985576923076923
0 0.7319711538461539 0.03365384615384615 0.0673076923076923 0.0673076923076923
0 0.16826923076923078 0.9579326923076923 0.09134615384615384 0.07932692307692307
0 0.19831730769230768 0.8810096153846154 0.07692307692307693 0.07451923076923077
0 0.13341346153846154 0.5853365384615384 0.036057692307692304 0.03125
0 0.12379807692307693 0.6141826923076923 0.03125 0.028846153846153848
0 0.5456730769230769 0.8064903846153846 0.07211538461538461 0.12259615384615384
0 0.6887019230769231 0.7043269230769231 0.13942307692307693 0.13701923076923078