0 0.34975961538461536 0.40024038461538464 0.31009615384615385 0.29086538461538464
0 0.18870192307692307 0.18629807692307693 0.23798076923076922 0.2403846153846154
0 0.2776442307692308 0.03245192307692308 0.16105769230769232 0.06490384615384616
0 0.7512019230769231 0.020432692307692308 0.12740384615384615 0.040865384615384616
0 0.8725961538461539 0.03485576923076923 0.09134615384615384 0.06971153846153846
0 0.26802884615384615 0.6862980769230769 0.17548076923076922 0.16826923076923078
0 0.4375 0.6850961538461539 0.1466346153846154 0.15144230769230768
0 0.6213942307692307 0.65625 0.08413461538461539 0.08413461538461539
0 0.5877403846153846 0.8557692307692307 0.11057692307692307 0.11538461538461539
0 0.7632211538461539 0.6225961538461539 0.0625 0.06009615384615385
0 0.7644230769230769 0.6766826923076923 0.08173076923076923 0.08173076923076923
0 0.6995192307692307 0.6322115384615384 0.04326923076923077 0.07692307692307693
0 0.90625 0.6875 0.026442307692307692 0.026442307692307692
0 0.7079326923076923 0.5853365384615384 0.06009615384615385 0.07451923076923077