0 0.34615384615384615 0.10576923076923077 0.055288461538461536 0.052884615384615384
0 0.28725961538461536 0.03485576923076923 0.03365384615384615 0.03365384615384615
0 0.27163461538461536 0.009615384615384616 0.03365384615384615 0.019230769230769232
0 0.4483173076923077 0.40384615384615385 0.11778846153846154 0.13942307692307693
0 0.578125 0.055288461538461536 0.04807692307692308 0.05048076923076923
0 0.5805288461538461 0.11778846153846154 0.0673076923076923 0.06490384615384616
0 0.7415865384615384 0.10576923076923077 0.12259615384615384 0.11538461538461539
0 0.47475961538461536 0.703125 0.06490384615384616 0.25721153846153844
0 0.359375 0.7512019230769231 0.1778846153846154 0.1778846153846154
0 0.22716346153846154 0.7572115384615384 0.13221153846153846 0.13221153846153846
0 0.07932692307692307 0.7896634615384616 0.052884615384615384 0.052884615384615384
0 0.7560096153846154 0.5192307692307693 0.036057692307692304 0.036057692307692304
0 0.7836538461538461 0.49399038461538464 0.04326923076923077 0.01201923076923077