0 0.5168269230769231 0.17427884615384615 0.04807692307692308 0.057692307692307696
0 0.4495192307692308 0.265625 0.028846153846153848 0.021634615384615384
0 0.5733173076923077 0.028846153846153848 0.07451923076923077 0.057692307692307696
0 0.49158653846153844 0.021634615384615384 0.0889423076923077 0.04326923076923077
0 0.04807692307692308 0.8677884615384616 0.09615384615384616 0.24519230769230768
0 0.021634615384615384 0.7824519230769231 0.04326923076923077 0.12259615384615384
0 0.6213942307692307 0.5625 0.1201923076923077 0.1201923076923077
0 0.5288461538461539 0.42908653846153844 0.1875 0.18990384615384615
0 0.49399038461538464 0.5132211538461539 0.13221153846153846 0.13221153846153846
0 0.5961538461538461 0.6358173076923077 0.11298076923076923 0.10817307692307693
0 0.7175480769230769 0.6862980769230769 0.17307692307692307 0.18269230769230768