0 0.4110576923076923 0.46875 0.15865384615384615 0.15625
0 0.5709134615384616 0.5060096153846154 0.21875 0.14182692307692307
0 0.4266826923076923 0.021634615384615384 0.055288461538461536 0.04326923076923077
0 0.9639423076923077 0.3173076923076923 0.0673076923076923 0.11538461538461539
0 0.9399038461538461 0.056490384615384616 0.038461538461538464 0.036057692307692304
0 0.9362980769230769 0.46153846153846156 0.12259615384615384 0.23076923076923078
0 0.9182692307692307 0.4170673076923077 0.13701923076923078 0.13701923076923078
0 0.9603365384615384 0.40625 0.07451923076923077 0.1201923076923077
0 0.9471153846153846 0.5192307692307693 0.10096153846153846 0.11538461538461539
0 0.06971153846153846 0.84375 0.07211538461538461 0.07451923076923077
0 0.15264423076923078 0.7427884615384616 0.07932692307692307 0.0673076923076923
0 0.4074519230769231 0.6081730769230769 0.10817307692307693 0.057692307692307696
0 0.2692307692307692 0.8401442307692307 0.12740384615384615 0.13942307692307693
0 0.4723557692307692 0.8461538461538461 0.18990384615384615 0.1778846153846154
0 0.7127403846153846 0.9206730769230769 0.2283653846153846 0.15384615384615385
0 0.8894230769230769 0.6346153846153846 0.1201923076923077 0.11057692307692307
0 0.8629807692307693 0.7716346153846154 0.0673076923076923 0.14423076923076922