0 0.35096153846153844 0.042067307692307696 0.07211538461538461 0.08413461538461539
0 0.2848557692307692 0.03125 0.0889423076923077 0.0625
0 0.36538461538461536 0.10576923076923077 0.04326923076923077 0.10576923076923077
0 0.2980769230769231 0.09495192307692307 0.0985576923076923 0.11057692307692307
0 0.32211538461538464 0.20793269230769232 0.12980769230769232 0.1466346153846154
0 0.3317307692307692 0.3485576923076923 0.11057692307692307 0.4375
0 0.53125 0.009615384615384616 0.019230769230769232 0.019230769230769232
0 0.48677884615384615 0.004807692307692308 0.021634615384615384 0.009615384615384616
0 0.5564903846153846 0.04927884615384615 0.019230769230769232 0.016826923076923076
0 0.5817307692307693 0.0673076923076923 0.026442307692307692 0.026442307692307692
0 0.625 0.125 0.028846153846153848 0.028846153846153848
0 0.6237980769230769 0.1502403846153846 0.036057692307692304 0.03365384615384615
0 0.6610576923076923 0.1971153846153846 0.04567307692307692 0.040865384615384616
0 0.32091346153846156 0.6213942307692307 0.06490384615384616 0.06971153846153846
0 0.17067307692307693 0.5985576923076923 0.10096153846153846 0.057692307692307696
0 0.5949519230769231 0.5817307692307693 0.05048076923076923 0.02403846153846154
0 0.6622596153846154 0.6165865384615384 0.052884615384615384 0.055288461538461536
0 0.6682692307692307 0.671875 0.06971153846153846 0.06971153846153846
0 0.9747596153846154 0.8834134615384616 0.04567307692307692 0.14182692307692307
0 0.4338942307692308 0.609375 0.07451923076923077 0.07932692307692307
0 0.5060096153846154 0.6538461538461539 0.08173076923076923 0.09134615384615384