0 0.11778846153846154 0.046875 0.1346153846153846 0.09375
0 0.054086538461538464 0.11298076923076923 0.10817307692307693 0.15384615384615385
0 0.20673076923076922 0.039663461538461536 0.15865384615384615 0.07932692307692307
0 0.0889423076923077 0.3737980769230769 0.14182692307692307 0.15625
0 0.5576923076923077 0.42427884615384615 0.1778846153846154 0.06490384615384616
0 0.9759615384615384 0.2403846153846154 0.04326923076923077 0.19230769230769232
0 0.4387019230769231 0.6045673076923077 0.055288461538461536 0.10817307692307693
0 0.4375 0.703125 0.057692307692307696 0.13701923076923078
0 0.4387019230769231 0.8317307692307693 0.055288461538461536 0.15865384615384615
0 0.5324519230769231 0.5865384615384616 0.05048076923076923 0.05048076923076923
0 0.7548076923076923 0.5637019230769231 0.09375 0.09134615384615384