0 0.2668269230769231 0.15865384615384615 0.14903846153846154 0.1346153846153846
0 0.9278846153846154 0.12980769230769232 0.125 0.12259615384615384
0 0.5456730769230769 0.054086538461538464 0.22115384615384615 0.10817307692307693
0 0.2620192307692308 0.5661057692307693 0.08173076923076923 0.08173076923076923
0 0.36899038461538464 0.5072115384615384 0.06490384615384616 0.06490384615384616
0 0.042067307692307696 0.6213942307692307 0.08413461538461539 0.17067307692307693
0 0.40024038461538464 0.44711538461538464 0.03125 0.07211538461538461
0 0.3269230769230769 0.43509615384615385 0.08413461538461539 0.07932692307692307
0 0.2668269230769231 0.5060096153846154 0.08173076923076923 0.08173076923076923
0 0.15144230769230768 0.5853365384615384 0.125 0.1201923076923077
0 0.140625 0.390625 0.14182692307692307 0.12980769230769232
0 0.019230769230769232 0.9098557692307693 0.038461538461538464 0.15625
0 0.38822115384615385 0.7524038461538461 0.038461538461538464 0.040865384615384616
0 0.15144230769230768 0.5132211538461539 0.13701923076923078 0.12980769230769232
0 0.9879807692307693 0.8870192307692307 0.019230769230769232 0.07692307692307693
0 0.984375 0.7379807692307693 0.026442307692307692 0.08173076923076923