0 0.44350961538461536 0.07932692307692307 0.04567307692307692 0.10576923076923077
0 0.38221153846153844 0.051682692307692304 0.15865384615384615 0.10336538461538461
0 0.7788461538461539 0.24639423076923078 0.17548076923076922 0.1466346153846154
0 0.23918269230769232 0.7115384615384616 0.10336538461538461 0.10817307692307693
0 0.11298076923076923 0.46153846153846156 0.0889423076923077 0.08413461538461539
0 0.7115384615384616 0.6550480769230769 0.028846153846153848 0.026442307692307692
0 0.6394230769230769 0.6081730769230769 0.08413461538461539 0.0673076923076923
0 0.6153846153846154 0.5444711538461539 0.07211538461538461 0.06009615384615385
0 0.6935096153846154 0.5769230769230769 0.06490384615384616 0.057692307692307696
0 0.6838942307692307 0.5132211538461539 0.0673076923076923 0.055288461538461536
0 0.7319711538461539 0.5036057692307693 0.04807692307692308 0.04567307692307692
0 0.7560096153846154 0.4951923076923077 0.03365384615384615 0.036057692307692304
0 0.7824519230769231 0.484375 0.04567307692307692 0.040865384615384616
0 0.6778846153846154 0.6634615384615384 0.07932692307692307 0.06971153846153846
0 0.7163461538461539 0.6346153846153846 0.06971153846153846 0.0625
0 0.75 0.6045673076923077 0.055288461538461536 0.05048076923076923
0 0.7800480769230769 0.5817307692307693 0.0625 0.055288461538461536
0 0.8137019230769231 0.5492788461538461 0.04567307692307692 0.040865384615384616
0 0.8389423076923077 0.5324519230769231 0.040865384615384616 0.038461538461538464
0 0.9050480769230769 0.44711538461538464 0.019230769230769232 0.016826923076923076