0 0.2692307692307692 0.25961538461538464 0.038461538461538464 0.040865384615384616
0 0.12980769230769232 0.16105769230769232 0.01201923076923077 0.014423076923076924
0 0.7584134615384616 0.12139423076923077 0.028846153846153848 0.03125
0 0.8485576923076923 0.36899038461538464 0.08173076923076923 0.0985576923076923
0 0.7271634615384616 0.052884615384615384 0.014423076923076924 0.014423076923076924
0 0.7427884615384616 0.08533653846153846 0.021634615384615384 0.02403846153846154
0 0.6706730769230769 0.14423076923076922 0.03365384615384615 0.038461538461538464
0 0.31490384615384615 0.6478365384615384 0.04807692307692308 0.04567307692307692
0 0.19951923076923078 0.5625 0.028846153846153848 0.009615384615384616
0 0.29447115384615385 0.7079326923076923 0.0625 0.0625
0 0.4483173076923077 0.7560096153846154 0.10096153846153846 0.125