0 0.33052884615384615 0.11658653846153846 0.038461538461538464 0.036057692307692304
0 0.15264423076923078 0.25600961538461536 0.0985576923076923 0.0889423076923077
0 0.3641826923076923 0.08173076923076923 0.026442307692307692 0.02403846153846154
0 0.3954326923076923 0.04927884615384615 0.021634615384615384 0.021634615384615384
0 0.4182692307692308 0.04927884615384615 0.016826923076923076 0.016826923076923076
0 0.4254807692307692 0.06490384615384616 0.016826923076923076 0.016826923076923076
0 0.9254807692307693 0.2091346153846154 0.07932692307692307 0.08173076923076923
0 0.8737980769230769 0.040865384615384616 0.057692307692307696 0.057692307692307696
0 0.33774038461538464 0.6286057692307693 0.10096153846153846 0.10096153846153846
0 0.16346153846153846 0.5745192307692307 0.14903846153846154 0.12980769230769232
0 0.45072115384615385 0.6814903846153846 0.06971153846153846 0.07451923076923077
0 0.4026442307692308 0.7115384615384616 0.09375 0.09375
0 0.4723557692307692 0.7403846153846154 0.026442307692307692 0.07211538461538461
0 0.18870192307692307 0.6706730769230769 0.15384615384615385 0.15625
0 0.4735576923076923 0.6971153846153846 0.02403846153846154 0.0673076923076923
0 0.9362980769230769 0.8737980769230769 0.12259615384615384 0.14182692307692307