0 0.6995192307692307 0.296875 0.08653846153846154 0.07932692307692307
0 0.6033653846153846 0.2668269230769231 0.10576923076923077 0.12740384615384615
0 0.7716346153846154 0.3076923076923077 0.07211538461538461 0.057692307692307696
0 0.11057692307692307 0.8834134615384616 0.04326923076923077 0.055288461538461536
0 0.039663461538461536 0.8605769230769231 0.05048076923076923 0.057692307692307696
0 0.021634615384615384 0.9783653846153846 0.036057692307692304 0.036057692307692304
0 0.1658653846153846 0.9831730769230769 0.038461538461538464 0.028846153846153848
0 0.7632211538461539 0.4807692307692308 0.21153846153846154 0.2283653846153846
0 0.8810096153846154 0.6478365384615384 0.13942307692307693 0.14423076923076922
0 0.9591346153846154 0.6021634615384616 0.07692307692307693 0.15625
0 0.8293269230769231 0.39302884615384615 0.21634615384615385 0.10817307692307693