0 0.5901442307692307 0.030048076923076924 0.04326923076923077 0.04326923076923077
0 0.8798076923076923 0.36899038461538464 0.11057692307692307 0.09375
0 0.9014423076923077 0.12860576923076922 0.19230769230769232 0.19230769230769232
0 0.9459134615384616 0.28365384615384615 0.0889423076923077 0.0889423076923077
0 0.40865384615384615 0.5120192307692307 0.019230769230769232 0.019230769230769232
0 0.26802884615384615 0.7992788461538461 0.09134615384615384 0.09134615384615384
0 0.3737980769230769 0.45913461538461536 0.016826923076923076 0.016826923076923076
0 0.42788461538461536 0.6382211538461539 0.040865384615384616 0.040865384615384616
0 0.39663461538461536 0.48677884615384615 0.014423076923076924 0.014423076923076924
0 0.40625 0.48677884615384615 0.01201923076923077 0.01201923076923077
0 0.4074519230769231 0.4795673076923077 0.009615384615384616 0.009615384615384616
0 0.7355769230769231 0.5204326923076923 0.04567307692307692 0.04567307692307692
0 0.7415865384615384 0.7091346153846154 0.10096153846153846 0.10096153846153846