0 0.3076923076923077 0.6730769230769231 0.055288461538461536 0.06971153846153846
0 0.2403846153846154 0.59375 0.06971153846153846 0.07932692307692307
0 0.19591346153846154 0.9098557692307693 0.019230769230769232 0.021634615384615384
0 0.2800480769230769 0.9158653846153846 0.03125 0.038461538461538464
0 0.24639423076923078 0.9242788461538461 0.021634615384615384 0.02403846153846154
0 0.2439903846153846 0.9411057692307693 0.016826923076923076 0.016826923076923076
0 0.2127403846153846 0.9158653846153846 0.016826923076923076 0.019230769230769232
0 0.39783653846153844 0.640625 0.06009615384615385 0.10817307692307693
0 0.4326923076923077 0.43149038461538464 0.12980769230769232 0.18028846153846154
0 0.6141826923076923 0.47836538461538464 0.21634615384615385 0.2283653846153846
0 0.5673076923076923 0.3605769230769231 0.2403846153846154 0.125
0 0.46634615384615385 0.5805288461538461 0.13221153846153846 0.13701923076923078
0 0.9038461538461539 0.375 0.1875 0.15384615384615385