0 0.019230769230769232 0.39783653846153844 0.038461538461538464 0.10817307692307693
0 0.1778846153846154 0.4074519230769231 0.1201923076923077 0.12980769230769232
0 0.22596153846153846 0.23918269230769232 0.07932692307692307 0.08653846153846154
0 0.22716346153846154 0.1201923076923077 0.04326923076923077 0.04326923076923077
0 0.41225961538461536 0.08173076923076923 0.12740384615384615 0.15625
0 0.34615384615384615 0.04807692307692308 0.09615384615384616 0.09615384615384616
0 0.140625 0.9230769230769231 0.21394230769230768 0.14903846153846154
0 0.7860576923076923 0.5973557692307693 0.125 0.10576923076923077
0 0.4014423076923077 0.7007211538461539 0.10576923076923077 0.11298076923076923
0 0.3737980769230769 0.5829326923076923 0.05048076923076923 0.0625
0 0.6526442307692307 0.7271634615384616 0.3317307692307692 0.30528846153846156