0 0.3545673076923077 0.3641826923076923 0.18509615384615385 0.1658653846153846
0 0.38221153846153844 0.18269230769230768 0.12980769230769232 0.15384615384615385
0 0.13942307692307693 0.2439903846153846 0.08653846153846154 0.08653846153846154
0 0.0985576923076923 0.20072115384615385 0.07451923076923077 0.07451923076923077
0 0.9447115384615384 0.25841346153846156 0.07451923076923077 0.07692307692307693
0 0.7487980769230769 0.007211538461538462 0.016826923076923076 0.014423076923076924
0 0.7487980769230769 0.054086538461538464 0.026442307692307692 0.026442307692307692
0 0.8185096153846154 0.010817307692307692 0.026442307692307692 0.021634615384615384
0 0.75 0.03125 0.021634615384615384 0.021634615384615384
0 0.7439903846153846 0.10336538461538461 0.04326923076923077 0.04326923076923077
0 0.7391826923076923 0.34134615384615385 0.0889423076923077 0.0889423076923077
0 0.75 0.08173076923076923 0.03365384615384615 0.03365384615384615
0 0.08052884615384616 0.484375 0.07451923076923077 0.06971153846153846
0 0.18629807692307693 0.5240384615384616 0.11778846153846154 0.11778846153846154
0 0.040865384615384616 0.6550480769230769 0.08173076923076923 0.09375
0 0.39903846153846156 0.47716346153846156 0.09615384615384616 0.055288461538461536
0 0.30649038461538464 0.7307692307692307 0.2091346153846154 0.21394230769230768
0 0.31971153846153844 0.890625 0.23557692307692307 0.21394230769230768