0 0.07572115384615384 0.04807692307692308 0.10336538461538461 0.09615384615384616
0 0.039663461538461536 0.020432692307692308 0.07932692307692307 0.040865384615384616
0 0.9543269230769231 0.08533653846153846 0.08653846153846154 0.17067307692307693
0 0.8473557692307693 0.057692307692307696 0.10336538461538461 0.11538461538461539
0 0.052884615384615384 0.9675480769230769 0.10576923076923077 0.06009615384615385
0 0.14903846153846154 0.9699519230769231 0.12980769230769232 0.055288461538461536
0 0.9579326923076923 0.8858173076923077 0.07932692307692307 0.10817307692307693
0 0.7103365384615384 0.7548076923076923 0.13221153846153846 0.15144230769230768
0 0.5108173076923077 0.8052884615384616 0.14182692307692307 0.12259615384615384
0 0.4855769230769231 0.6790865384615384 0.1778846153846154 0.15625
0 0.375 0.7536057692307693 0.11778846153846154 0.1346153846153846