0 0.21754807692307693 0.2956730769230769 0.03365384615384615 0.026442307692307692
0 0.2764423076923077 0.30528846153846156 0.03125 0.02403846153846154
0 0.2512019230769231 0.2920673076923077 0.02403846153846154 0.03125
0 0.2920673076923077 0.31009615384615385 0.02403846153846154 0.02403846153846154
0 0.038461538461538464 0.3942307692307692 0.07692307692307693 0.0625
0 0.09615384615384616 0.38100961538461536 0.06490384615384616 0.055288461538461536
0 0.18990384615384615 0.2692307692307692 0.08173076923076923 0.06009615384615385
0 0.3016826923076923 0.3088942307692308 0.028846153846153848 0.02403846153846154
0 0.32211538461538464 0.3125 0.026442307692307692 0.021634615384615384
0 0.265625 0.7620192307692307 0.028846153846153848 0.02403846153846154
0 0.2620192307692308 0.7956730769230769 0.021634615384615384 0.021634615384615384
0 0.22115384615384615 0.8581730769230769 0.038461538461538464 0.036057692307692304
0 0.13942307692307693 0.8870192307692307 0.04807692307692308 0.05048076923076923
0 0.17548076923076922 0.90625 0.040865384615384616 0.040865384615384616
0 0.2247596153846154 0.8016826923076923 0.03365384615384615 0.028846153846153848
0 0.28846153846153844 0.7415865384615384 0.021634615384615384 0.021634615384615384
0 0.3076923076923077 0.7163461538461539 0.014423076923076924 0.01201923076923077
0 0.4987980769230769 0.8894230769230769 0.17548076923076922 0.1658653846153846