0 0.021634615384615384 0.14903846153846154 0.04326923076923077 0.07211538461538461
0 0.054086538461538464 0.25240384615384615 0.0985576923076923 0.09615384615384616
0 0.09134615384615384 0.16466346153846154 0.0673076923076923 0.06490384615384616
0 0.20793269230769232 0.17548076923076922 0.052884615384615384 0.05048076923076923
0 0.9735576923076923 0.25841346153846156 0.038461538461538464 0.038461538461538464
0 0.7271634615384616 0.3485576923076923 0.08173076923076923 0.08413461538461539
0 0.7427884615384616 0.2860576923076923 0.0889423076923077 0.09134615384615384
0 0.6538461538461539 0.3870192307692308 0.11538461538461539 0.11778846153846154
0 0.796875 0.33533653846153844 0.07451923076923077 0.07451923076923077
0 0.8413461538461539 0.3076923076923077 0.0625 0.0625
0 0.8810096153846154 0.29447115384615385 0.06490384615384616 0.0673076923076923
0 0.9387019230769231 0.2704326923076923 0.038461538461538464 0.040865384615384616
0 0.9110576923076923 0.2800480769230769 0.057692307692307696 0.0625
0 0.5372596153846154 0.41947115384615385 0.15144230769230768 0.15865384615384615
0 0.21995192307692307 0.7992788461538461 0.040865384615384616 0.040865384615384616
0 0.18629807692307693 0.8834134615384616 0.06009615384615385 0.06009615384615385
0 0.052884615384615384 0.8197115384615384 0.057692307692307696 0.0625
0 0.21875 0.6141826923076923 0.014423076923076924 0.01201923076923077
0 0.1971153846153846 0.6117788461538461 0.014423076923076924 0.007211538461538462
0 0.2127403846153846 0.6286057692307693 0.01201923076923077 0.01201923076923077
0 0.2247596153846154 0.6394230769230769 0.01201923076923077 0.01201923076923077
0 0.22235576923076922 0.6514423076923077 0.014423076923076924 0.014423076923076924
0 0.20793269230769232 0.6514423076923077 0.014423076923076924 0.014423076923076924
0 0.22235576923076922 0.6887019230769231 0.019230769230769232 0.019230769230769232
0 0.17908653846153846 0.6766826923076923 0.019230769230769232 0.021634615384615384
0 0.14182692307692307 0.6923076923076923 0.021634615384615384 0.02403846153846154