0 0.984375 0.40024038461538464 0.026442307692307692 0.05048076923076923
0 0.8930288461538461 0.49278846153846156 0.08653846153846154 0.0673076923076923
0 0.7439903846153846 0.3894230769230769 0.20432692307692307 0.11298076923076923
0 0.10336538461538461 0.8581730769230769 0.09615384615384616 0.06971153846153846
0 0.21153846153846154 0.8665865384615384 0.07211538461538461 0.052884615384615384
0 0.3173076923076923 0.875 0.11538461538461539 0.07692307692307693
0 0.9711538461538461 0.578125 0.04326923076923077 0.04567307692307692
0 0.4963942307692308 0.9254807692307693 0.13701923076923078 0.14423076923076922
0 0.7632211538461539 0.8725961538461539 0.09134615384615384 0.11057692307692307
0 0.6814903846153846 0.7331730769230769 0.11778846153846154 0.125
0 0.7800480769230769 0.6478365384615384 0.0889423076923077 0.09375
0 0.8617788461538461 0.5745192307692307 0.07932692307692307 0.052884615384615384