0 0.3401442307692308 0.019230769230769232 0.13701923076923078 0.038461538461538464
0 0.5324519230769231 0.02283653846153846 0.12259615384615384 0.04567307692307692
0 0.6225961538461539 0.054086538461538464 0.10817307692307693 0.10576923076923077
0 0.7427884615384616 0.039663461538461536 0.09615384615384616 0.07932692307692307
0 0.5060096153846154 0.06009615384615385 0.09375 0.1201923076923077
0 0.8088942307692307 0.03245192307692308 0.06971153846153846 0.06490384615384616
0 0.8449519230769231 0.03245192307692308 0.04567307692307692 0.04567307692307692
0 0.9387019230769231 0.02403846153846154 0.026442307692307692 0.028846153846153848
0 0.9723557692307693 0.02283653846153846 0.026442307692307692 0.026442307692307692
0 0.21394230769230768 0.6153846153846154 0.0625 0.03365384615384615
0 0.25 0.7079326923076923 0.07932692307692307 0.07692307692307693
0 0.018028846153846152 0.6262019230769231 0.036057692307692304 0.055288461538461536
0 0.18389423076923078 0.8737980769230769 0.12740384615384615 0.13221153846153846
0 0.12740384615384615 0.7980769230769231 0.2548076923076923 0.39903846153846156