0 0.046875 0.2620192307692308 0.09375 0.11057692307692307
0 0.26802884615384615 0.3954326923076923 0.13701923076923078 0.040865384615384616
0 0.3112980769230769 0.24759615384615385 0.1875 0.1875
0 0.4855769230769231 0.21754807692307693 0.10096153846153846 0.23798076923076922
0 0.49759615384615385 0.10697115384615384 0.07692307692307693 0.21394230769230768
0 0.44591346153846156 0.078125 0.18028846153846154 0.15625
0 0.7283653846153846 0.14423076923076922 0.3798076923076923 0.28846153846153844
0 0.6165865384615384 0.13581730769230768 0.15625 0.27163461538461536
0 0.47716346153846156 0.5408653846153846 0.11778846153846154 0.24519230769230768
0 0.13341346153846154 0.7524038461538461 0.1201923076923077 0.1201923076923077
0 0.06850961538461539 0.6923076923076923 0.06009615384615385 0.06009615384615385
0 0.5949519230769231 0.9543269230769231 0.11298076923076923 0.08653846153846154
0 0.8185096153846154 0.6370192307692307 0.16826923076923078 0.1658653846153846