0 0.4266826923076923 0.44711538461538464 0.038461538461538464 0.040865384615384616
0 0.44711538461538464 0.3581730769230769 0.057692307692307696 0.057692307692307696
0 0.5889423076923077 0.40024038461538464 0.052884615384615384 0.0625
0 0.9254807692307693 0.36778846153846156 0.125 0.125
0 0.7908653846153846 0.26802884615384615 0.08413461538461539 0.07932692307692307
0 0.7307692307692307 0.20793269230769232 0.0625 0.0985576923076923
0 0.7055288461538461 0.4266826923076923 0.01201923076923077 0.040865384615384616
0 0.7307692307692307 0.40024038461538464 0.055288461538461536 0.057692307692307696
0 0.7860576923076923 0.41346153846153844 0.0625 0.052884615384615384
0 0.7992788461538461 0.3870192307692308 0.04807692307692308 0.04567307692307692
0 0.4110576923076923 0.6935096153846154 0.1778846153846154 0.2091346153846154
0 0.2439903846153846 0.8810096153846154 0.08653846153846154 0.10096153846153846
0 0.16346153846153846 0.9495192307692307 0.10576923076923077 0.09615384615384616
0 0.8641826923076923 0.6995192307692307 0.10817307692307693 0.12980769230769232
0 0.828125 0.8112980769230769 0.08413461538461539 0.10096153846153846