0 0.41225961538461536 0.055288461538461536 0.07692307692307693 0.07451923076923077
0 0.515625 0.040865384615384616 0.10336538461538461 0.08173076923076923
0 0.43990384615384615 0.2127403846153846 0.15384615384615385 0.13221153846153846
0 0.5588942307692307 0.21875 0.07451923076923077 0.125
0 0.6802884615384616 0.04447115384615385 0.16346153846153846 0.0889423076923077
0 0.7668269230769231 0.0625 0.16826923076923078 0.125
0 0.8774038461538461 0.32211538461538464 0.2403846153846154 0.14903846153846154
0 0.9759615384615384 0.28725961538461536 0.04326923076923077 0.18990384615384615
0 0.11778846153846154 0.5540865384615384 0.15144230769230768 0.15384615384615385
0 0.16105769230769232 0.9735576923076923 0.14423076923076922 0.04807692307692308
0 0.734375 0.6129807692307693 0.08413461538461539 0.08173076923076923
0 0.8305288461538461 0.7752403846153846 0.33413461538461536 0.44471153846153844
0 0.6105769230769231 0.4483173076923077 0.02403846153846154 0.055288461538461536