0 0.07932692307692307 0.08653846153846154 0.057692307692307696 0.08173076923076923
0 0.28846153846153844 0.30408653846153844 0.10336538461538461 0.0985576923076923
0 0.039663461538461536 0.21995192307692307 0.07932692307692307 0.11778846153846154
0 0.06129807692307692 0.41947115384615385 0.12259615384615384 0.18990384615384615
0 0.6622596153846154 0.010817307692307692 0.03125 0.021634615384615384
0 0.6550480769230769 0.3173076923076923 0.0889423076923077 0.09615384615384616
0 0.24278846153846154 0.5733173076923077 0.03365384615384615 0.028846153846153848
0 0.2283653846153846 0.5637019230769231 0.07932692307692307 0.057692307692307696
0 0.2283653846153846 0.7439903846153846 0.22355769230769232 0.25
0 0.14783653846153846 0.6105769230769231 0.08173076923076923 0.08413461538461539
0 0.7103365384615384 0.6502403846153846 0.06971153846153846 0.0625