0 0.20793269230769232 0.007211538461538462 0.04567307692307692 0.014423076923076924
0 0.2091346153846154 0.08052884615384616 0.052884615384615384 0.052884615384615384
0 0.02283653846153846 0.0673076923076923 0.04567307692307692 0.0625
0 0.27884615384615385 0.16826923076923078 0.07211538461538461 0.0625
0 0.018028846153846152 0.15745192307692307 0.036057692307692304 0.10336538461538461
0 0.27403846153846156 0.3473557692307692 0.10817307692307693 0.11778846153846154
0 0.14182692307692307 0.28125 0.28365384615384615 0.3317307692307692
0 0.9266826923076923 0.06850961538461539 0.11778846153846154 0.13701923076923078
0 0.7800480769230769 0.056490384615384616 0.10576923076923077 0.09134615384615384
0 0.5372596153846154 0.8942307692307693 0.13701923076923078 0.20673076923076922
0 0.5144230769230769 0.8197115384615384 0.125 0.12259615384615384
0 0.44591346153846156 0.6358173076923077 0.31971153846153844 0.3293269230769231