0 0.7800480769230769 0.06971153846153846 0.07211538461538461 0.04326923076923077
0 0.8389423076923077 0.013221153846153846 0.0625 0.026442307692307692
0 0.8737980769230769 0.0673076923076923 0.057692307692307696 0.04326923076923077
0 0.5757211538461539 0.06971153846153846 0.016826923076923076 0.009615384615384616
0 0.6189903846153846 0.08653846153846154 0.04567307692307692 0.019230769230769232
0 0.6550480769230769 0.003605769230769231 0.026442307692307692 0.007211538461538462
0 0.6971153846153846 0.04567307692307692 0.03365384615384615 0.02403846153846154
0 0.49038461538461536 0.4723557692307692 0.12980769230769232 0.2091346153846154
0 0.2932692307692308 0.6478365384615384 0.11538461538461539 0.10336538461538461
0 0.11778846153846154 0.7223557692307693 0.06490384615384616 0.04807692307692308
0 0.1141826923076923 0.8016826923076923 0.057692307692307696 0.04326923076923077
0 0.038461538461538464 0.8954326923076923 0.04567307692307692 0.036057692307692304
0 0.5769230769230769 0.6478365384615384 0.038461538461538464 0.0985576923076923
0 0.7415865384615384 0.9495192307692307 0.23557692307692307 0.08653846153846154