0 0.20192307692307693 0.10336538461538461 0.04326923076923077 0.04326923076923077
0 0.09014423076923077 0.5288461538461539 0.06971153846153846 0.06009615384615385
0 0.23076923076923078 0.20673076923076922 0.03365384615384615 0.07211538461538461
0 0.13341346153846154 0.5528846153846154 0.0985576923076923 0.0673076923076923
0 0.14182692307692307 0.008413461538461538 0.028846153846153848 0.016826923076923076
0 0.2692307692307692 0.3641826923076923 0.03125 0.028846153846153848
0 0.28125 0.4098557692307692 0.040865384615384616 0.036057692307692304
0 0.2980769230769231 0.37259615384615385 0.036057692307692304 0.03365384615384615
0 0.3245192307692308 0.3629807692307692 0.052884615384615384 0.04807692307692308
0 0.32211538461538464 0.4206730769230769 0.052884615384615384 0.04807692307692308
0 0.37259615384615385 0.359375 0.04567307692307692 0.040865384615384616
0 0.359375 0.4266826923076923 0.057692307692307696 0.05048076923076923
0 0.4206730769230769 0.34975961538461536 0.06490384615384616 0.06009615384615385
0 0.4050480769230769 0.421875 0.06971153846153846 0.06009615384615385
0 0.5588942307692307 0.1935096153846154 0.09375 0.0985576923076923
0 0.6887019230769231 0.09495192307692307 0.31971153846153844 0.18990384615384615
0 0.019230769230769232 0.6310096153846154 0.021634615384615384 0.019230769230769232
0 0.06490384615384616 0.9471153846153846 0.12980769230769232 0.10096153846153846
0 0.43990384615384615 0.9867788461538461 0.09134615384615384 0.021634615384615384