0 0.09375 0.33774038461538464 0.04807692307692308 0.05048076923076923
0 0.11177884615384616 0.29927884615384615 0.0625 0.0625
0 0.15745192307692307 0.33653846153846156 0.07692307692307693 0.07692307692307693
0 0.12259615384615384 0.23557692307692307 0.07692307692307693 0.07692307692307693
0 0.26322115384615385 0.33413461538461536 0.10576923076923077 0.10576923076923077
0 0.29086538461538464 0.1658653846153846 0.1346153846153846 0.13221153846153846
0 0.38100961538461536 0.21514423076923078 0.03125 0.14182692307692307
0 0.004807692307692308 0.34615384615384615 0.009615384615384616 0.038461538461538464
0 0.015625 0.31009615384615385 0.03125 0.04326923076923077
0 0.052884615384615384 0.3389423076923077 0.05048076923076923 0.05048076923076923
0 0.018028846153846152 0.2692307692307692 0.036057692307692304 0.052884615384615384
0 0.578125 0.5564903846153846 0.06490384615384616 0.021634615384615384
0 0.7860576923076923 0.5456730769230769 0.14903846153846154 0.04326923076923077
0 0.5673076923076923 0.9723557692307693 0.10096153846153846 0.05048076923076923
0 0.40865384615384615 0.9459134615384616 0.019230769230769232 0.0985576923076923