0 0.4206730769230769 0.5637019230769231 0.125 0.11298076923076923
0 0.3701923076923077 0.5072115384615384 0.08413461538461539 0.0889423076923077
0 0.47716346153846156 0.37740384615384615 0.15625 0.13942307692307693
0 0.4110576923076923 0.30408653846153844 0.10576923076923077 0.11298076923076923
0 0.5492788461538461 0.16706730769230768 0.15865384615384615 0.17548076923076922
0 0.4675480769230769 0.0985576923076923 0.13221153846153846 0.1346153846153846
0 0.7439903846153846 0.3173076923076923 0.12259615384615384 0.12980769230769232
0 0.9447115384615384 0.5564903846153846 0.10576923076923077 0.17067307692307693
0 0.9483173076923077 0.1201923076923077 0.0985576923076923 0.2403846153846154
0 0.8112980769230769 0.07211538461538461 0.15625 0.14423076923076922
0 0.078125 0.7716346153846154 0.03125 0.028846153846153848
0 0.02283653846153846 0.8569711538461539 0.016826923076923076 0.01201923076923077
0 0.01201923076923077 0.8365384615384616 0.016826923076923076 0.01201923076923077
0 0.7608173076923077 0.8377403846153846 0.10336538461538461 0.08173076923076923
0 0.9459134615384616 0.9435096153846154 0.10336538461538461 0.10817307692307693