0 0.4230769230769231 0.1045673076923077 0.038461538461538464 0.04567307692307692
0 0.1502403846153846 0.028846153846153848 0.06009615384615385 0.057692307692307696
0 0.203125 0.09735576923076923 0.0625 0.07211538461538461
0 0.13581730769230768 0.11298076923076923 0.0673076923076923 0.06971153846153846
0 0.07091346153846154 0.09615384615384616 0.07932692307692307 0.07932692307692307
0 0.453125 0.02403846153846154 0.021634615384615384 0.026442307692307692
0 0.4675480769230769 0.054086538461538464 0.03125 0.03365384615384615
0 0.7884615384615384 0.1310096153846154 0.02403846153846154 0.02403846153846154
0 0.5817307692307693 0.39302884615384615 0.08173076923076923 0.06490384615384616
0 0.6490384615384616 0.3137019230769231 0.09134615384615384 0.12740384615384615
0 0.06850961538461539 0.5697115384615384 0.038461538461538464 0.04567307692307692
0 0.12980769230769232 0.47596153846153844 0.02403846153846154 0.02403846153846154
0 0.02403846153846154 0.6682692307692307 0.04807692307692308 0.08653846153846154
0 0.04567307692307692 0.609375 0.0625 0.07211538461538461
0 0.020432692307692308 0.5685096153846154 0.040865384615384616 0.06971153846153846
0 0.0733173076923077 0.4891826923076923 0.057692307692307696 0.07932692307692307
0 0.17668269230769232 0.5228365384615384 0.028846153846153848 0.028846153846153848
0 0.040865384615384616 0.8425480769230769 0.08173076923076923 0.13701923076923078
0 0.8088942307692307 0.8245192307692307 0.37740384615384615 0.34615384615384615