0 0.16346153846153846 0.10576923076923077 0.14182692307692307 0.14182692307692307
0 0.25721153846153844 0.38341346153846156 0.18990384615384615 0.18990384615384615
0 0.4098557692307692 0.4891826923076923 0.13221153846153846 0.18028846153846154
0 0.3629807692307692 0.5649038461538461 0.22596153846153846 0.16346153846153846
0 0.4423076923076923 0.5901442307692307 0.0673076923076923 0.11298076923076923
0 0.7728365384615384 0.5697115384615384 0.25721153846153844 0.15384615384615385
0 0.7271634615384616 0.4110576923076923 0.1778846153846154 0.1778846153846154
0 0.7223557692307693 0.2776442307692308 0.13221153846153846 0.13221153846153846
0 0.6935096153846154 0.1310096153846154 0.052884615384615384 0.052884615384615384
0 0.36899038461538464 0.8966346153846154 0.15144230769230768 0.15144230769230768
0 0.5228365384615384 0.6802884615384616 0.0889423076923077 0.0625
0 0.5264423076923077 0.7259615384615384 0.09615384615384616 0.125