0 0.38822115384615385 0.515625 0.038461538461538464 0.038461538461538464
0 0.3629807692307692 0.5576923076923077 0.057692307692307696 0.057692307692307696
0 0.3317307692307692 0.6045673076923077 0.04326923076923077 0.021634615384615384
0 0.3870192307692308 0.4807692307692308 0.055288461538461536 0.05048076923076923
0 0.359375 0.5204326923076923 0.0625 0.055288461538461536
0 0.40024038461538464 0.44471153846153844 0.04807692307692308 0.05048076923076923
0 0.3605769230769231 0.48677884615384615 0.06490384615384616 0.06009615384615385
0 0.37740384615384615 0.4326923076923077 0.05048076923076923 0.055288461538461536
0 0.47596153846153844 0.22716346153846154 0.0625 0.06490384615384616
0 0.3918269230769231 0.37259615384615385 0.06490384615384616 0.06490384615384616
0 0.35336538461538464 0.4098557692307692 0.06490384615384616 0.06009615384615385
0 0.47475961538461536 0.1502403846153846 0.06490384615384616 0.07932692307692307
0 0.28365384615384615 0.484375 0.06490384615384616 0.0625
0 0.35336538461538464 0.3401442307692308 0.09134615384615384 0.0889423076923077
0 0.38100961538461536 0.28846153846153844 0.07932692307692307 0.07692307692307693
0 0.3557692307692308 0.046875 0.14423076923076922 0.09375
0 0.07211538461538461 0.08653846153846154 0.14423076923076922 0.17307692307692307
0 0.36778846153846156 0.6105769230769231 0.038461538461538464 0.009615384615384616
0 0.38341346153846156 0.5769230769230769 0.03125 0.036057692307692304
0 0.3641826923076923 0.5961538461538461 0.04326923076923077 0.038461538461538464
0 0.8245192307692307 0.18028846153846154 0.34615384615384615 0.3605769230769231
0 0.7019230769230769 0.3245192307692308 0.2644230769230769 0.27884615384615385
0 0.44350961538461536 0.9639423076923077 0.06009615384615385 0.06490384615384616
0 0.2668269230769231 0.8149038461538461 0.36538461538461536 0.3485576923076923
0 0.3088942307692308 0.9543269230769231 0.10336538461538461 0.08653846153846154
0 0.7223557692307693 0.8353365384615384 0.10817307692307693 0.13942307692307693
0 0.6153846153846154 0.8641826923076923 0.15384615384615385 0.15384615384615385