0 0.44711538461538464 0.25841346153846156 0.057692307692307696 0.11298076923076923
0 0.5132211538461539 0.24519230769230768 0.06971153846153846 0.08653846153846154
0 0.7151442307692307 0.04326923076923077 0.036057692307692304 0.038461538461538464
0 0.6838942307692307 0.03245192307692308 0.019230769230769232 0.021634615384615384
0 0.6862980769230769 0.046875 0.026442307692307692 0.026442307692307692
0 0.6165865384615384 0.055288461538461536 0.03365384615384615 0.036057692307692304
0 0.6706730769230769 0.09975961538461539 0.052884615384615384 0.06009615384615385
0 0.2620192307692308 0.7247596153846154 0.21153846153846154 0.19951923076923078
0 0.44711538461538464 0.7307692307692307 0.057692307692307696 0.13942307692307693
0 0.12860576923076922 0.9387019230769231 0.25721153846153844 0.11778846153846154
0 0.9362980769230769 0.4338942307692308 0.07451923076923077 0.08173076923076923
0 0.6947115384615384 0.38341346153846156 0.10096153846153846 0.05048076923076923
0 0.7596153846153846 0.4110576923076923 0.07211538461538461 0.07451923076923077