0 0.3713942307692308 0.15745192307692307 0.026442307692307692 0.04326923076923077
0 0.40024038461538464 0.14903846153846154 0.08173076923076923 0.09134615384615384
0 0.3293269230769231 0.21514423076923078 0.15384615384615385 0.15865384615384615
0 0.2776442307692308 0.2644230769230769 0.06009615384615385 0.06490384615384616
0 0.3918269230769231 0.21875 0.057692307692307696 0.06009615384615385
0 0.22596153846153846 0.31971153846153844 0.09134615384615384 0.07211538461538461
0 0.33653846153846156 0.28125 0.07932692307692307 0.07692307692307693
0 0.9326923076923077 0.3112980769230769 0.12980769230769232 0.0889423076923077
0 0.2091346153846154 0.5408653846153846 0.09615384615384616 0.09134615384615384
0 0.02403846153846154 0.6706730769230769 0.04807692307692308 0.1346153846153846
0 0.09014423076923077 0.625 0.11057692307692307 0.10817307692307693
0 0.08052884615384616 0.8834134615384616 0.16105769230769232 0.19951923076923078
0 0.5396634615384616 0.9495192307692307 0.17548076923076922 0.09615384615384616
0 0.22235576923076922 0.3629807692307692 0.04567307692307692 0.009615384615384616
0 0.28725961538461536 0.3762019230769231 0.06009615384615385 0.036057692307692304
0 0.6634615384615384 0.5997596153846154 0.036057692307692304 0.04807692307692308
0 0.7079326923076923 0.5829326923076923 0.052884615384615384 0.057692307692307696
0 0.7632211538461539 0.6117788461538461 0.04807692307692308 0.05048076923076923
0 0.7055288461538461 0.6694711538461539 0.0625 0.06971153846153846
0 0.7716346153846154 0.6466346153846154 0.0673076923076923 0.07451923076923077
0 0.6790865384615384 0.7139423076923077 0.0985576923076923 0.2403846153846154
0 0.6971153846153846 0.7319711538461539 0.0889423076923077 0.10336538461538461
0 0.7776442307692307 0.7283653846153846 0.07211538461538461 0.08413461538461539
0 0.7091346153846154 0.43149038461538464 0.036057692307692304 0.04807692307692308
0 0.7487980769230769 0.41586538461538464 0.028846153846153848 0.03365384615384615
0 0.7247596153846154 0.4266826923076923 0.016826923076923076 0.019230769230769232
0 0.7079326923076923 0.5276442307692307 0.028846153846153848 0.03125
0 0.8293269230769231 0.49278846153846156 0.038461538461538464 0.040865384615384616
0 0.7487980769230769 0.5348557692307693 0.03365384615384615 0.036057692307692304
0 0.7091346153846154 0.5564903846153846 0.04326923076923077 0.04326923076923077