0 0.3449519230769231 0.007211538461538462 0.06490384615384616 0.014423076923076924
0 0.28365384615384615 0.0733173076923077 0.07211538461538461 0.07451923076923077
0 0.21634615384615385 0.010817307692307692 0.057692307692307696 0.021634615384615384
0 0.3449519230769231 0.23798076923076922 0.15144230769230768 0.11538461538461539
0 0.18269230769230768 0.06850961538461539 0.07692307692307693 0.07451923076923077
0 0.013221153846153846 0.24639423076923078 0.026442307692307692 0.0985576923076923
0 0.1201923076923077 0.17307692307692307 0.2403846153846154 0.24519230769230768
0 0.04447115384615385 0.21754807692307693 0.0889423076923077 0.10336538461538461
0 0.16947115384615385 0.006009615384615385 0.05048076923076923 0.01201923076923077
0 0.036057692307692304 0.14423076923076922 0.04326923076923077 0.04326923076923077
0 0.13822115384615385 0.04927884615384615 0.055288461538461536 0.06009615384615385
0 0.03485576923076923 0.26802884615384615 0.06971153846153846 0.055288461538461536
0 0.8389423076923077 0.17908653846153846 0.15865384615384615 0.17067307692307693
0 0.07211538461538461 0.3125 0.12980769230769232 0.028846153846153848
0 0.42427884615384615 0.7487980769230769 0.2956730769230769 0.32211538461538464
0 0.5685096153846154 0.41225961538461536 0.37740384615384615 0.2283653846153846
0 0.7151442307692307 0.6778846153846154 0.08413461538461539 0.3076923076923077
0 0.15264423076923078 0.42908653846153844 0.1201923076923077 0.12740384615384615
0 0.3942307692307692 0.33413461538461536 0.25961538461538464 0.07211538461538461
0 0.03365384615384615 0.38461538461538464 0.0673076923076923 0.08653846153846154
0 0.7860576923076923 0.8762019230769231 0.052884615384615384 0.24278846153846154
0 0.8185096153846154 0.5576923076923077 0.11778846153846154 0.14423076923076922
0 0.8786057692307693 0.49158653846153844 0.23798076923076922 0.3870192307692308