0 0.9711538461538461 0.06129807692307692 0.052884615384615384 0.09375
0 0.9555288461538461 0.016826923076923076 0.0889423076923077 0.03365384615384615
0 0.9615384615384616 0.4014423076923077 0.07211538461538461 0.04807692307692308
0 0.8413461538461539 0.1310096153846154 0.14423076923076922 0.14903846153846154
0 0.7944711538461539 0.2980769230769231 0.1658653846153846 0.14423076923076922
0 0.6862980769230769 0.17908653846153846 0.19471153846153846 0.1971153846153846
0 0.5084134615384616 0.5829326923076923 0.07451923076923077 0.08413461538461539
0 0.42908653846153844 0.8930288461538461 0.1466346153846154 0.13221153846153846
0 0.9915865384615384 0.7644230769230769 0.01201923076923077 0.04326923076923077
0 0.9026442307692307 0.4987980769230769 0.06009615384615385 0.06009615384615385
0 0.8798076923076923 0.5865384615384616 0.07451923076923077 0.06490384615384616
0 0.8257211538461539 0.5420673076923077 0.07211538461538461 0.06971153846153846
0 0.7980769230769231 0.4807692307692308 0.08413461538461539 0.08173076923076923
0 0.5829326923076923 0.4807692307692308 0.06971153846153846 0.10576923076923077