0 0.2848557692307692 0.12980769230769232 0.052884615384615384 0.05048076923076923
0 0.2620192307692308 0.04927884615384615 0.040865384615384616 0.038461538461538464
0 0.12139423076923077 0.4723557692307692 0.09375 0.09375
0 0.12980769230769232 0.3942307692307692 0.07211538461538461 0.07211538461538461
0 0.08774038461538461 0.4206730769230769 0.07451923076923077 0.07451923076923077
0 0.07451923076923077 0.5132211538461539 0.0985576923076923 0.09615384615384616
0 0.1201923076923077 0.5480769230769231 0.11057692307692307 0.057692307692307696
0 0.23677884615384615 0.06009615384615385 0.03125 0.03125
0 0.09615384615384616 0.36658653846153844 0.06490384615384616 0.06490384615384616
0 0.24519230769230768 0.010817307692307692 0.02403846153846154 0.021634615384615384
0 0.18990384615384615 0.057692307692307696 0.028846153846153848 0.028846153846153848
0 0.14302884615384615 0.2620192307692308 0.055288461538461536 0.055288461538461536
0 0.10096153846153846 0.3016826923076923 0.06490384615384616 0.0625
0 0.18269230769230768 0.1201923076923077 0.040865384615384616 0.038461538461538464
0 0.1346153846153846 0.3233173076923077 0.057692307692307696 0.057692307692307696
0 0.21634615384615385 0.008413461538461538 0.02403846153846154 0.016826923076923076
0 0.109375 0.2127403846153846 0.052884615384615384 0.052884615384615384
0 0.15144230769230768 0.1971153846153846 0.040865384615384616 0.040865384615384616
0 0.16105769230769232 0.13942307692307693 0.038461538461538464 0.036057692307692304
0 0.15504807692307693 0.1045673076923077 0.028846153846153848 0.03125
0 0.1778846153846154 0.09735576923076923 0.03125 0.03125
0 0.18269230769230768 0.07692307692307693 0.026442307692307692 0.02403846153846154
0 0.16826923076923078 0.078125 0.014423076923076924 0.014423076923076924
0 0.1971153846153846 0.040865384615384616 0.021634615384615384 0.021634615384615384
0 0.20793269230769232 0.02283653846153846 0.026442307692307692 0.02403846153846154
0 0.1466346153846154 0.2247596153846154 0.057692307692307696 0.052884615384615384
0 0.15865384615384615 0.15985576923076922 0.04807692307692308 0.04567307692307692
0 0.13822115384615385 0.15865384615384615 0.05048076923076923 0.05048076923076923
0 0.7007211538461539 0.026442307692307692 0.04567307692307692 0.052884615384615384
0 0.6971153846153846 0.0829326923076923 0.038461538461538464 0.07932692307692307
0 0.6959134615384616 0.38221153846153844 0.036057692307692304 0.13942307692307693
0 0.7608173076923077 0.36538461538461536 0.15625 0.15865384615384615
0 0.31009615384615385 0.6418269230769231 0.21634615384615385 0.125
0 0.7728365384615384 0.6971153846153846 0.18990384615384615 0.23557692307692307