0 0.03365384615384615 0.1935096153846154 0.0673076923076923 0.055288461538461536
0 0.04807692307692308 0.30408653846153844 0.06971153846153846 0.0625
0 0.21514423076923078 0.4110576923076923 0.15865384615384615 0.12980769230769232
0 0.06009615384615385 0.4579326923076923 0.1201923076923077 0.13701923076923078
0 0.6490384615384616 0.5060096153846154 0.10096153846153846 0.040865384615384616
0 0.7439903846153846 0.47836538461538464 0.12259615384615384 0.09615384615384616
0 0.8293269230769231 0.26322115384615385 0.33653846153846156 0.5264423076923077
0 0.2620192307692308 0.8942307692307693 0.0625 0.057692307692307696
0 0.28966346153846156 0.9615384615384616 0.06971153846153846 0.0625
0 0.046875 0.9915865384615384 0.021634615384615384 0.01201923076923077
0 0.08413461538461539 0.9026442307692307 0.02403846153846154 0.021634615384615384