0 0.007211538461538462 0.125 0.014423076923076924 0.04807692307692308
0 0.013221153846153846 0.17908653846153846 0.026442307692307692 0.05048076923076923
0 0.052884615384615384 0.4026442307692308 0.055288461538461536 0.052884615384615384
0 0.030048076923076924 0.234375 0.055288461538461536 0.055288461538461536
0 0.037259615384615384 0.1814903846153846 0.055288461538461536 0.04807692307692308
0 0.09735576923076923 0.4639423076923077 0.057692307692307696 0.06971153846153846
0 0.04567307692307692 0.078125 0.055288461538461536 0.052884615384615384
0 0.07932692307692307 0.23677884615384615 0.07932692307692307 0.07211538461538461
0 0.09014423076923077 0.2932692307692308 0.06971153846153846 0.0625
0 0.2800480769230769 0.4639423076923077 0.10817307692307693 0.08653846153846154
0 0.4423076923076923 0.4519230769230769 0.14903846153846154 0.11057692307692307
0 0.4651442307692308 0.2608173076923077 0.10336538461538461 0.18509615384615385
0 0.2644230769230769 0.7740384615384616 0.16826923076923078 0.16346153846153846
0 0.1310096153846154 0.9170673076923077 0.03125 0.028846153846153848
0 0.14302884615384615 0.8233173076923077 0.038461538461538464 0.038461538461538464
0 0.22716346153846154 0.6814903846153846 0.07451923076923077 0.07211538461538461
0 0.11177884615384616 0.9519230769230769 0.021634615384615384 0.021634615384615384
0 0.10576923076923077 0.9290865384615384 0.019230769230769232 0.021634615384615384