0 0.13341346153846154 0.02283653846153846 0.04567307692307692 0.04567307692307692
0 0.10817307692307693 0.06129807692307692 0.05048076923076923 0.04807692307692308
0 0.14182692307692307 0.054086538461538464 0.052884615384615384 0.052884615384615384
0 0.07091346153846154 0.11177884615384616 0.055288461538461536 0.055288461538461536
0 0.10096153846153846 0.1141826923076923 0.06971153846153846 0.07451923076923077
0 0.040865384615384616 0.15264423076923078 0.0673076923076923 0.0625
0 0.02403846153846154 0.2127403846153846 0.04807692307692308 0.07932692307692307
0 0.05889423076923077 0.1935096153846154 0.07692307692307693 0.07451923076923077
0 0.32572115384615385 0.23076923076923078 0.31971153846153844 0.34134615384615385
0 0.6526442307692307 0.009615384615384616 0.06490384615384616 0.019230769230769232
0 0.9507211538461539 0.037259615384615384 0.09375 0.07451923076923077
0 0.9098557692307693 0.11057692307692307 0.17548076923076922 0.1971153846153846
0 0.22355769230769232 0.7848557692307693 0.11778846153846154 0.11057692307692307
0 0.4230769230769231 0.9074519230769231 0.125 0.18028846153846154
0 0.6466346153846154 0.9182692307692307 0.15865384615384615 0.15865384615384615
0 0.9050480769230769 0.9050480769230769 0.18509615384615385 0.18509615384615385
0 0.5012019230769231 0.6814903846153846 0.026442307692307692 0.05048076923076923