0 0.4855769230769231 0.013221153846153846 0.11538461538461539 0.026442307692307692
0 0.09735576923076923 0.21033653846153846 0.19471153846153846 0.23798076923076922
0 0.328125 0.055288461538461536 0.15625 0.11057692307692307
0 0.5853365384615384 0.12860576923076922 0.06009615384615385 0.15625
0 0.9507211538461539 0.09014423076923077 0.04326923076923077 0.040865384615384616
0 0.7211538461538461 0.1141826923076923 0.0889423076923077 0.07932692307692307
0 0.8353365384615384 0.08533653846153846 0.052884615384615384 0.04567307692307692
0 0.9206730769230769 0.18028846153846154 0.07451923076923077 0.08413461538461539
0 0.9507211538461539 0.021634615384615384 0.028846153846153848 0.03365384615384615
0 0.9338942307692307 0.052884615384615384 0.038461538461538464 0.03365384615384615
0 0.9771634615384616 0.016826923076923076 0.026442307692307692 0.026442307692307692
0 0.8918269230769231 0.06009615384615385 0.052884615384615384 0.040865384615384616
0 0.9242788461538461 0.037259615384615384 0.028846153846153848 0.028846153846153848
0 0.8978365384615384 0.03245192307692308 0.038461538461538464 0.028846153846153848
0 0.7175480769230769 0.08173076923076923 0.07451923076923077 0.0625
0 0.65625 0.08533653846153846 0.07451923076923077 0.0625
0 0.8040865384615384 0.0625 0.06490384615384616 0.0625
0 0.8533653846153846 0.054086538461538464 0.04567307692307692 0.040865384615384616
0 0.9915865384615384 0.013221153846153846 0.01201923076923077 0.026442307692307692
0 0.12259615384615384 0.515625 0.028846153846153848 0.01201923076923077
0 0.45552884615384615 0.6225961538461539 0.04807692307692308 0.036057692307692304
0 0.23798076923076922 0.546875 0.036057692307692304 0.028846153846153848
0 0.3942307692307692 0.5480769230769231 0.036057692307692304 0.02403846153846154
0 0.10096153846153846 0.5240384615384616 0.03365384615384615 0.028846153846153848
0 0.19951923076923078 0.5420673076923077 0.03365384615384615 0.028846153846153848
0 0.4423076923076923 0.59375 0.040865384615384616 0.026442307692307692
0 0.26802884615384615 0.6646634615384616 0.052884615384615384 0.05048076923076923
0 0.2608173076923077 0.6177884615384616 0.04567307692307692 0.040865384615384616
0 0.3112980769230769 0.53125 0.038461538461538464 0.028846153846153848
0 0.4951923076923077 0.8473557692307693 0.2403846153846154 0.27163461538461536
0 0.39903846153846156 0.6875 0.038461538461538464 0.04326923076923077
0 0.1814903846153846 0.515625 0.036057692307692304 0.01201923076923077
0 0.8846153846153846 0.9771634615384616 0.22596153846153846 0.040865384615384616
0 0.6995192307692307 0.8425480769230769 0.16346153846153846 0.28125
0 0.9134615384615384 0.6983173076923077 0.16826923076923078 0.18028846153846154
0 0.8293269230769231 0.6237980769230769 0.21875 0.20192307692307693