0 0.006009615384615385 0.5456730769230769 0.01201923076923077 0.04326923076923077
0 0.07932692307692307 0.27884615384615385 0.07211538461538461 0.08173076923076923
0 0.16346153846153846 0.5132211538461539 0.10096153846153846 0.08173076923076923
0 0.15504807692307693 0.4266826923076923 0.08653846153846154 0.08173076923076923
0 0.9002403846153846 0.41346153846153844 0.06009615384615385 0.06009615384615385
0 0.9711538461538461 0.4543269230769231 0.052884615384615384 0.052884615384615384
0 0.984375 0.39302884615384615 0.026442307692307692 0.055288461538461536
0 0.7692307692307693 0.2512019230769231 0.03125 0.02403846153846154
0 0.7836538461538461 0.3125 0.03365384615384615 0.02403846153846154
0 0.8221153846153846 0.3485576923076923 0.08653846153846154 0.055288461538461536
0 0.8665865384615384 0.3737980769230769 0.026442307692307692 0.02403846153846154
0 0.06971153846153846 0.6189903846153846 0.0625 0.06009615384615385
0 0.026442307692307692 0.625 0.052884615384615384 0.0625