0 0.5600961538461539 0.03245192307692308 0.11538461538461539 0.06490384615384616
0 0.5829326923076923 0.19831730769230768 0.06490384615384616 0.06490384615384616
0 0.5180288461538461 0.08173076923076923 0.0889423076923077 0.08653846153846154
0 0.4639423076923077 0.3954326923076923 0.009615384615384616 0.026442307692307692
0 0.5 0.140625 0.07692307692307693 0.07451923076923077
0 0.47716346153846156 0.2644230769230769 0.036057692307692304 0.0625
0 0.4699519230769231 0.3088942307692308 0.021634615384615384 0.04567307692307692
0 0.49038461538461536 0.20072115384615385 0.0625 0.07451923076923077
0 0.4831730769230769 0.22596153846153846 0.04807692307692308 0.057692307692307696
0 0.8461538461538461 0.8004807692307693 0.0985576923076923 0.11538461538461539
0 0.9711538461538461 0.9783653846153846 0.052884615384615384 0.038461538461538464
0 0.8461538461538461 0.9134615384615384 0.08653846153846154 0.08173076923076923
0 0.7788461538461539 0.8762019230769231 0.11538461538461539 0.11538461538461539
0 0.7391826923076923 0.9819711538461539 0.0889423076923077 0.03125
0 0.9435096153846154 0.9050480769230769 0.06971153846153846 0.06971153846153846
0 0.890625 0.8677884615384616 0.07932692307692307 0.08173076923076923