0 0.34375 0.06490384615384616 0.03125 0.036057692307692304
0 0.0733173076923077 0.2692307692307692 0.0889423076923077 0.09375
0 0.40384615384615385 0.037259615384615384 0.021634615384615384 0.021634615384615384
0 0.4182692307692308 0.008413461538461538 0.02403846153846154 0.016826923076923076
0 0.5132211538461539 0.24519230769230768 0.0889423076923077 0.08413461538461539
0 0.5961538461538461 0.4423076923076923 0.14423076923076922 0.16105769230769232
0 0.8353365384615384 0.4795673076923077 0.12740384615384615 0.14423076923076922
0 0.8365384615384616 0.32572115384615385 0.11057692307692307 0.11298076923076923
0 0.6045673076923077 0.30528846153846156 0.12259615384615384 0.11538461538461539
0 0.4855769230769231 0.31971153846153844 0.07211538461538461 0.09615384615384616
0 0.8221153846153846 0.5420673076923077 0.23557692307692307 0.10817307692307693
0 0.7620192307692307 0.9627403846153846 0.0673076923076923 0.06971153846153846
0 0.8076923076923077 0.9206730769230769 0.06009615384615385 0.0625
0 0.8701923076923077 0.9615384615384616 0.09134615384615384 0.07211538461538461
0 0.9242788461538461 0.8064903846153846 0.038461538461538464 0.04807692307692308
0 0.9759615384615384 0.7608173076923077 0.026442307692307692 0.03125
0 0.9831730769230769 0.8521634615384616 0.028846153846153848 0.055288461538461536