0 0.4375 0.11177884615384616 0.23076923076923078 0.22355769230769232
0 0.40384615384615385 0.40024038461538464 0.10817307692307693 0.10336538461538461
0 0.6033653846153846 0.5252403846153846 0.09134615384615384 0.12259615384615384
0 0.21754807692307693 0.9362980769230769 0.12740384615384615 0.12259615384615384
0 0.07572115384615384 0.9242788461538461 0.11057692307692307 0.10576923076923077
0 0.14903846153846154 0.8786057692307693 0.15144230769230768 0.14903846153846154
0 0.036057692307692304 0.859375 0.07211538461538461 0.10336538461538461
0 0.8365384615384616 0.6189903846153846 0.2548076923076923 0.06009615384615385
0 0.9074519230769231 0.8185096153846154 0.18028846153846154 0.33413461538461536
0 0.9711538461538461 0.9242788461538461 0.052884615384615384 0.1466346153846154
0 0.6706730769230769 0.8305288461538461 0.21394230769230768 0.21394230769230768
0 0.7223557692307693 0.9038461538461539 0.25721153846153844 0.1875