0 0.3389423076923077 0.026442307692307692 0.07692307692307693 0.052884615384615384
0 0.6670673076923077 0.09254807692307693 0.18509615384615385 0.18509615384615385
0 0.4423076923076923 0.34615384615384615 0.09615384615384616 0.0889423076923077
0 0.24158653846153846 0.36899038461538464 0.18028846153846154 0.14182692307692307
0 0.30528846153846156 0.4098557692307692 0.11298076923076923 0.12980769230769232
0 0.39663461538461536 0.5853365384615384 0.15384615384615385 0.17067307692307693
0 0.48197115384615385 0.32091346153846156 0.03125 0.04567307692307692
0 0.921875 0.43028846153846156 0.05048076923076923 0.04807692307692308
0 0.9783653846153846 0.7427884615384616 0.038461538461538464 0.1346153846153846
0 0.9519230769230769 0.6310096153846154 0.09134615384615384 0.10336538461538461
0 0.890625 0.5384615384615384 0.07692307692307693 0.08413461538461539