0 0.4831730769230769 0.19591346153846154 0.0985576923076923 0.10336538461538461
0 0.16466346153846154 0.34975961538461536 0.11538461538461539 0.11778846153846154
0 0.27524038461538464 0.0625 0.1658653846153846 0.125
0 0.4675480769230769 0.33533653846153844 0.05048076923076923 0.04807692307692308
0 0.8954326923076923 0.45552884615384615 0.03125 0.021634615384615384
0 0.9819711538461539 0.4495192307692308 0.021634615384615384 0.02403846153846154
0 0.8473557692307693 0.45072115384615385 0.040865384615384616 0.03125
0 0.6875 0.10216346153846154 0.1971153846153846 0.20432692307692307
0 0.6177884615384616 0.12379807692307693 0.057692307692307696 0.19951923076923078
0 0.8737980769230769 0.3137019230769231 0.057692307692307696 0.0625
0 0.828125 0.3545673076923077 0.06009615384615385 0.0625
0 0.7055288461538461 0.40384615384615385 0.08653846153846154 0.0889423076923077
0 0.2920673076923077 0.7908653846153846 0.07932692307692307 0.07692307692307693
0 0.06850961538461539 0.8918269230769231 0.10336538461538461 0.11057692307692307
0 0.13221153846153846 0.6983173076923077 0.125 0.12259615384615384
0 0.625 0.84375 0.07211538461538461 0.3076923076923077
0 0.8581730769230769 0.7692307692307693 0.24278846153846154 0.25
0 0.9759615384615384 0.9326923076923077 0.04326923076923077 0.12980769230769232
0 0.8581730769230769 0.9038461538461539 0.21634615384615385 0.1875
0 0.9783653846153846 0.8293269230769231 0.038461538461538464 0.16346153846153846
0 0.640625 0.6754807692307693 0.10336538461538461 0.3269230769230769