0 0.026442307692307692 0.06610576923076923 0.052884615384615384 0.08413461538461539
0 0.6995192307692307 0.140625 0.13942307692307693 0.28125
0 0.11298076923076923 0.5492788461538461 0.22596153846153846 0.29086538461538464
0 0.015625 0.7668269230769231 0.03125 0.14903846153846154
0 0.10817307692307693 0.7668269230769231 0.19951923076923078 0.19951923076923078
0 0.13942307692307693 0.9278846153846154 0.16346153846153846 0.13942307692307693
0 0.054086538461538464 0.9615384615384616 0.10817307692307693 0.07211538461538461
0 0.96875 0.8834134615384616 0.057692307692307696 0.19471153846153846
0 0.8665865384615384 0.8485576923076923 0.14903846153846154 0.14903846153846154
0 0.7043269230769231 0.8233173076923077 0.1346153846153846 0.13701923076923078
0 0.6502403846153846 0.8040865384615384 0.040865384615384616 0.0985576923076923