0 0.359375 0.4326923076923077 0.055288461538461536 0.09615384615384616
0 0.19951923076923078 0.36177884615384615 0.0985576923076923 0.10576923076923077
0 0.3004807692307692 0.5108173076923077 0.04326923076923077 0.052884615384615384
0 0.29086538461538464 0.46153846153846156 0.057692307692307696 0.06490384615384616
0 0.28846153846153844 0.4230769230769231 0.07211538461538461 0.07692307692307693
0 0.3629807692307692 0.4891826923076923 0.04807692307692308 0.07932692307692307
0 0.36899038461538464 0.5288461538461539 0.036057692307692304 0.052884615384615384
0 0.36177884615384615 0.5661057692307693 0.04326923076923077 0.052884615384615384
0 0.36538461538461536 0.5829326923076923 0.04326923076923077 0.026442307692307692
0 0.7932692307692307 0.3557692307692308 0.07692307692307693 0.08413461538461539
0 0.7055288461538461 0.35096153846153844 0.0673076923076923 0.07211538461538461
0 0.4411057692307692 0.5048076923076923 0.028846153846153848 0.03365384615384615
0 0.47475961538461536 0.5048076923076923 0.026442307692307692 0.028846153846153848
0 0.19591346153846154 0.6658653846153846 0.14182692307692307 0.1346153846153846
0 0.18389423076923078 0.8966346153846154 0.04326923076923077 0.04326923076923077
0 0.040865384615384616 0.7836538461538461 0.06971153846153846 0.06009615384615385
0 0.3245192307692308 0.8016826923076923 0.08653846153846154 0.0889423076923077
0 0.19951923076923078 0.9567307692307693 0.028846153846153848 0.026442307692307692
0 0.04927884615384615 0.7271634615384616 0.09134615384615384 0.08653846153846154
0 0.3004807692307692 0.6850961538461539 0.17307692307692307 0.17307692307692307
0 0.13701923076923078 0.8846153846153846 0.04326923076923077 0.040865384615384616
0 0.234375 0.7848557692307693 0.11298076923076923 0.10817307692307693