0 0.38341346153846156 0.375 0.12740384615384615 0.10096153846153846
0 0.39663461538461536 0.2127403846153846 0.10096153846153846 0.18509615384615385
0 0.4050480769230769 0.042067307692307696 0.08413461538461539 0.08413461538461539
0 0.34134615384615385 0.17067307692307693 0.15865384615384615 0.15865384615384615
0 0.19951923076923078 0.02283653846153846 0.09615384615384616 0.04567307692307692
0 0.53125 0.18870192307692307 0.0889423076923077 0.0889423076923077
0 0.5564903846153846 0.057692307692307696 0.07211538461538461 0.07211538461538461
0 0.03365384615384615 0.7319711538461539 0.0673076923076923 0.07451923076923077
0 0.02403846153846154 0.5612980769230769 0.04807692307692308 0.05048076923076923
0 0.8485576923076923 0.8846153846153846 0.2403846153846154 0.22596153846153846
0 0.5853365384615384 0.9158653846153846 0.27163461538461536 0.16346153846153846
0 0.4807692307692308 0.96875 0.0625 0.057692307692307696
0 0.5805288461538461 0.6911057692307693 0.21634615384615385 0.21634615384615385
0 0.5240384615384616 0.7259615384615384 0.14903846153846154 0.25961538461538464
0 0.5793269230769231 0.5072115384615384 0.1971153846153846 0.15865384615384615
0 0.5120192307692307 0.48197115384615385 0.125 0.10817307692307693