0 0.2956730769230769 0.3485576923076923 0.10576923076923077 0.057692307692307696
0 0.3233173076923077 0.15745192307692307 0.1971153846153846 0.16826923076923078
0 0.13942307692307693 0.038461538461538464 0.27884615384615385 0.07692307692307693
0 0.21033653846153846 0.8185096153846154 0.08413461538461539 0.0889423076923077
0 0.25240384615384615 0.8088942307692307 0.06971153846153846 0.06971153846153846
0 0.20793269230769232 0.875 0.06490384615384616 0.0673076923076923
0 0.11658653846153846 0.8521634615384616 0.07451923076923077 0.07211538461538461
0 0.15384615384615385 0.8918269230769231 0.0673076923076923 0.06971153846153846
0 0.16826923076923078 0.9230769230769231 0.052884615384615384 0.05048076923076923
0 0.11658653846153846 0.9591346153846154 0.0625 0.0673076923076923
0 0.14543269230769232 0.9591346153846154 0.04807692307692308 0.05048076923076923
0 0.11899038461538461 0.9855769230769231 0.04567307692307692 0.02403846153846154
0 0.08533653846153846 0.9891826923076923 0.05048076923076923 0.016826923076923076
0 0.7668269230769231 0.6538461538461539 0.46153846153846156 0.5480769230769231
0 0.546875 0.6502403846153846 0.07451923076923077 0.2620192307692308