0 0.14423076923076922 0.625 0.07692307692307693 0.04326923076923077
0 0.20432692307692307 0.5805288461538461 0.11778846153846154 0.11298076923076923
0 0.16706730769230768 0.26322115384615385 0.17548076923076922 0.18990384615384615
0 0.4735576923076923 0.48677884615384615 0.1875 0.31971153846153844
0 0.484375 0.2848557692307692 0.1658653846153846 0.3004807692307692
0 0.6478365384615384 0.48677884615384615 0.057692307692307696 0.055288461538461536
0 0.640625 0.5564903846153846 0.040865384615384616 0.04326923076923077
0 0.9110576923076923 0.6021634615384616 0.08653846153846154 0.0889423076923077
0 0.7872596153846154 0.46033653846153844 0.07932692307692307 0.09134615384615384
0 0.6045673076923077 0.1778846153846154 0.0673076923076923 0.08653846153846154
0 0.6165865384615384 0.11057692307692307 0.08653846153846154 0.10336538461538461
0 0.7391826923076923 0.45913461538461536 0.07692307692307693 0.0889423076923077
0 0.6706730769230769 0.5432692307692307 0.0625 0.0625
0 0.10336538461538461 0.9783653846153846 0.08653846153846154 0.038461538461538464
0 0.3605769230769231 0.9435096153846154 0.16826923076923078 0.10817307692307693
0 0.5961538461538461 0.7151442307692307 0.052884615384615384 0.13221153846153846