0 0.3173076923076923 0.4230769230769231 0.07692307692307693 0.09615384615384616
0 0.14543269230769232 0.5072115384615384 0.10576923076923077 0.09615384615384616
0 0.9471153846153846 0.39903846153846156 0.05048076923076923 0.036057692307692304
0 0.8533653846153846 0.38822115384615385 0.07932692307692307 0.055288461538461536
0 0.7235576923076923 0.3870192307692308 0.10336538461538461 0.07692307692307693
0 0.6694711538461539 0.28966346153846156 0.1466346153846154 0.08413461538461539
0 0.3942307692307692 0.4266826923076923 0.07211538461538461 0.17067307692307693
0 0.038461538461538464 0.8930288461538461 0.07692307692307693 0.07932692307692307
0 0.10336538461538461 0.8605769230769231 0.08173076923076923 0.06490384615384616
0 0.234375 0.7079326923076923 0.04326923076923077 0.03125
0 0.2091346153846154 0.8293269230769231 0.057692307692307696 0.04567307692307692
0 0.2536057692307692 0.8161057692307693 0.038461538461538464 0.03365384615384615
0 0.32211538461538464 0.6875 0.036057692307692304 0.02403846153846154
0 0.4723557692307692 0.9663461538461539 0.15144230769230768 0.0625
0 0.4699519230769231 0.8293269230769231 0.22355769230769232 0.1971153846153846