0 0.4795673076923077 0.10576923076923077 0.055288461538461536 0.17307692307692307
0 0.4411057692307692 0.21634615384615385 0.13221153846153846 0.15865384615384615
0 0.5300480769230769 0.2127403846153846 0.038461538461538464 0.036057692307692304
0 0.546875 0.28365384615384615 0.038461538461538464 0.036057692307692304
0 0.5733173076923077 0.36899038461538464 0.07211538461538461 0.07451923076923077
0 0.5480769230769231 0.4014423076923077 0.07211538461538461 0.08413461538461539
0 0.6622596153846154 0.18870192307692307 0.04807692307692308 0.04326923076923077
0 0.5540865384615384 0.21394230769230768 0.038461538461538464 0.036057692307692304
0 0.5324519230769231 0.14182692307692307 0.03125 0.028846153846153848
0 0.5192307692307693 0.15745192307692307 0.019230769230769232 0.026442307692307692
0 0.515625 0.13942307692307693 0.01201923076923077 0.028846153846153848
0 0.140625 0.5685096153846154 0.12259615384615384 0.06009615384615385
0 0.7367788461538461 0.8377403846153846 0.4543269230769231 0.31971153846153844