0 0.0673076923076923 0.03125 0.07211538461538461 0.0625
0 0.2283653846153846 0.01201923076923077 0.08173076923076923 0.02403846153846154
0 0.07692307692307693 0.07451923076923077 0.0889423076923077 0.08173076923076923
0 0.010817307692307692 0.15144230769230768 0.021634615384615384 0.10096153846153846
0 0.27283653846153844 0.04807692307692308 0.09375 0.09134615384615384
0 0.018028846153846152 0.23317307692307693 0.036057692307692304 0.1346153846153846
0 0.14543269230769232 0.16706730769230768 0.11057692307692307 0.0985576923076923
0 0.05889423076923077 0.234375 0.11778846153846154 0.13701923076923078
0 0.5504807692307693 0.2283653846153846 0.17307692307692307 0.3173076923076923
0 0.8293269230769231 0.14423076923076922 0.1971153846153846 0.1971153846153846
0 0.7199519230769231 0.08173076923076923 0.16105769230769232 0.16346153846153846
0 0.057692307692307696 0.8485576923076923 0.11298076923076923 0.11778846153846154
0 0.09615384615384616 0.7788461538461539 0.11538461538461539 0.11057692307692307
0 0.0673076923076923 0.6286057692307693 0.07932692307692307 0.06971153846153846
0 0.6742788461538461 0.7235576923076923 0.06971153846153846 0.1875