0 0.25600961538461536 0.29447115384615385 0.0985576923076923 0.10336538461538461
0 0.16706730769230768 0.3112980769230769 0.10817307692307693 0.06971153846153846
0 0.07692307692307693 0.2860576923076923 0.09615384615384616 0.09134615384615384
0 0.08052884615384616 0.3329326923076923 0.08413461538461539 0.026442307692307692
0 0.90625 0.30288461538461536 0.18269230769230768 0.08653846153846154
0 0.6959134615384616 0.28365384615384615 0.17067307692307693 0.125
0 0.9014423076923077 0.2127403846153846 0.19230769230769232 0.2668269230769231
0 0.5600961538461539 0.32572115384615385 0.14903846153846154 0.040865384615384616
0 0.265625 0.8569711538461539 0.07932692307692307 0.28125
0 0.9615384615384616 0.8665865384615384 0.07211538461538461 0.21394230769230768
0 0.8185096153846154 0.8942307692307693 0.16346153846153846 0.15865384615384615
0 0.43990384615384615 0.9362980769230769 0.06009615384615385 0.057692307692307696
0 0.8305288461538461 0.9747596153846154 0.11298076923076923 0.04567307692307692
0 0.6610576923076923 0.9050480769230769 0.10336538461538461 0.0985576923076923
0 0.5432692307692307 0.9326923076923077 0.13221153846153846 0.125
0 0.3269230769230769 0.9507211538461539 0.038461538461538464 0.04567307692307692
0 0.3954326923076923 0.9471153846153846 0.055288461538461536 0.052884615384615384
0 0.35697115384615385 0.953125 0.04326923076923077 0.04326923076923077
0 0.7944711538461539 0.6730769230769231 0.40625 0.6057692307692307