0 0.0673076923076923 0.5288461538461539 0.026442307692307692 0.03125
0 0.014423076923076924 0.40024038461538464 0.028846153846153848 0.06490384615384616
0 0.08052884615384616 0.375 0.055288461538461536 0.0673076923076923
0 0.03125 0.4831730769230769 0.040865384615384616 0.04807692307692308
0 0.14423076923076922 0.5084134615384616 0.038461538461538464 0.03365384615384615
0 0.1310096153846154 0.47475961538461536 0.04326923076923077 0.04326923076923077
0 0.9314903846153846 0.4074519230769231 0.03125 0.02403846153846154
0 0.9483173076923077 0.4074519230769231 0.07692307692307693 0.04326923076923077
0 0.5504807692307693 0.1141826923076923 0.34615384615384615 0.2283653846153846
0 0.8497596153846154 0.25600961538461536 0.18509615384615385 0.22596153846153846
0 0.9771634615384616 0.3245192307692308 0.040865384615384616 0.07692307692307693
0 0.013221153846153846 0.8858173076923077 0.026442307692307692 0.07932692307692307
0 0.14783653846153846 0.8834134615384616 0.21153846153846154 0.18990384615384615