0 0.20432692307692307 0.36778846153846156 0.125 0.16826923076923078
0 0.59375 0.15745192307692307 0.20432692307692307 0.19230769230769232
0 0.19230769230769232 0.890625 0.14903846153846154 0.17548076923076922
0 0.07932692307692307 0.5060096153846154 0.0625 0.055288461538461536
0 0.47716346153846156 0.78125 0.09615384615384616 0.0889423076923077
0 0.6971153846153846 0.6165865384615384 0.11057692307692307 0.1201923076923077
0 0.5444711538461539 0.7764423076923077 0.09615384615384616 0.08413461538461539
0 0.6009615384615384 0.6706730769230769 0.08653846153846154 0.10576923076923077
0 0.7367788461538461 0.5324519230769231 0.038461538461538464 0.036057692307692304
0 0.6646634615384616 0.4951923076923077 0.06971153846153846 0.03365384615384615
0 0.5204326923076923 0.609375 0.038461538461538464 0.03125
0 0.31490384615384615 0.9375 0.09134615384615384 0.1201923076923077
0 0.38221153846153844 0.9290865384615384 0.1346153846153846 0.11538461538461539
0 0.39663461538461536 0.8485576923076923 0.11298076923076923 0.0985576923076923
0 0.4543269230769231 0.859375 0.08173076923076923 0.08653846153846154
0 0.4963942307692308 0.8737980769230769 0.13701923076923078 0.13221153846153846
0 0.7127403846153846 0.8930288461538461 0.08173076923076923 0.0985576923076923
0 0.8112980769230769 0.5228365384615384 0.036057692307692304 0.036057692307692304
0 0.9302884615384616 0.49158653846153844 0.028846153846153848 0.026442307692307692