0 0.46153846153846156 0.3293269230769231 0.1201923076923077 0.12980769230769232
0 0.375 0.3425480769230769 0.052884615384615384 0.12740384615384615
0 0.39783653846153844 0.2439903846153846 0.0985576923076923 0.21394230769230768
0 0.6911057692307693 0.2536057692307692 0.08413461538461539 0.08173076923076923
0 0.5492788461538461 0.17427884615384615 0.09615384615384616 0.11057692307692307
0 0.6694711538461539 0.16466346153846154 0.07451923076923077 0.0673076923076923
0 0.84375 0.17307692307692307 0.0625 0.06009615384615385
0 0.7367788461538461 0.09975961538461539 0.0673076923076923 0.06009615384615385
0 0.6706730769230769 0.09375 0.06009615384615385 0.06009615384615385
0 0.7692307692307693 0.04567307692307692 0.04567307692307692 0.038461538461538464
0 0.9302884615384616 0.054086538461538464 0.04326923076923077 0.04326923076923077
0 0.8870192307692307 0.039663461538461536 0.04326923076923077 0.038461538461538464
0 0.828125 0.014423076923076924 0.04567307692307692 0.028846153846153848
0 0.8016826923076923 0.008413461538461538 0.036057692307692304 0.016826923076923076
0 0.9579326923076923 0.008413461538461538 0.03125 0.016826923076923076
0 0.020432692307692308 0.6442307692307693 0.040865384615384616 0.13942307692307693
0 0.14903846153846154 0.5528846153846154 0.14423076923076922 0.12980769230769232
0 0.29447115384615385 0.5 0.10336538461538461 0.02403846153846154
0 0.6574519230769231 0.9783653846153846 0.08413461538461539 0.038461538461538464
0 0.9086538461538461 0.8894230769230769 0.0889423076923077 0.10096153846153846
0 0.7223557692307693 0.9855769230769231 0.08413461538461539 0.02403846153846154
0 0.8028846153846154 0.9194711538461539 0.0673076923076923 0.09134615384615384
0 0.9675480769230769 0.8185096153846154 0.03365384615384615 0.028846153846153848
0 0.9074519230769231 0.7584134615384616 0.0625 0.028846153846153848
0 0.7391826923076923 0.8401442307692307 0.03365384615384615 0.02403846153846154