0 0.28846153846153844 0.06370192307692307 0.10817307692307693 0.11057692307692307
0 0.11658653846153846 0.33413461538461536 0.1466346153846154 0.14423076923076922
0 0.008413461538461538 0.019230769230769232 0.016826923076923076 0.038461538461538464
0 0.8161057692307693 0.021634615384615384 0.06490384615384616 0.04326923076923077
0 0.6778846153846154 0.08533653846153846 0.09615384615384616 0.10096153846153846
0 0.4483173076923077 0.20072115384615385 0.1346153846153846 0.11298076923076923
0 0.25240384615384615 0.4362980769230769 0.07211538461538461 0.055288461538461536
0 0.21995192307692307 0.7764423076923077 0.1778846153846154 0.1658653846153846
0 0.09375 0.5396634615384616 0.0985576923076923 0.08653846153846154
0 0.3641826923076923 0.5192307692307693 0.03125 0.0673076923076923
0 0.4675480769230769 0.47836538461538464 0.055288461538461536 0.08173076923076923
0 0.7692307692307693 0.4795673076923077 0.10336538461538461 0.0985576923076923
0 0.5132211538461539 0.6225961538461539 0.13942307692307693 0.11298076923076923
0 0.6790865384615384 0.7391826923076923 0.15865384615384615 0.18509615384615385
0 0.6177884615384616 0.9278846153846154 0.20673076923076922 0.13942307692307693
0 0.7211538461538461 0.9615384615384616 0.20192307692307693 0.07211538461538461
0 0.8389423076923077 0.9338942307692307 0.28846153846153844 0.12740384615384615