0 0.140625 0.4266826923076923 0.05048076923076923 0.040865384615384616
0 0.32091346153846156 0.37740384615384615 0.07932692307692307 0.08173076923076923
0 0.04326923076923077 0.44350961538461536 0.038461538461538464 0.007211538461538462
0 0.3425480769230769 0.22596153846153846 0.12740384615384615 0.14182692307692307
0 0.9951923076923077 0.24639423076923078 0.004807692307692308 0.021634615384615384
0 0.9735576923076923 0.31009615384615385 0.01201923076923077 0.014423076923076924
0 0.9663461538461539 0.16947115384615385 0.040865384615384616 0.04567307692307692
0 0.9915865384615384 0.10576923076923077 0.01201923076923077 0.052884615384615384
0 0.984375 0.2091346153846154 0.026442307692307692 0.03365384615384615
0 0.9086538461538461 0.21754807692307693 0.03125 0.03365384615384615
0 0.4266826923076923 0.6646634615384616 0.040865384615384616 0.1466346153846154
0 0.11538461538461539 0.7728365384615384 0.055288461538461536 0.052884615384615384
0 0.328125 0.703125 0.09615384615384616 0.0889423076923077
0 0.21754807692307693 0.7512019230769231 0.12259615384615384 0.11298076923076923
0 0.01201923076923077 0.8076923076923077 0.02403846153846154 0.04326923076923077
0 0.0733173076923077 0.7908653846153846 0.05048076923076923 0.04807692307692308
0 0.037259615384615384 0.8028846153846154 0.040865384615384616 0.038461538461538464
0 0.34375 0.5817307692307693 0.20673076923076922 0.2644230769230769
0 0.8016826923076923 0.953125 0.014423076923076924 0.016826923076923076
0 0.53125 0.53125 0.16346153846153846 0.16346153846153846
0 0.6995192307692307 0.7019230769230769 0.052884615384615384 0.052884615384615384
0 0.7644230769230769 0.796875 0.040865384615384616 0.038461538461538464
0 0.9326923076923077 0.9242788461538461 0.021634615384615384 0.021634615384615384
0 0.890625 0.9230769230769231 0.02403846153846154 0.02403846153846154
0 0.9302884615384616 0.9591346153846154 0.019230769230769232 0.019230769230769232
0 0.9074519230769231 0.9471153846153846 0.021634615384615384 0.021634615384615384
0 0.9555288461538461 0.984375 0.026442307692307692 0.026442307692307692
0 0.5901442307692307 0.7596153846153846 0.038461538461538464 0.03125
0 0.6237980769230769 0.8064903846153846 0.11057692307692307 0.0889423076923077
0 0.7548076923076923 0.8882211538461539 0.02403846153846154 0.02403846153846154
0 0.8365384615384616 0.9735576923076923 0.036057692307692304 0.036057692307692304
0 0.7704326923076923 0.9254807692307693 0.019230769230769232 0.019230769230769232
0 0.8774038461538461 0.9939903846153846 0.014423076923076924 0.007211538461538462