0 0.2512019230769231 0.07932692307692307 0.038461538461538464 0.038461538461538464
0 0.359375 0.17067307692307693 0.055288461538461536 0.052884615384615384
0 0.38341346153846156 0.19591346153846154 0.03365384615384615 0.03365384615384615
0 0.15745192307692307 0.015625 0.036057692307692304 0.03125
0 0.22596153846153846 0.07572115384615384 0.040865384615384616 0.040865384615384616
0 0.4110576923076923 0.25240384615384615 0.038461538461538464 0.038461538461538464
0 0.1935096153846154 0.07091346153846154 0.05048076923076923 0.05048076923076923
0 0.25961538461538464 0.14423076923076922 0.055288461538461536 0.055288461538461536
0 0.3954326923076923 0.2824519230769231 0.05048076923076923 0.04807692307692308
0 0.4483173076923077 0.33413461538461536 0.057692307692307696 0.057692307692307696
0 0.14302884615384615 0.0829326923076923 0.055288461538461536 0.055288461538461536
0 0.1875 0.15384615384615385 0.06009615384615385 0.06009615384615385
0 0.4519230769230769 0.4110576923076923 0.06490384615384616 0.06490384615384616
0 0.49399038461538464 0.4483173076923077 0.07451923076923077 0.07211538461538461
0 0.039663461538461536 0.0829326923076923 0.07932692307692307 0.0985576923076923
0 0.2512019230769231 0.27403846153846156 0.09134615384615384 0.09134615384615384
0 0.5036057692307693 0.5504807692307693 0.09134615384615384 0.0889423076923077
0 0.5528846153846154 0.6081730769230769 0.040865384615384616 0.040865384615384616
0 0.020432692307692308 0.14302884615384615 0.040865384615384616 0.09375
0 0.28365384615384615 0.5192307692307693 0.15144230769230768 0.15384615384615385
0 0.20673076923076922 0.5168269230769231 0.16826923076923078 0.17067307692307693
0 0.0985576923076923 0.5745192307692307 0.1971153846153846 0.22596153846153846
0 0.2692307692307692 0.003605769230769231 0.019230769230769232 0.007211538461538462
0 0.28125 0.018028846153846152 0.021634615384615384 0.021634615384615384
0 0.2956730769230769 0.042067307692307696 0.021634615384615384 0.021634615384615384
0 0.25600961538461536 0.01201923076923077 0.019230769230769232 0.019230769230769232
0 0.23197115384615385 0.006009615384615385 0.021634615384615384 0.01201923076923077
0 0.3088942307692308 0.07932692307692307 0.026442307692307692 0.026442307692307692
0 0.21153846153846154 0.009615384615384616 0.028846153846153848 0.019230769230769232
0 0.234375 0.02283653846153846 0.02403846153846154 0.02403846153846154
0 0.3425480769230769 0.11658653846153846 0.028846153846153848 0.028846153846153848
0 0.9831730769230769 0.0733173076923077 0.028846153846153848 0.05048076923076923
0 0.8329326923076923 0.014423076923076924 0.06009615384615385 0.028846153846153848
0 0.8365384615384616 0.21754807692307693 0.09615384615384616 0.09615384615384616
0 0.6225961538461539 0.11538461538461539 0.028846153846153848 0.08173076923076923
0 0.9555288461538461 0.006009615384615385 0.036057692307692304 0.01201923076923077
0 0.3918269230769231 0.7355769230769231 0.1346153846153846 0.09134615384615384
0 0.30528846153846156 0.7331730769230769 0.15384615384615385 0.08653846153846154
0 0.484375 0.9098557692307693 0.24278846153846154 0.17548076923076922
0 0.3233173076923077 0.8317307692307693 0.19230769230769232 0.19230769230769232
0 0.3545673076923077 0.9615384615384616 0.24759615384615385 0.07211538461538461
0 0.6478365384615384 0.8425480769230769 0.04326923076923077 0.04326923076923077
0 0.7355769230769231 0.875 0.07211538461538461 0.07211538461538461
0 0.6850961538461539 0.8485576923076923 0.07932692307692307 0.07932692307692307
0 0.6838942307692307 0.9471153846153846 0.13701923076923078 0.10096153846153846
0 0.6430288461538461 0.8677884615384616 0.06971153846153846 0.08173076923076923
0 0.6346153846153846 0.8112980769230769 0.052884615384615384 0.07932692307692307
0 0.6322115384615384 0.7043269230769231 0.038461538461538464 0.028846153846153848
0 0.6334134615384616 0.7367788461538461 0.05048076923076923 0.06490384615384616