0 0.5540865384615384 0.0673076923076923 0.04567307692307692 0.04807692307692308
0 0.39783653846153844 0.328125 0.03365384615384615 0.03365384615384615
0 0.5757211538461539 0.025240384615384616 0.05048076923076923 0.05048076923076923
0 0.41947115384615385 0.26322115384615385 0.03125 0.036057692307692304
0 0.4807692307692308 0.12259615384615384 0.04326923076923077 0.04807692307692308
0 0.5036057692307693 0.078125 0.0673076923076923 0.0673076923076923
0 0.44711538461538464 0.12860576923076922 0.06490384615384616 0.06009615384615385
0 0.35697115384615385 0.21033653846153846 0.07451923076923077 0.07692307692307693
0 0.296875 0.29086538461538464 0.11298076923076923 0.11057692307692307
0 0.4170673076923077 0.03125 0.09375 0.0625
0 0.1778846153846154 0.14182692307692307 0.16105769230769232 0.16105769230769232
0 0.15625 0.06971153846153846 0.14903846153846154 0.13942307692307693
0 0.12379807692307693 0.04567307692307692 0.18990384615384615 0.09134615384615384
0 0.7007211538461539 0.10817307692307693 0.12259615384615384 0.1971153846153846
0 0.7139423076923077 0.025240384615384616 0.14903846153846154 0.05048076923076923
0 0.8221153846153846 0.06009615384615385 0.15865384615384615 0.1201923076923077
0 0.953125 0.02403846153846154 0.0889423076923077 0.04807692307692308
0 0.8305288461538461 0.12620192307692307 0.1201923076923077 0.12740384615384615
0 0.9050480769230769 0.08413461538461539 0.07932692307692307 0.08413461538461539
0 0.9615384615384616 0.04447115384615385 0.07211538461538461 0.0889423076923077
0 0.6983173076923077 0.19591346153846154 0.11778846153846154 0.15144230769230768
0 0.29086538461538464 0.6694711538461539 0.055288461538461536 0.057692307692307696
0 0.2800480769230769 0.5300480769230769 0.10817307692307693 0.10817307692307693
0 0.2127403846153846 0.7752403846153846 0.04326923076923077 0.04807692307692308
0 0.3125 0.49399038461538464 0.08413461538461539 0.08653846153846154
0 0.19110576923076922 0.6286057692307693 0.10576923076923077 0.10336538461538461
0 0.2644230769230769 0.7463942307692307 0.052884615384615384 0.052884615384615384
0 0.28365384615384615 0.7608173076923077 0.04326923076923077 0.04807692307692308
0 0.203125 0.7139423076923077 0.0889423076923077 0.08173076923076923
0 0.2692307692307692 0.6117788461538461 0.07211538461538461 0.07211538461538461
0 0.3076923076923077 0.6081730769230769 0.07932692307692307 0.07932692307692307
0 0.27884615384615385 0.8425480769230769 0.0625 0.0673076923076923
0 0.2536057692307692 0.9603365384615384 0.03125 0.03125
0 0.25841346153846156 0.9879807692307693 0.03125 0.019230769230769232
0 0.9783653846153846 0.5 0.038461538461538464 0.18269230769230768