0 0.4326923076923077 0.26322115384615385 0.026442307692307692 0.026442307692307692
0 0.23557692307692307 0.2608173076923077 0.08653846153846154 0.0889423076923077
0 0.3942307692307692 0.1658653846153846 0.07211538461538461 0.0673076923076923
0 0.41466346153846156 0.078125 0.0625 0.0673076923076923
0 0.3112980769230769 0.016826923076923076 0.08413461538461539 0.03365384615384615
0 0.47115384615384615 0.6754807692307693 0.07211538461538461 0.08653846153846154
0 0.49399038461538464 0.5216346153846154 0.07932692307692307 0.09134615384615384
0 0.4735576923076923 0.8149038461538461 0.13221153846153846 0.125
0 0.5528846153846154 0.8185096153846154 0.038461538461538464 0.055288461538461536
0 0.4254807692307692 0.39783653846153844 0.10096153846153846 0.07932692307692307
0 0.5540865384615384 0.5949519230769231 0.08413461538461539 0.15625
0 0.53125 0.6237980769230769 0.07692307692307693 0.08413461538461539
0 0.5576923076923077 0.6911057692307693 0.057692307692307696 0.06490384615384616
0 0.5817307692307693 0.7596153846153846 0.028846153846153848 0.04807692307692308
0 0.5865384615384616 0.7151442307692307 0.019230769230769232 0.06009615384615385
0 0.5180288461538461 0.4519230769230769 0.08413461538461539 0.09615384615384616
0 0.9855769230769231 0.4170673076923077 0.02403846153846154 0.0985576923076923
0 0.984375 0.5961538461538461 0.026442307692307692 0.07211538461538461
0 0.9543269230769231 0.5300480769230769 0.0625 0.08653846153846154