0 0.055288461538461536 0.11057692307692307 0.06009615384615385 0.0625
0 0.13822115384615385 0.3137019230769231 0.05048076923076923 0.052884615384615384
0 0.13701923076923078 0.4098557692307692 0.036057692307692304 0.038461538461538464
0 0.12860576923076922 0.3449519230769231 0.038461538461538464 0.040865384615384616
0 0.3076923076923077 0.4014423076923077 0.0625 0.0625
0 0.2848557692307692 0.4362980769230769 0.055288461538461536 0.040865384615384616
0 0.2283653846153846 0.13581730769230768 0.34615384615384615 0.27163461538461536
0 0.22235576923076922 0.3004807692307692 0.05048076923076923 0.04807692307692308
0 0.32091346153846156 0.9411057692307693 0.10336538461538461 0.10336538461538461
0 0.4651442307692308 0.9543269230769231 0.10336538461538461 0.08653846153846154
0 0.44591346153846156 0.8605769230769231 0.14182692307692307 0.15384615384615385
0 0.08774038461538461 0.8449519230769231 0.06009615384615385 0.06009615384615385
0 0.14543269230769232 0.8040865384615384 0.07451923076923077 0.07451923076923077
0 0.4026442307692308 0.5889423076923077 0.2283653846153846 0.25961538461538464