0 0.4543269230769231 0.5793269230769231 0.02403846153846154 0.014423076923076924
0 0.3918269230769231 0.4182692307692308 0.052884615384615384 0.052884615384615384
0 0.4387019230769231 0.41225961538461536 0.040865384615384616 0.04807692307692308
0 0.20192307692307693 0.5516826923076923 0.27884615384615385 0.06971153846153846
0 0.36538461538461536 0.5480769230769231 0.04326923076923077 0.038461538461538464
0 0.8329326923076923 0.5528846153846154 0.026442307692307692 0.03365384615384615
0 0.8413461538461539 0.4567307692307692 0.028846153846153848 0.028846153846153848
0 0.8233173076923077 0.5408653846153846 0.028846153846153848 0.03365384615384615
0 0.8485576923076923 0.33653846153846156 0.036057692307692304 0.03365384615384615
0 0.7992788461538461 0.5625 0.06490384615384616 0.04807692307692308
0 0.7692307692307693 0.5456730769230769 0.040865384615384616 0.04567307692307692
0 0.6706730769230769 0.11658653846153846 0.0673076923076923 0.07932692307692307
0 0.9819711538461539 0.23557692307692307 0.019230769230769232 0.016826923076923076
0 0.953125 0.3425480769230769 0.03365384615384615 0.03365384615384615
0 0.9651442307692307 0.2800480769230769 0.01201923076923077 0.016826923076923076
0 0.9663461538461539 0.26802884615384615 0.014423076923076924 0.016826923076923076
0 0.9639423076923077 0.24879807692307693 0.019230769230769232 0.016826923076923076
0 0.9555288461538461 0.28846153846153844 0.014423076923076924 0.016826923076923076
0 0.9399038461538461 0.3016826923076923 0.014423076923076924 0.016826923076923076
0 0.9350961538461539 0.2608173076923077 0.016826923076923076 0.016826923076923076
0 0.9230769230769231 0.3125 0.016826923076923076 0.019230769230769232
0 0.9254807692307693 0.29086538461538464 0.021634615384615384 0.021634615384615384
0 0.8834134615384616 0.4519230769230769 0.055288461538461536 0.052884615384615384
0 0.90625 0.3293269230769231 0.019230769230769232 0.019230769230769232
0 0.8629807692307693 0.5024038461538461 0.03365384615384615 0.028846153846153848
0 0.9086538461538461 0.27163461538461536 0.021634615384615384 0.021634615384615384
0 0.8365384615384616 0.5649038461538461 0.014423076923076924 0.016826923076923076
0 0.8485576923076923 0.5048076923076923 0.03365384615384615 0.03125
0 0.09615384615384616 0.6959134615384616 0.13942307692307693 0.15144230769230768