0 0.2932692307692308 0.4110576923076923 0.009615384615384616 0.014423076923076924
0 0.4326923076923077 0.41225961538461536 0.016826923076923076 0.016826923076923076
0 0.5336538461538461 0.4098557692307692 0.02403846153846154 0.021634615384615384
0 0.5288461538461539 0.38822115384615385 0.02403846153846154 0.019230769230769232
0 0.4879807692307692 0.3545673076923077 0.028846153846153848 0.019230769230769232
0 0.3858173076923077 0.34975961538461536 0.019230769230769232 0.019230769230769232
0 0.47716346153846156 0.3449519230769231 0.03365384615384615 0.026442307692307692
0 0.484375 0.32091346153846156 0.021634615384615384 0.016826923076923076
0 0.5637019230769231 0.042067307692307696 0.04567307692307692 0.08413461538461539
0 0.18870192307692307 0.43509615384615385 0.01201923076923077 0.004807692307692308
0 0.34975961538461536 0.43149038461538464 0.021634615384615384 0.01201923076923077
0 0.23197115384615385 0.4266826923076923 0.014423076923076924 0.01201923076923077
0 0.2091346153846154 0.4254807692307692 0.014423076923076924 0.01201923076923077
0 0.2548076923076923 0.4266826923076923 0.014423076923076924 0.009615384615384616
0 0.9639423076923077 0.3473557692307692 0.0673076923076923 0.09375
0 0.8028846153846154 0.28725961538461536 0.12980769230769232 0.18990384615384615
0 0.4170673076923077 0.9014423076923077 0.05048076923076923 0.03365384615384615
0 0.14903846153846154 0.7764423076923077 0.07932692307692307 0.07211538461538461
0 0.4411057692307692 0.9423076923076923 0.040865384615384616 0.03365384615384615
0 0.4362980769230769 0.8497596153846154 0.06009615384615385 0.0625
0 0.5288461538461539 0.9074519230769231 0.04326923076923077 0.036057692307692304
0 0.5673076923076923 0.8798076923076923 0.038461538461538464 0.04807692307692308
0 0.578125 0.9387019230769231 0.016826923076923076 0.036057692307692304
0 0.5829326923076923 0.9795673076923077 0.007211538461538462 0.021634615384615384
0 0.5096153846153846 0.9663461538461539 0.03125 0.03125
0 0.3762019230769231 0.7211538461538461 0.09134615384615384 0.09615384615384616
0 0.28365384615384615 0.7704326923076923 0.11778846153846154 0.09134615384615384
0 0.1346153846153846 0.5528846153846154 0.15865384615384615 0.1658653846153846
0 0.04447115384615385 0.7884615384615384 0.0889423076923077 0.07211538461538461
0 0.9026442307692307 0.7127403846153846 0.16105769230769232 0.16105769230769232
0 0.8401442307692307 0.9194711538461539 0.10096153846153846 0.0889423076923077
0 0.6959134615384616 0.8810096153846154 0.1201923076923077 0.125
0 0.6466346153846154 0.9663461538461539 0.08653846153846154 0.0625
0 0.6574519230769231 0.6286057692307693 0.13701923076923078 0.21394230769230768