0 0.3557692307692308 0.7259615384615384 0.07932692307692307 0.08173076923076923
0 0.33533653846153844 0.9338942307692307 0.09615384615384616 0.10336538461538461
0 0.203125 0.7872596153846154 0.07211538461538461 0.06971153846153846
0 0.18269230769230768 0.8545673076923077 0.06009615384615385 0.06009615384615385
0 0.10216346153846154 0.734375 0.03365384615384615 0.02403846153846154
0 0.9555288461538461 0.9615384615384616 0.07211538461538461 0.057692307692307696
0 0.9146634615384616 0.9098557692307693 0.057692307692307696 0.055288461538461536
0 0.9627403846153846 0.8545673076923077 0.06971153846153846 0.08413461538461539
0 0.8100961538461539 0.7836538461538461 0.04567307692307692 0.03365384615384615
0 0.7692307692307693 0.7283653846153846 0.028846153846153848 0.02403846153846154
0 0.7475961538461539 0.6971153846153846 0.026442307692307692 0.019230769230769232
0 0.7247596153846154 0.5985576923076923 0.05048076923076923 0.02403846153846154
0 0.7548076923076923 0.6298076923076923 0.028846153846153848 0.019230769230769232
0 0.7836538461538461 0.6502403846153846 0.03365384615384615 0.026442307692307692
0 0.8605769230769231 0.7211538461538461 0.05048076923076923 0.038461538461538464
0 0.6754807692307693 0.6177884615384616 0.014423076923076924 0.009615384615384616
0 0.6694711538461539 0.6033653846153846 0.01201923076923077 0.007211538461538462
0 0.6610576923076923 0.59375 0.014423076923076924 0.007211538461538462
0 0.6622596153846154 0.6057692307692307 0.009615384615384616 0.007211538461538462
0 0.6526442307692307 0.5829326923076923 0.009615384615384616 0.009615384615384616