0 0.375 0.5793269230769231 0.02403846153846154 0.02403846153846154
0 0.2644230769230769 0.6141826923076923 0.028846153846153848 0.02403846153846154
0 0.15384615384615385 0.6225961538461539 0.09375 0.07211538461538461
0 0.9459134615384616 0.5420673076923077 0.10336538461538461 0.10336538461538461
0 0.8389423076923077 0.49158653846153844 0.13221153846153846 0.12259615384615384
0 0.7451923076923077 0.6069711538461539 0.10336538461538461 0.09615384615384616
0 0.6971153846153846 0.6790865384615384 0.0985576923076923 0.10336538461538461
0 0.6526442307692307 0.7271634615384616 0.07932692307692307 0.06009615384615385
0 0.5336538461538461 0.7175480769230769 0.08173076923076923 0.07932692307692307
0 0.21394230769230768 0.9615384615384616 0.11538461538461539 0.07211538461538461
0 0.31009615384615385 0.9867788461538461 0.08653846153846154 0.021634615384615384
0 0.31971153846153844 0.9567307692307693 0.08173076923076923 0.08173076923076923
0 0.8221153846153846 0.8605769230769231 0.12259615384615384 0.11778846153846154
0 0.671875 0.8149038461538461 0.1658653846153846 0.11057692307692307
0 0.8185096153846154 0.9411057692307693 0.10817307692307693 0.10576923076923077
0 0.6947115384615384 0.8978365384615384 0.13221153846153846 0.12980769230769232
0 0.47115384615384615 0.9879807692307693 0.10096153846153846 0.019230769230769232
0 0.9747596153846154 0.9747596153846154 0.04567307692307692 0.04567307692307692
0 0.4951923076923077 0.8317307692307693 0.1778846153846154 0.14423076923076922
0 0.9146634615384616 0.9627403846153846 0.07932692307692307 0.06971153846153846
0 0.9350961538461539 0.9122596153846154 0.10817307692307693 0.10096153846153846
0 0.984375 0.9362980769230769 0.026442307692307692 0.07932692307692307