0 0.17668269230769232 0.17548076923076922 0.021634615384615384 0.019230769230769232
0 0.3112980769230769 0.17427884615384615 0.03125 0.026442307692307692
0 0.3329326923076923 0.22596153846153846 0.040865384615384616 0.038461538461538464
0 0.09134615384615384 0.17307692307692307 0.01201923076923077 0.014423076923076924
0 0.25 0.28365384615384615 0.04326923076923077 0.04326923076923077
0 0.039663461538461536 0.17307692307692307 0.01201923076923077 0.014423076923076924
0 0.22355769230769232 0.2439903846153846 0.08173076923076923 0.0889423076923077
0 0.25600961538461536 0.2403846153846154 0.028846153846153848 0.026442307692307692
0 0.05889423076923077 0.22355769230769232 0.021634615384615384 0.014423076923076924
0 0.078125 0.20793269230769232 0.02403846153846154 0.021634615384615384
0 0.14302884615384615 0.21754807692307693 0.021634615384615384 0.019230769230769232
0 0.2932692307692308 0.16466346153846154 0.03365384615384615 0.02403846153846154
0 0.30649038461538464 0.14543269230769232 0.026442307692307692 0.021634615384615384
0 0.06129807692307692 0.15384615384615385 0.021634615384615384 0.019230769230769232
0 0.028846153846153848 0.15865384615384615 0.016826923076923076 0.014423076923076924
0 0.003605769230769231 0.16346153846153846 0.007211538461538462 0.014423076923076924
0 0.5420673076923077 0.014423076923076924 0.036057692307692304 0.028846153846153848
0 0.4831730769230769 0.004807692307692308 0.03365384615384615 0.009615384615384616
0 0.3112980769230769 0.9278846153846154 0.15144230769230768 0.13942307692307693
0 0.43149038461538464 0.7475961538461539 0.08413461538461539 0.19230769230769232