0 0.5036057692307693 0.5372596153846154 0.04567307692307692 0.06009615384615385
0 0.43509615384615385 0.5588942307692307 0.08173076923076923 0.07451923076923077
0 0.5036057692307693 0.03365384615384615 0.04567307692307692 0.0673076923076923
0 0.9699519230769231 0.030048076923076924 0.055288461538461536 0.06009615384615385
0 0.9266826923076923 0.08173076923076923 0.14182692307692307 0.14423076923076922
0 0.8149038461538461 0.10096153846153846 0.34134615384615385 0.20192307692307693
0 0.3485576923076923 0.9903846153846154 0.057692307692307696 0.014423076923076924
0 0.2283653846153846 0.7079326923076923 0.12740384615384615 0.125
0 0.5108173076923077 0.6201923076923077 0.03125 0.04326923076923077
0 0.5108173076923077 0.6346153846153846 0.03125 0.07211538461538461
0 0.5096153846153846 0.6586538461538461 0.03365384615384615 0.08653846153846154
0 0.9819711538461539 0.6622596153846154 0.03125 0.0985576923076923
0 0.7427884615384616 0.7692307692307693 0.14903846153846154 0.14903846153846154