0 0.4519230769230769 0.27524038461538464 0.055288461538461536 0.0625
0 0.3557692307692308 0.36177884615384615 0.08173076923076923 0.03125
0 0.2848557692307692 0.31009615384615385 0.07932692307692307 0.09615384615384616
0 0.22956730769230768 0.33413461538461536 0.0889423076923077 0.08653846153846154
0 0.6454326923076923 0.33413461538461536 0.09375 0.08653846153846154
0 0.6754807692307693 0.18389423076923078 0.07692307692307693 0.11298076923076923
0 0.7151442307692307 0.1658653846153846 0.11057692307692307 0.1201923076923077
0 0.7451923076923077 0.22596153846153846 0.07211538461538461 0.0673076923076923
0 0.6742788461538461 0.15144230769230768 0.15144230769230768 0.2403846153846154
0 0.3701923076923077 0.7728365384615384 0.07932692307692307 0.07932692307692307
0 0.26322115384615385 0.6622596153846154 0.09375 0.0889423076923077
0 0.21875 0.7668269230769231 0.09615384615384616 0.13221153846153846
0 0.5060096153846154 0.9795673076923077 0.05048076923076923 0.036057692307692304
0 0.4362980769230769 0.9771634615384616 0.06009615384615385 0.040865384615384616
0 0.07451923076923077 0.9350961538461539 0.14903846153846154 0.125