0 0.03485576923076923 0.2512019230769231 0.06971153846153846 0.05048076923076923
0 0.14302884615384615 0.015625 0.05048076923076923 0.03125
0 0.016826923076923076 0.22956730769230768 0.03365384615384615 0.07932692307692307
0 0.07211538461538461 0.03245192307692308 0.052884615384615384 0.06490384615384616
0 0.17307692307692307 0.09735576923076923 0.021634615384615384 0.019230769230769232
0 0.17307692307692307 0.078125 0.026442307692307692 0.026442307692307692
0 0.17067307692307693 0.046875 0.03125 0.03125
0 0.18028846153846154 0.018028846153846152 0.026442307692307692 0.028846153846153848
0 0.16826923076923078 0.015625 0.038461538461538464 0.03125
0 0.7475961538461539 0.030048076923076924 0.08653846153846154 0.06009615384615385
0 0.36177884615384615 0.9747596153846154 0.03125 0.04567307692307692
0 0.2776442307692308 0.8569711538461539 0.09134615384615384 0.08653846153846154
0 0.6814903846153846 0.8449519230769231 0.18990384615384615 0.20673076923076922
0 0.9399038461538461 0.7415865384615384 0.11538461538461539 0.14182692307692307
0 0.8161057692307693 0.8389423076923077 0.16105769230769232 0.17067307692307693