0 0.03485576923076923 0.25 0.038461538461538464 0.13221153846153846
0 0.07091346153846154 0.14423076923076922 0.04807692307692308 0.07451923076923077
0 0.1141826923076923 0.25961538461538464 0.0625 0.07692307692307693
0 0.13822115384615385 0.18990384615384615 0.07451923076923077 0.23798076923076922
0 0.17668269230769232 0.37259615384615385 0.15144230769230768 0.04807692307692308
0 0.25600961538461536 0.171875 0.09615384615384616 0.055288461538461536
0 0.3173076923076923 0.3173076923076923 0.0625 0.15865384615384615
0 0.96875 0.31850961538461536 0.057692307692307696 0.13221153846153846
0 0.5697115384615384 0.016826923076923076 0.04326923076923077 0.03365384615384615
0 0.5661057692307693 0.21514423076923078 0.040865384615384616 0.04807692307692308
0 0.6165865384615384 0.3641826923076923 0.05048076923076923 0.052884615384615384
0 0.01201923076923077 0.8918269230769231 0.02403846153846154 0.03365384615384615
0 0.007211538461538462 0.6983173076923077 0.014423076923076924 0.01201923076923077
0 0.8401442307692307 0.8413461538461539 0.08413461538461539 0.0673076923076923
0 0.8449519230769231 0.9543269230769231 0.07451923076923077 0.052884615384615384
0 0.8004807692307693 0.9771634615384616 0.07692307692307693 0.040865384615384616
0 0.7536057692307693 0.9423076923076923 0.0625 0.04807692307692308
0 0.7620192307692307 0.9915865384615384 0.057692307692307696 0.01201923076923077
0 0.7127403846153846 0.9819711538461539 0.05048076923076923 0.03125
0 0.7908653846153846 0.7223557692307693 0.0673076923076923 0.0673076923076923
0 0.6826923076923077 0.8990384615384616 0.04326923076923077 0.040865384615384616
0 0.6274038461538461 0.9939903846153846 0.03365384615384615 0.007211538461538462