0 0.36538461538461536 0.6766826923076923 0.057692307692307696 0.021634615384615384
0 0.47716346153846156 0.1971153846153846 0.03125 0.028846153846153848
0 0.08173076923076923 0.45913461538461536 0.13221153846153846 0.10096153846153846
0 0.39903846153846156 0.24639423076923078 0.052884615384615384 0.04567307692307692
0 0.35096153846153844 0.35096153846153844 0.057692307692307696 0.04807692307692308
0 0.484375 0.23076923076923078 0.02403846153846154 0.02403846153846154
0 0.5709134615384616 0.12860576923076922 0.02403846153846154 0.019230769230769232
0 0.47596153846153844 0.5204326923076923 0.03125 0.038461538461538464
0 0.515625 0.2512019230769231 0.0673076923076923 0.06009615384615385
0 0.5108173076923077 0.4230769230769231 0.052884615384615384 0.052884615384615384
0 0.5420673076923077 0.2091346153846154 0.019230769230769232 0.014423076923076924
0 0.5432692307692307 0.171875 0.019230769230769232 0.016826923076923076
0 0.4579326923076923 0.5300480769230769 0.052884615384615384 0.04326923076923077
0 0.5889423076923077 0.19471153846153846 0.014423076923076924 0.014423076923076924
0 0.5480769230769231 0.27283653846153844 0.019230769230769232 0.021634615384615384
0 0.5649038461538461 0.29927884615384615 0.019230769230769232 0.014423076923076924
0 0.5552884615384616 0.18870192307692307 0.014423076923076924 0.014423076923076924
0 0.5600961538461539 0.1778846153846154 0.019230769230769232 0.016826923076923076
0 0.2848557692307692 0.1466346153846154 0.03365384615384615 0.057692307692307696
0 0.5360576923076923 0.35216346153846156 0.03365384615384615 0.019230769230769232
0 0.7271634615384616 0.6766826923076923 0.07932692307692307 0.021634615384615384
0 0.8112980769230769 0.6802884615384616 0.055288461538461536 0.014423076923076924
0 0.038461538461538464 0.7596153846153846 0.07692307692307693 0.13942307692307693
0 0.1658653846153846 0.8221153846153846 0.125 0.15144230769230768
0 0.18509615384615385 0.9615384615384616 0.125 0.07211538461538461
0 0.71875 0.8725961538461539 0.09375 0.11538461538461539
0 0.7548076923076923 0.8028846153846154 0.08173076923076923 0.10817307692307693
0 0.8004807692307693 0.9603365384615384 0.09615384615384616 0.07451923076923077
0 0.7668269230769231 0.7199519230769231 0.10096153846153846 0.06009615384615385
0 0.9206730769230769 0.9747596153846154 0.125 0.04567307692307692