0 0.078125 0.10817307692307693 0.026442307692307692 0.026442307692307692
0 0.12139423076923077 0.09014423076923077 0.019230769230769232 0.019230769230769232
0 0.028846153846153848 0.18269230769230768 0.019230769230769232 0.019230769230769232
0 0.15384615384615385 0.07932692307692307 0.026442307692307692 0.026442307692307692
0 0.039663461538461536 0.1814903846153846 0.02403846153846154 0.02403846153846154
0 0.11899038461538461 0.1201923076923077 0.02403846153846154 0.02403846153846154
0 0.09375 0.14302884615384615 0.03365384615384615 0.03365384615384615
0 0.008413461538461538 0.2512019230769231 0.016826923076923076 0.036057692307692304
0 0.12259615384615384 0.14543269230769232 0.028846153846153848 0.028846153846153848
0 0.055288461538461536 0.2283653846153846 0.03365384615384615 0.03125
0 0.12860576923076922 0.18028846153846154 0.03125 0.03125
0 0.019230769230769232 0.3762019230769231 0.038461538461538464 0.07932692307692307
0 0.08413461538461539 0.31009615384615385 0.125 0.1201923076923077
0 0.31009615384615385 0.21754807692307693 0.09615384615384616 0.09375
0 0.2920673076923077 0.2608173076923077 0.08413461538461539 0.08413461538461539
0 0.14423076923076922 0.49759615384615385 0.1658653846153846 0.1658653846153846
0 0.140625 0.5745192307692307 0.1466346153846154 0.14903846153846154
0 0.15144230769230768 0.6454326923076923 0.19230769230769232 0.18028846153846154
0 0.18870192307692307 0.7043269230769231 0.21875 0.0625
0 0.109375 0.037259615384615384 0.03365384615384615 0.03365384615384615
0 0.08413461538461539 0.07091346153846154 0.019230769230769232 0.019230769230769232
0 0.16947115384615385 0.002403846153846154 0.016826923076923076 0.004807692307692308
0 0.04927884615384615 0.1201923076923077 0.019230769230769232 0.019230769230769232
0 0.18028846153846154 0.015625 0.019230769230769232 0.019230769230769232
0 0.34975961538461536 0.9362980769230769 0.07451923076923077 0.12259615384615384
0 0.3245192307692308 0.9615384615384616 0.125 0.07211538461538461
0 0.3449519230769231 0.875 0.08413461538461539 0.10576923076923077
0 0.3605769230769231 0.7896634615384616 0.052884615384615384 0.0889423076923077
0 0.47596153846153844 0.8894230769230769 0.17307692307692307 0.21634615384615385