0 0.4675480769230769 0.12259615384615384 0.23798076923076922 0.24519230769230768
0 0.7331730769230769 0.06850961538461539 0.1778846153846154 0.13701923076923078
0 0.6262019230769231 0.03245192307692308 0.18990384615384615 0.06490384615384616
0 0.9483173076923077 0.13701923076923078 0.0985576923076923 0.1201923076923077
0 0.9002403846153846 0.030048076923076924 0.1466346153846154 0.06009615384615385
0 0.9723557692307693 0.055288461538461536 0.05048076923076923 0.10096153846153846
0 0.3401442307692308 0.6670673076923077 0.01201923076923077 0.06009615384615385
0 0.33413461538461536 0.6081730769230769 0.02403846153846154 0.0673076923076923
0 0.3269230769230769 0.5300480769230769 0.038461538461538464 0.04567307692307692
0 0.3293269230769231 0.5661057692307693 0.03365384615384615 0.05048076923076923
0 0.9783653846153846 0.4795673076923077 0.038461538461538464 0.055288461538461536
0 0.9651442307692307 0.9242788461538461 0.06490384615384616 0.13701923076923078
0 0.9411057692307693 0.9651442307692307 0.11298076923076923 0.06490384615384616