0 0.3125 0.4074519230769231 0.009615384615384616 0.05048076923076923
0 0.2644230769230769 0.4387019230769231 0.04807692307692308 0.016826923076923076
0 0.2668269230769231 0.24879807692307693 0.10096153846153846 0.1658653846153846
0 0.16826923076923078 0.39903846153846156 0.07451923076923077 0.07692307692307693
0 0.15384615384615385 0.31850961538461536 0.08653846153846154 0.0889423076923077
0 0.1346153846153846 0.24278846153846154 0.11538461538461539 0.11778846153846154
0 0.08774038461538461 0.04807692307692308 0.17548076923076922 0.09615384615384616
0 0.9338942307692307 0.17307692307692307 0.12740384615384615 0.13942307692307693
0 0.6911057692307693 0.39663461538461536 0.12740384615384615 0.10096153846153846
0 0.7283653846153846 0.09975961538461539 0.20673076923076922 0.19951923076923078
0 0.7776442307692307 0.43149038461538464 0.10336538461538461 0.03125
0 0.9579326923076923 0.18389423076923078 0.07932692307692307 0.14182692307692307
0 0.09735576923076923 0.9495192307692307 0.12740384615384615 0.09615384615384616
0 0.9723557692307693 0.6466346153846154 0.05048076923076923 0.08173076923076923
0 0.9483173076923077 0.6201923076923077 0.07932692307692307 0.08413461538461539
0 0.9807692307692307 0.5408653846153846 0.03365384615384615 0.10096153846153846
0 0.8533653846153846 0.7620192307692307 0.18269230769230768 0.1778846153846154
0 0.5913461538461539 0.671875 0.18509615384615385 0.19230769230769232
0 0.9387019230769231 0.5276442307692307 0.11778846153846154 0.1466346153846154