0 0.3762019230769231 0.10576923076923077 0.10096153846153846 0.10096153846153846
0 0.9206730769230769 0.25600961538461536 0.15384615384615385 0.21394230769230768
0 0.8064903846153846 0.2704326923076923 0.15384615384615385 0.15384615384615385
0 0.84375 0.17548076923076922 0.13942307692307693 0.13942307692307693
0 0.8485576923076923 0.10817307692307693 0.1466346153846154 0.14903846153846154
0 0.9627403846153846 0.13341346153846154 0.06971153846153846 0.20432692307692307
0 0.9387019230769231 0.07692307692307693 0.11778846153846154 0.15384615384615385
0 0.9074519230769231 0.018028846153846152 0.11778846153846154 0.036057692307692304
0 0.7139423076923077 0.27163461538461536 0.11057692307692307 0.1201923076923077
0 0.7103365384615384 0.1971153846153846 0.10336538461538461 0.1346153846153846
0 0.7355769230769231 0.11899038461538461 0.15384615384615385 0.21394230769230768
0 0.6706730769230769 0.27884615384615385 0.02403846153846154 0.11057692307692307
0 0.05048076923076923 0.5564903846153846 0.040865384615384616 0.040865384615384616
0 0.07572115384615384 0.4795673076923077 0.04567307692307692 0.04567307692307692
0 0.05048076923076923 0.4879807692307692 0.019230769230769232 0.019230769230769232
0 0.9735576923076923 0.4795673076923077 0.04807692307692308 0.06009615384615385