0 0.3245192307692308 0.08533653846153846 0.19230769230769232 0.15865384615384615
0 0.1778846153846154 0.026442307692307692 0.04326923076923077 0.040865384615384616
0 0.09254807692307693 0.04326923076923077 0.036057692307692304 0.038461538461538464
0 0.5673076923076923 0.24639423076923078 0.019230769230769232 0.05048076923076923
0 0.6622596153846154 0.109375 0.040865384615384616 0.057692307692307696
0 0.7908653846153846 0.015625 0.07211538461538461 0.03125
0 0.5721153846153846 0.4651442307692308 0.028846153846153848 0.04567307692307692
0 0.6911057692307693 0.5132211538461539 0.06490384615384616 0.06490384615384616
0 0.6959134615384616 0.18389423076923078 0.04807692307692308 0.08173076923076923
0 0.7439903846153846 0.13581730769230768 0.06490384615384616 0.09615384615384616
0 0.6502403846153846 0.49278846153846156 0.057692307692307696 0.07932692307692307
0 0.5661057692307693 0.5216346153846154 0.016826923076923076 0.04807692307692308
0 0.25721153846153844 0.75 0.057692307692307696 0.05048076923076923
0 0.171875 0.8641826923076923 0.057692307692307696 0.08413461538461539
0 0.35216346153846156 0.9194711538461539 0.24278846153846154 0.15625
0 0.5625 0.7259615384615384 0.009615384615384616 0.03365384615384615
0 0.609375 0.5925480769230769 0.036057692307692304 0.04807692307692308
0 0.6610576923076923 0.7956730769230769 0.06009615384615385 0.06971153846153846
0 0.8365384615384616 0.6490384615384616 0.07692307692307693 0.09134615384615384
0 0.9567307692307693 0.5985576923076923 0.08173076923076923 0.10096153846153846