0 0.49038461538461536 0.09735576923076923 0.014423076923076924 0.036057692307692304
0 0.2692307692307692 0.20192307692307693 0.026442307692307692 0.026442307692307692
0 0.15745192307692307 0.2439903846153846 0.07932692307692307 0.04567307692307692
0 0.07932692307692307 0.24879807692307693 0.057692307692307696 0.036057692307692304
0 0.3269230769230769 0.13942307692307693 0.040865384615384616 0.04326923076923077
0 0.15384615384615385 0.21754807692307693 0.07932692307692307 0.06490384615384616
0 0.34615384615384615 0.0673076923076923 0.0625 0.0625
0 0.3004807692307692 0.02403846153846154 0.07211538461538461 0.04807692307692308
0 0.4026442307692308 0.234375 0.019230769230769232 0.019230769230769232
0 0.3088942307692308 0.2644230769230769 0.021634615384615384 0.004807692307692308
0 0.41947115384615385 0.21153846153846154 0.026442307692307692 0.021634615384615384
0 0.4266826923076923 0.20673076923076922 0.019230769230769232 0.016826923076923076
0 0.45552884615384615 0.15985576923076922 0.038461538461538464 0.038461538461538464
0 0.29927884615384615 0.22956730769230768 0.04326923076923077 0.05048076923076923
0 0.9735576923076923 0.12620192307692307 0.04807692307692308 0.04567307692307692
0 0.6887019230769231 0.07572115384615384 0.21394230769230768 0.15144230769230768
0 0.10697115384615384 0.8197115384615384 0.04567307692307692 0.04567307692307692
0 0.07091346153846154 0.8365384615384616 0.04807692307692308 0.05048076923076923
0 0.32211538461538464 0.4639423076923077 0.22115384615384615 0.2283653846153846
0 0.19110576923076922 0.6742788461538461 0.09134615384615384 0.08413461538461539
0 0.22596153846153846 0.4855769230769231 0.13701923076923078 0.13221153846153846
0 0.6141826923076923 0.9098557692307693 0.11298076923076923 0.10576923076923077
0 0.6790865384615384 0.9110576923076923 0.10336538461538461 0.0985576923076923
0 0.5709134615384616 0.8473557692307693 0.1201923076923077 0.1201923076923077
0 0.6911057692307693 0.7932692307692307 0.1201923076923077 0.11778846153846154