0 0.8209134615384616 0.12259615384615384 0.026442307692307692 0.03125
0 0.7620192307692307 0.27163461538461536 0.03365384615384615 0.028846153846153848
0 0.7872596153846154 0.14783653846153846 0.026442307692307692 0.040865384615384616
0 0.06850961538461539 0.6923076923076923 0.05048076923076923 0.052884615384615384
0 0.10096153846153846 0.5865384615384616 0.04326923076923077 0.04567307692307692
0 0.27283653846153844 0.4074519230769231 0.016826923076923076 0.019230769230769232
0 0.22235576923076922 0.53125 0.021634615384615384 0.028846153846153848
0 0.19831730769230768 0.6875 0.08173076923076923 0.12980769230769232
0 0.1346153846153846 0.7536057692307693 0.036057692307692304 0.04567307692307692
0 0.1658653846153846 0.5300480769230769 0.03125 0.036057692307692304
0 0.10216346153846154 0.7788461538461539 0.03365384615384615 0.04567307692307692
0 0.3088942307692308 0.3293269230769231 0.01201923076923077 0.009615384615384616
0 0.14543269230769232 0.43149038461538464 0.036057692307692304 0.036057692307692304
0 0.16105769230769232 0.7584134615384616 0.021634615384615384 0.03125
0 0.19230769230769232 0.4230769230769231 0.07692307692307693 0.06971153846153846
0 0.18389423076923078 0.4543269230769231 0.021634615384615384 0.026442307692307692
0 0.2824519230769231 0.30288461538461536 0.019230769230769232 0.021634615384615384
0 0.24879807692307693 0.359375 0.016826923076923076 0.019230769230769232
0 0.23798076923076922 0.5180288461538461 0.019230769230769232 0.03125
0 0.2512019230769231 0.5372596153846154 0.016826923076923076 0.02403846153846154
0 0.3389423076923077 0.3088942307692308 0.016826923076923076 0.019230769230769232
0 0.9663461538461539 0.6682692307692307 0.0625 0.08173076923076923
0 0.4362980769230769 0.8413461538461539 0.13701923076923078 0.16346153846153846