0 0.3485576923076923 0.14182692307692307 0.04807692307692308 0.05048076923076923
0 0.24879807692307693 0.2536057692307692 0.11298076923076923 0.08173076923076923
0 0.20432692307692307 0.052884615384615384 0.014423076923076924 0.014423076923076924
0 0.19831730769230768 0.05889423076923077 0.014423076923076924 0.014423076923076924
0 0.2127403846153846 0.054086538461538464 0.01201923076923077 0.01201923076923077
0 0.21754807692307693 0.06610576923076923 0.016826923076923076 0.016826923076923076
0 0.2704326923076923 0.056490384615384616 0.016826923076923076 0.019230769230769232
0 0.23557692307692307 0.07572115384615384 0.019230769230769232 0.021634615384615384
0 0.2608173076923077 0.0889423076923077 0.026442307692307692 0.026442307692307692
0 0.32572115384615385 0.06971153846153846 0.02403846153846154 0.02403846153846154
0 0.3173076923076923 0.09134615384615384 0.03365384615384615 0.036057692307692304
0 0.6947115384615384 0.3293269230769231 0.12259615384615384 0.11538461538461539
0 0.7644230769230769 0.23317307692307693 0.11057692307692307 0.10336538461538461
0 0.8257211538461539 0.26322115384615385 0.11778846153846154 0.11298076923076923
0 0.8629807692307693 0.18990384615384615 0.11538461538461539 0.11778846153846154
0 0.90625 0.12740384615384615 0.09134615384615384 0.09375
0 0.9375 0.0673076923076923 0.08173076923076923 0.07932692307692307
0 0.9615384615384616 0.028846153846153848 0.0673076923076923 0.057692307692307696
0 0.9759615384615384 0.010817307692307692 0.04326923076923077 0.021634615384615384
0 0.48197115384615385 0.7860576923076923 0.05048076923076923 0.10096153846153846
0 0.46153846153846156 0.7139423076923077 0.052884615384615384 0.0625
0 0.9459134615384616 0.8221153846153846 0.10336538461538461 0.21153846153846154