0 0.7680288461538461 0.5769230769230769 0.055288461538461536 0.0673076923076923
0 0.78125 0.6346153846153846 0.028846153846153848 0.02403846153846154
0 0.7319711538461539 0.5949519230769231 0.07932692307692307 0.08173076923076923
0 0.7932692307692307 0.46274038461538464 0.004807692307692308 0.021634615384615384
0 0.7884615384615384 0.4807692307692308 0.014423076923076924 0.02403846153846154
0 0.6754807692307693 0.34615384615384615 0.026442307692307692 0.026442307692307692
0 0.7632211538461539 0.4795673076923077 0.021634615384615384 0.021634615384615384
0 0.7752403846153846 0.5048076923076923 0.02403846153846154 0.02403846153846154
0 0.7415865384615384 0.5120192307692307 0.028846153846153848 0.03125
0 0.8353365384615384 0.3894230769230769 0.07451923076923077 0.11057692307692307
0 0.9855769230769231 0.33774038461538464 0.02403846153846154 0.05048076923076923
0 0.8461538461538461 0.3088942307692308 0.07692307692307693 0.07692307692307693
0 0.7524038461538461 0.8221153846153846 0.08413461538461539 0.08173076923076923
0 0.4206730769230769 0.6682692307692307 0.1346153846153846 0.038461538461538464
0 0.10817307692307693 0.8942307692307693 0.21634615384615385 0.20673076923076922
0 0.8629807692307693 0.8245192307692307 0.12980769230769232 0.34615384615384615
0 0.8725961538461539 0.8834134615384616 0.14903846153846154 0.18028846153846154