0 0.5084134615384616 0.171875 0.057692307692307696 0.057692307692307696
0 0.44591346153846156 0.05889423076923077 0.0625 0.055288461538461536
0 0.36899038461538464 0.055288461538461536 0.09134615384615384 0.08173076923076923
0 0.4543269230769231 0.36177884615384615 0.0889423076923077 0.0889423076923077
0 0.5432692307692307 0.020432692307692308 0.02403846153846154 0.040865384615384616
0 0.5108173076923077 0.020432692307692308 0.04567307692307692 0.040865384615384616
0 0.8329326923076923 0.33413461538461536 0.038461538461538464 0.038461538461538464
0 0.6778846153846154 0.20793269230769232 0.06971153846153846 0.07211538461538461
0 0.7019230769230769 0.3798076923076923 0.07211538461538461 0.07451923076923077
0 0.6947115384615384 0.4182692307692308 0.08173076923076923 0.057692307692307696
0 0.6237980769230769 0.34615384615384615 0.09615384615384616 0.0985576923076923
0 0.6189903846153846 0.40384615384615385 0.08653846153846154 0.0889423076923077
0 0.5709134615384616 0.2956730769230769 0.026442307692307692 0.11538461538461539
0 0.9302884615384616 0.41346153846153844 0.026442307692307692 0.028846153846153848
0 0.9362980769230769 0.4362980769230769 0.026442307692307692 0.021634615384615384
0 0.8762019230769231 0.390625 0.040865384615384616 0.04326923076923077
0 0.2512019230769231 0.8221153846153846 0.17067307692307693 0.14903846153846154
0 0.49399038461538464 0.7151442307692307 0.11538461538461539 0.10817307692307693
0 0.8149038461538461 0.8978365384615384 0.2932692307692308 0.19951923076923078
0 0.9579326923076923 0.8641826923076923 0.07932692307692307 0.18509615384615385
0 0.9014423076923077 0.5408653846153846 0.1346153846153846 0.14423076923076922
0 0.9591346153846154 0.5480769230769231 0.07692307692307693 0.1971153846153846