0 0.5036057692307693 0.10697115384615384 0.028846153846153848 0.03125
0 0.5 0.17067307692307693 0.014423076923076924 0.014423076923076924
0 0.4891826923076923 0.22235576923076922 0.019230769230769232 0.016826923076923076
0 0.4699519230769231 0.2608173076923077 0.021634615384615384 0.01201923076923077
0 0.5168269230769231 0.15625 0.014423076923076924 0.014423076923076924
0 0.5396634615384616 0.04447115384615385 0.028846153846153848 0.028846153846153848
0 0.5372596153846154 0.21875 0.028846153846153848 0.03125
0 0.5180288461538461 0.23677884615384615 0.019230769230769232 0.019230769230769232
0 0.5108173076923077 0.25240384615384615 0.007211538461538462 0.009615384615384616
0 0.8413461538461539 0.12740384615384615 0.05048076923076923 0.05048076923076923
0 0.7439903846153846 0.078125 0.05048076923076923 0.11778846153846154
0 0.7740384615384616 0.056490384615384616 0.07451923076923077 0.06971153846153846
0 0.7608173076923077 0.021634615384615384 0.08413461538461539 0.04326923076923077
0 0.8064903846153846 0.02283653846153846 0.08413461538461539 0.04567307692307692
0 0.8425480769230769 0.03125 0.0889423076923077 0.0625
0 0.8701923076923077 0.013221153846153846 0.0673076923076923 0.026442307692307692
0 0.9819711538461539 0.05048076923076923 0.019230769230769232 0.019230769230769232
0 0.9627403846153846 0.055288461538461536 0.036057692307692304 0.038461538461538464
0 0.3293269230769231 0.38341346153846156 0.2403846153846154 0.2283653846153846
0 0.4411057692307692 0.9783653846153846 0.06009615384615385 0.038461538461538464
0 0.36899038461538464 0.6694711538461539 0.13221153846153846 0.12980769230769232
0 0.6850961538461539 0.5673076923076923 0.0625 0.09615384615384616
0 0.6730769230769231 0.6201923076923077 0.052884615384615384 0.057692307692307696
0 0.6766826923076923 0.6382211538461539 0.06971153846153846 0.07692307692307693
0 0.671875 0.6670673076923077 0.07211538461538461 0.08173076923076923
0 0.054086538461538464 0.47716346153846156 0.10817307692307693 0.13221153846153846