0 0.15264423076923078 0.015625 0.03365384615384615 0.028846153846153848
0 0.22596153846153846 0.06490384615384616 0.05048076923076923 0.04567307692307692
0 0.27524038461538464 0.06971153846153846 0.06490384615384616 0.0625
0 0.04326923076923077 0.0985576923076923 0.01201923076923077 0.01201923076923077
0 0.06370192307692307 0.06850961538461539 0.014423076923076924 0.019230769230769232
0 0.06009615384615385 0.1201923076923077 0.01201923076923077 0.01201923076923077
0 0.07211538461538461 0.08413461538461539 0.014423076923076924 0.016826923076923076
0 0.09495192307692307 0.0733173076923077 0.026442307692307692 0.016826923076923076
0 0.6730769230769231 0.10336538461538461 0.13701923076923078 0.17548076923076922
0 0.37740384615384615 0.5769230769230769 0.16826923076923078 0.14423076923076922
0 0.1658653846153846 0.7824519230769231 0.12980769230769232 0.1346153846153846
0 0.03485576923076923 0.6875 0.06971153846153846 0.09615384615384616
0 0.7596153846153846 0.7908653846153846 0.16826923076923078 0.14423076923076922
0 0.5516826923076923 0.9627403846153846 0.12740384615384615 0.06971153846153846