0 0.10336538461538461 0.34615384615384615 0.07451923076923077 0.08413461538461539
0 0.2980769230769231 0.25600961538461536 0.09615384615384616 0.09134615384615384
0 0.3858173076923077 0.14302884615384615 0.12259615384615384 0.13221153846153846
0 0.9879807692307693 0.2776442307692308 0.019230769230769232 0.03125
0 0.8052884615384616 0.20072115384615385 0.06490384615384616 0.07451923076923077
0 0.6682692307692307 0.15985576923076922 0.08173076923076923 0.08653846153846154
0 0.9543269230769231 0.3076923076923077 0.02403846153846154 0.028846153846153848
0 0.6274038461538461 0.29086538461538464 0.20673076923076922 0.21153846153846154
0 0.19591346153846154 0.9663461538461539 0.11298076923076923 0.0625
0 0.43149038461538464 0.8545673076923077 0.03125 0.06971153846153846
0 0.5216346153846154 0.46033653846153844 0.14423076923076922 0.12259615384615384