0 0.22596153846153846 0.2608173076923077 0.33653846153846156 0.18990384615384615
0 0.04927884615384615 0.3076923076923077 0.0985576923076923 0.09615384615384616
0 0.6237980769230769 0.21995192307692307 0.036057692307692304 0.036057692307692304
0 0.6189903846153846 0.15144230769230768 0.04807692307692308 0.04807692307692308
0 0.9771634615384616 0.30288461538461536 0.040865384615384616 0.07211538461538461
0 0.875 0.1971153846153846 0.24519230769230768 0.2980769230769231
0 0.9158653846153846 0.039663461538461536 0.08653846153846154 0.07932692307692307
0 0.9771634615384616 0.109375 0.040865384615384616 0.13221153846153846
0 0.5949519230769231 0.30528846153846156 0.014423076923076924 0.014423076923076924
0 0.6850961538461539 0.3449519230769231 0.028846153846153848 0.021634615384615384
0 0.35096153846153844 0.9038461538461539 0.038461538461538464 0.038461538461538464
0 0.24519230769230768 0.8088942307692307 0.055288461538461536 0.052884615384615384
0 0.22235576923076922 0.7836538461538461 0.03365384615384615 0.03365384615384615
0 0.375 0.9086538461538461 0.040865384615384616 0.040865384615384616
0 0.1971153846153846 0.7271634615384616 0.038461538461538464 0.038461538461538464
0 0.39903846153846156 0.9158653846153846 0.03365384615384615 0.052884615384615384
0 0.34375 0.8401442307692307 0.055288461538461536 0.055288461538461536
0 0.2127403846153846 0.6959134615384616 0.05048076923076923 0.04807692307692308
0 0.1622596153846154 0.6430288461538461 0.057692307692307696 0.057692307692307696
0 0.4014423076923077 0.8341346153846154 0.028846153846153848 0.0625
0 0.1622596153846154 0.5661057692307693 0.06490384615384616 0.06490384615384616
0 0.1201923076923077 0.5276442307692307 0.07451923076923077 0.07211538461538461
0 0.35697115384615385 0.7103365384615384 0.09134615384615384 0.09134615384615384
0 0.1141826923076923 0.42427884615384615 0.09134615384615384 0.0889423076923077
0 0.06850961538461539 0.3737980769230769 0.04567307692307692 0.03125
0 0.3329326923076923 0.4639423076923077 0.15144230769230768 0.15384615384615385
0 0.3701923076923077 0.47115384615384615 0.09134615384615384 0.17307692307692307
0 0.33052884615384615 0.9855769230769231 0.016826923076923076 0.016826923076923076
0 0.31850961538461536 0.9651442307692307 0.021634615384615384 0.021634615384615384
0 0.30528846153846156 0.9411057692307693 0.021634615384615384 0.021634615384615384
0 0.3425480769230769 0.9723557692307693 0.019230769230769232 0.019230769230769232
0 0.36778846153846156 0.9855769230769231 0.019230769230769232 0.019230769230769232
0 0.2920673076923077 0.9026442307692307 0.026442307692307692 0.026442307692307692
0 0.3870192307692308 0.9819711538461539 0.026442307692307692 0.026442307692307692
0 0.3641826923076923 0.9627403846153846 0.02403846153846154 0.02403846153846154
0 0.40625 0.9915865384615384 0.019230769230769232 0.01201923076923077
0 0.2608173076923077 0.8641826923076923 0.028846153846153848 0.028846153846153848
0 0.53125 0.8389423076923077 0.0673076923076923 0.0673076923076923
0 0.6057692307692307 0.8629807692307693 0.07451923076923077 0.07451923076923077
0 0.49399038461538464 0.8245192307692307 0.04807692307692308 0.04807692307692308
0 0.6454326923076923 0.49759615384615385 0.17307692307692307 0.17307692307692307
0 0.6694711538461539 0.8774038461538461 0.09134615384615384 0.09134615384615384
0 0.8653846153846154 0.8954326923076923 0.2644230769230769 0.20432692307692307
0 0.43509615384615385 0.8149038461538461 0.03365384615384615 0.03365384615384615
0 0.46274038461538464 0.8185096153846154 0.040865384615384616 0.040865384615384616