0 0.30649038461538464 0.07091346153846154 0.11057692307692307 0.12980769230769232
0 0.71875 0.11778846153846154 0.04326923076923077 0.055288461538461536
0 0.8209134615384616 0.009615384615384616 0.06971153846153846 0.019230769230769232
0 0.3762019230769231 0.46634615384615385 0.10336538461538461 0.08653846153846154
0 0.09254807692307693 0.35096153846153844 0.05048076923076923 0.04567307692307692
0 0.11298076923076923 0.30288461538461536 0.04807692307692308 0.028846153846153848
0 0.026442307692307692 0.29447115384615385 0.028846153846153848 0.01201923076923077
0 0.20192307692307693 0.46033653846153844 0.0673076923076923 0.0625
0 0.9567307692307693 0.9350961538461539 0.08173076923076923 0.125
0 0.8737980769230769 0.8305288461538461 0.06490384615384616 0.07932692307692307
0 0.921875 0.8004807692307693 0.07451923076923077 0.09615384615384616
0 0.7956730769230769 0.6021634615384616 0.04807692307692308 0.055288461538461536
0 0.7908653846153846 0.53125 0.04807692307692308 0.04807692307692308
0 0.8365384615384616 0.39302884615384615 0.04567307692307692 0.04567307692307692
0 0.7427884615384616 0.4338942307692308 0.03125 0.03125
0 0.7403846153846154 0.46875 0.026442307692307692 0.028846153846153848
0 0.7223557692307693 0.40024038461538464 0.026442307692307692 0.026442307692307692
0 0.6826923076923077 0.36899038461538464 0.021634615384615384 0.021634615384615384
0 0.6875 0.34134615384615385 0.019230769230769232 0.019230769230769232
0 0.6598557692307693 0.3125 0.016826923076923076 0.016826923076923076