0 0.38822115384615385 0.29086538461538464 0.055288461538461536 0.06490384615384616
0 0.36538461538461536 0.39783653846153844 0.07451923076923077 0.07932692307692307
0 0.31971153846153844 0.2247596153846154 0.052884615384615384 0.04567307692307692
0 0.3401442307692308 0.49399038461538464 0.10336538461538461 0.11057692307692307
0 0.37740384615384615 0.3329326923076923 0.06971153846153846 0.08173076923076923
0 0.3401442307692308 0.14302884615384615 0.026442307692307692 0.028846153846153848
0 0.84375 0.46875 0.04807692307692308 0.23557692307692307
0 0.9362980769230769 0.421875 0.12259615384615384 0.24278846153846154
0 0.359375 0.9519230769230769 0.18028846153846154 0.09134615384615384
0 0.41947115384615385 0.8293269230769231 0.14423076923076922 0.14182692307692307
0 0.5901442307692307 0.6382211538461539 0.07211538461538461 0.07211538461538461