0 0.03245192307692308 0.0889423076923077 0.06490384615384616 0.12980769230769232
0 0.8064903846153846 0.37259615384615385 0.10336538461538461 0.10817307692307693
0 0.49158653846153844 0.296875 0.16105769230769232 0.18269230769230768
0 0.24879807692307693 0.609375 0.040865384615384616 0.05048076923076923
0 0.1875 0.78125 0.08413461538461539 0.09375
0 0.5180288461538461 0.9495192307692307 0.23798076923076922 0.09615384615384616
0 0.703125 0.828125 0.15144230769230768 0.13942307692307693
0 0.7764423076923077 0.7451923076923077 0.0985576923076923 0.10336538461538461
0 0.7115384615384616 0.9639423076923077 0.16826923076923078 0.0673076923076923
0 0.7944711538461539 0.8689903846153846 0.09375 0.09615384615384616
0 0.8257211538461539 0.9290865384615384 0.11057692307692307 0.11778846153846154
0 0.84375 0.6742788461538461 0.09134615384615384 0.08173076923076923
0 0.8870192307692307 0.6237980769230769 0.06490384615384616 0.06971153846153846
0 0.9278846153846154 0.5745192307692307 0.05048076923076923 0.040865384615384616