0 0.37740384615384615 0.45552884615384615 0.057692307692307696 0.07932692307692307
0 0.3798076923076923 0.4206730769230769 0.0625 0.07692307692307693
0 0.46153846153846156 0.4639423076923077 0.14903846153846154 0.10576923076923077
0 0.43990384615384615 0.4170673076923077 0.0985576923076923 0.0985576923076923
0 0.5913461538461539 0.4675480769230769 0.125 0.0985576923076923
0 0.5396634615384616 0.42427884615384615 0.1466346153846154 0.14423076923076922
0 0.7764423076923077 0.5012019230769231 0.12980769230769232 0.03125
0 0.7151442307692307 0.47115384615384615 0.14182692307692307 0.09134615384615384
0 0.6466346153846154 0.4254807692307692 0.13701923076923078 0.13942307692307693
0 0.5300480769230769 0.1875 0.17548076923076922 0.17548076923076922
0 0.9375 0.375 0.1201923076923077 0.15865384615384615
0 0.17307692307692307 0.7536057692307693 0.34615384615384615 0.40625
0 0.25961538461538464 0.9447115384615384 0.12980769230769232 0.10576923076923077
0 0.6502403846153846 0.8293269230769231 0.08413461538461539 0.08413461538461539
0 0.7932692307692307 0.9194711538461539 0.09615384615384616 0.09615384615384616
0 0.8533653846153846 0.9555288461538461 0.07932692307692307 0.08173076923076923