0 0.32091346153846156 0.15504807692307693 0.13701923076923078 0.13701923076923078
0 0.38461538461538464 0.1141826923076923 0.11778846153846154 0.13221153846153846
0 0.42908653846153844 0.38100961538461536 0.055288461538461536 0.08413461538461539
0 0.26802884615384615 0.4735576923076923 0.10817307692307693 0.04807692307692308
0 0.8497596153846154 0.46153846153846156 0.0889423076923077 0.07211538461538461
0 0.8882211538461539 0.109375 0.055288461538461536 0.13221153846153846
0 0.8245192307692307 0.20072115384615385 0.057692307692307696 0.07932692307692307
0 0.8149038461538461 0.078125 0.07211538461538461 0.08173076923076923
0 0.7728365384615384 0.13822115384615385 0.10576923076923077 0.24278846153846154
0 0.6538461538461539 0.12259615384615384 0.10096153846153846 0.0673076923076923
0 0.6382211538461539 0.026442307692307692 0.08413461538461539 0.052884615384615384
0 0.34975961538461536 0.6838942307692307 0.07451923076923077 0.07932692307692307
0 0.4206730769230769 0.8088942307692307 0.06009615384615385 0.057692307692307696
0 0.45072115384615385 0.890625 0.01201923076923077 0.036057692307692304
0 0.453125 0.9471153846153846 0.007211538461538462 0.03365384615384615
0 0.5973557692307693 0.9699519230769231 0.13221153846153846 0.055288461538461536
0 0.6213942307692307 0.6069711538461539 0.1201923076923077 0.11538461538461539
0 0.6201923076923077 0.8076923076923077 0.13942307692307693 0.14182692307692307
0 0.8449519230769231 0.5264423076923077 0.06490384615384616 0.052884615384615384
0 0.5072115384615384 0.9350961538461539 0.09615384615384616 0.125
0 0.7115384615384616 0.6838942307692307 0.10096153846153846 0.0985576923076923
0 0.8016826923076923 0.5685096153846154 0.08413461538461539 0.07692307692307693
0 0.8737980769230769 0.6478365384615384 0.05048076923076923 0.05048076923076923
0 0.9350961538461539 0.5552884615384616 0.04567307692307692 0.04567307692307692
0 0.9375 0.515625 0.04807692307692308 0.03125
0 0.7391826923076923 0.8569711538461539 0.07451923076923077 0.07932692307692307