0 0.5612980769230769 0.16105769230769232 0.05048076923076923 0.057692307692307696
0 0.5540865384615384 0.09375 0.06490384615384616 0.07211538461538461
0 0.5637019230769231 0.025240384615384616 0.04567307692307692 0.05048076923076923
0 0.5204326923076923 0.21995192307692307 0.08653846153846154 0.08653846153846154
0 0.5204326923076923 0.13581730769230768 0.07932692307692307 0.07451923076923077
0 0.5216346153846154 0.04927884615384615 0.06971153846153846 0.06971153846153846
0 0.3581730769230769 0.5552884615384616 0.11538461538461539 0.1201923076923077
0 0.30528846153846156 0.02403846153846154 0.14423076923076922 0.04807692307692308
0 0.7788461538461539 0.3125 0.02403846153846154 0.028846153846153848
0 0.7740384615384616 0.3786057692307692 0.021634615384615384 0.02403846153846154
0 0.7680288461538461 0.4338942307692308 0.03365384615384615 0.03365384615384615
0 0.7644230769230769 0.2644230769230769 0.04326923076923077 0.052884615384615384
0 0.7944711538461539 0.5048076923076923 0.052884615384615384 0.057692307692307696
0 0.7740384615384616 0.5084134615384616 0.016826923076923076 0.016826923076923076
0 0.7367788461538461 0.5985576923076923 0.019230769230769232 0.019230769230769232
0 0.7415865384615384 0.578125 0.019230769230769232 0.019230769230769232
0 0.7980769230769231 0.5841346153846154 0.028846153846153848 0.02403846153846154
0 0.40865384615384615 0.9711538461538461 0.016826923076923076 0.016826923076923076
0 0.3004807692307692 0.953125 0.04326923076923077 0.036057692307692304
0 0.29447115384615385 0.75 0.05048076923076923 0.04326923076923077
0 0.2860576923076923 0.703125 0.08653846153846154 0.06971153846153846
0 0.23798076923076922 0.7980769230769231 0.0625 0.055288461538461536
0 0.23197115384615385 0.6454326923076923 0.18509615384615385 0.055288461538461536
0 0.14903846153846154 0.7644230769230769 0.08413461538461539 0.07692307692307693