0 0.515625 0.12620192307692307 0.07211538461538461 0.07451923076923077
0 0.5024038461538461 0.06490384615384616 0.0673076923076923 0.07692307692307693
0 0.5492788461538461 0.16706730769230768 0.04567307692307692 0.04567307692307692
0 0.5697115384615384 0.20793269230769232 0.014423076923076924 0.06490384615384616
0 0.5612980769230769 0.13822115384615385 0.03125 0.040865384615384616
0 0.5733173076923077 0.171875 0.007211538461538462 0.040865384615384616
0 0.8665865384615384 0.09014423076923077 0.07451923076923077 0.07211538461538461
0 0.5240384615384616 0.8521634615384616 0.10096153846153846 0.09134615384615384
0 0.20793269230769232 0.7487980769230769 0.31009615384615385 0.11778846153846154
0 0.39783653846153844 0.7800480769230769 0.1658653846153846 0.1466346153846154
0 0.36538461538461536 0.7055288461538461 0.125 0.03125