0 0.16706730769230768 0.4206730769230769 0.057692307692307696 0.057692307692307696
0 0.2536057692307692 0.4387019230769231 0.07932692307692307 0.036057692307692304
0 0.12259615384615384 0.25 0.0889423076923077 0.09134615384615384
0 0.2403846153846154 0.38822115384615385 0.08173076923076923 0.08173076923076923
0 0.22235576923076922 0.3125 0.10576923076923077 0.10336538461538461
0 0.1935096153846154 0.18389423076923078 0.13942307692307693 0.13701923076923078
0 0.1502403846153846 0.07932692307692307 0.3004807692307692 0.15865384615384615
0 0.65625 0.2956730769230769 0.03365384615384615 0.1346153846153846
0 0.7728365384615384 0.33413461538461536 0.17067307692307693 0.17307692307692307
0 0.9543269230769231 0.3581730769230769 0.08653846153846154 0.1971153846153846
0 0.042067307692307696 0.8064903846153846 0.08413461538461539 0.0985576923076923
0 0.025240384615384616 0.7367788461538461 0.05048076923076923 0.09375
0 0.08533653846153846 0.6947115384615384 0.16346153846153846 0.16826923076923078
0 0.296875 0.6057692307692307 0.27163461538461536 0.2932692307692308
0 0.009615384615384616 0.7836538461538461 0.019230769230769232 0.0673076923076923
0 0.796875 0.7247596153846154 0.08413461538461539 0.08653846153846154
0 0.6887019230769231 0.6370192307692307 0.06009615384615385 0.06009615384615385
0 0.6574519230769231 0.6213942307692307 0.036057692307692304 0.055288461538461536
0 0.7560096153846154 0.6754807692307693 0.08173076923076923 0.08653846153846154
0 0.7127403846153846 0.6790865384615384 0.055288461538461536 0.057692307692307696
0 0.9314903846153846 0.6442307692307693 0.13221153846153846 0.16826923076923078
0 0.6670673076923077 0.6538461538461539 0.055288461538461536 0.057692307692307696
0 0.6454326923076923 0.6382211538461539 0.01201923076923077 0.055288461538461536