0 0.08173076923076923 0.025240384615384616 0.09134615384615384 0.05048076923076923
0 0.14543269230769232 0.04567307692307692 0.12740384615384615 0.09134615384615384
0 0.057692307692307696 0.0673076923076923 0.0985576923076923 0.07451923076923077
0 0.014423076923076924 0.10096153846153846 0.028846153846153848 0.11057692307692307
0 0.06610576923076923 0.12620192307692307 0.13221153846153846 0.11778846153846154
0 0.07091346153846154 0.28846153846153844 0.14182692307692307 0.12980769230769232
0 0.17067307692307693 0.359375 0.21634615384615385 0.18028846153846154
0 0.8605769230769231 0.002403846153846154 0.028846153846153848 0.004807692307692308
0 0.8521634615384616 0.036057692307692304 0.040865384615384616 0.036057692307692304
0 0.16346153846153846 0.7391826923076923 0.09134615384615384 0.07211538461538461
0 0.3004807692307692 0.6899038461538461 0.09375 0.08653846153846154
0 0.3786057692307692 0.6153846153846154 0.036057692307692304 0.052884615384615384
0 0.2824519230769231 0.6634615384615384 0.07932692307692307 0.0673076923076923
0 0.22956730769230768 0.6935096153846154 0.07932692307692307 0.0673076923076923
0 0.35216346153846156 0.6081730769230769 0.06971153846153846 0.0673076923076923
0 0.38221153846153844 0.5805288461538461 0.028846153846153848 0.04567307692307692
0 0.5084134615384616 0.5456730769230769 0.11298076923076923 0.03365384615384615
0 0.8221153846153846 0.5492788461538461 0.07211538461538461 0.040865384615384616