0 0.03365384615384615 0.44350961538461536 0.0673076923076923 0.09375
0 0.01201923076923077 0.5300480769230769 0.02403846153846154 0.0985576923076923
0 0.8629807692307693 0.5733173076923077 0.24519230769230768 0.06490384615384616
0 0.796875 0.4651442307692308 0.14423076923076922 0.14182692307692307
0 0.7463942307692307 0.34375 0.11778846153846154 0.11298076923076923
0 0.6033653846153846 0.2091346153846154 0.06490384615384616 0.06490384615384616
0 0.7283653846153846 0.25721153846153844 0.08653846153846154 0.0889423076923077
0 0.7043269230769231 0.19951923076923078 0.07451923076923077 0.07692307692307693
0 0.6526442307692307 0.0829326923076923 0.06009615384615385 0.057692307692307696
0 0.6298076923076923 0.04326923076923077 0.04326923076923077 0.04567307692307692
0 0.6201923076923077 0.009615384615384616 0.038461538461538464 0.019230769230769232
0 0.9146634615384616 0.025240384615384616 0.1466346153846154 0.05048076923076923
0 0.6766826923076923 0.14543269230769232 0.07211538461538461 0.0673076923076923
0 0.6658653846153846 0.12139423076923077 0.055288461538461536 0.052884615384615384
0 0.6298076923076923 0.021634615384615384 0.03125 0.03125
0 0.39903846153846156 0.6766826923076923 0.019230769230769232 0.04567307692307692
0 0.40384615384615385 0.90625 0.028846153846153848 0.07692307692307693
0 0.42788461538461536 0.8786057692307693 0.07692307692307693 0.08413461538461539
0 0.4230769230769231 0.9663461538461539 0.0673076923076923 0.0625
0 0.453125 0.953125 0.08653846153846154 0.0889423076923077