0 0.056490384615384616 0.03245192307692308 0.10817307692307693 0.06490384615384616
0 0.33533653846153844 0.046875 0.040865384615384616 0.07932692307692307
0 0.3173076923076923 0.1658653846153846 0.07692307692307693 0.125
0 0.44471153846153844 0.054086538461538464 0.17307692307692307 0.10817307692307693
0 0.1201923076923077 0.47836538461538464 0.021634615384615384 0.021634615384615384
0 0.05048076923076923 0.5132211538461539 0.028846153846153848 0.03365384615384615
0 0.02403846153846154 0.4891826923076923 0.02403846153846154 0.026442307692307692
0 0.010817307692307692 0.4699519230769231 0.021634615384615384 0.036057692307692304
0 0.24158653846153846 0.5 0.06009615384615385 0.07932692307692307
0 0.020432692307692308 0.42908653846153844 0.014423076923076924 0.014423076923076924
0 0.010817307692307692 0.4338942307692308 0.01201923076923077 0.01201923076923077
0 0.006009615384615385 0.421875 0.01201923076923077 0.016826923076923076
0 0.7596153846153846 0.5048076923076923 0.03365384615384615 0.03365384615384615
0 0.8221153846153846 0.5036057692307693 0.038461538461538464 0.028846153846153848
0 0.8617788461538461 0.5276442307692307 0.05048076923076923 0.040865384615384616
0 0.47115384615384615 0.9459134615384616 0.0985576923076923 0.08653846153846154
0 0.5 0.44350961538461536 0.028846153846153848 0.038461538461538464
0 0.5745192307692307 0.4579326923076923 0.04326923076923077 0.02403846153846154
0 0.6322115384615384 0.4651442307692308 0.028846153846153848 0.028846153846153848
0 0.6274038461538461 0.48197115384615385 0.03365384615384615 0.028846153846153848