0 0.3317307692307692 0.32211538461538464 0.11057692307692307 0.10817307692307693
0 0.48677884615384615 0.4254807692307692 0.18028846153846154 0.1201923076923077
0 0.21033653846153846 0.3798076923076923 0.10576923076923077 0.10817307692307693
0 0.4411057692307692 0.33653846153846156 0.15144230769230768 0.14903846153846154
0 0.32572115384615385 0.40865384615384615 0.12259615384615384 0.1201923076923077
0 0.8185096153846154 0.09735576923076923 0.16105769230769232 0.17067307692307693
0 0.2127403846153846 0.9350961538461539 0.20432692307692307 0.125
0 0.36778846153846156 0.7800480769230769 0.1658653846153846 0.17067307692307693
0 0.3076923076923077 0.9182692307692307 0.21634615384615385 0.15865384615384615
0 0.10576923076923077 0.9338942307692307 0.18269230769230768 0.12740384615384615
0 0.203125 0.8088942307692307 0.14903846153846154 0.1466346153846154
0 0.3701923076923077 0.5144230769230769 0.07211538461538461 0.052884615384615384
0 0.4675480769230769 0.5192307692307693 0.0889423076923077 0.0625
0 0.3401442307692308 0.6478365384615384 0.14903846153846154 0.15384615384615385
0 0.4230769230769231 0.6237980769230769 0.12740384615384615 0.12259615384615384
0 0.47716346153846156 0.7079326923076923 0.1875 0.18990384615384615
0 0.5180288461538461 0.5889423076923077 0.10576923076923077 0.10817307692307693
0 0.5348557692307693 0.9134615384615384 0.08413461538461539 0.16826923076923078
0 0.4326923076923077 0.9050480769230769 0.21634615384615385 0.18509615384615385
0 0.5348557692307693 0.9134615384615384 0.08413461538461539 0.16826923076923078
0 0.4326923076923077 0.9050480769230769 0.21634615384615385 0.18509615384615385
0 0.28725961538461536 0.78125 0.14423076923076922 0.13942307692307693
0 0.5288461538461539 0.5288461538461539 0.09615384615384616 0.08173076923076923
0 0.703125 0.9254807692307693 0.19951923076923078 0.14423076923076922