0 0.8353365384615384 0.1814903846153846 0.06971153846153846 0.07692307692307693
0 0.8629807692307693 0.21634615384615385 0.04567307692307692 0.04326923076923077
0 0.84375 0.1310096153846154 0.07451923076923077 0.09134615384615384
0 0.8882211538461539 0.2932692307692308 0.07451923076923077 0.02403846153846154
0 0.9014423076923077 0.2620192307692308 0.04807692307692308 0.06009615384615385
0 0.9326923076923077 0.2704326923076923 0.036057692307692304 0.040865384615384616
0 0.9435096153846154 0.296875 0.055288461538461536 0.016826923076923076
0 0.08173076923076923 0.3401442307692308 0.16346153846153846 0.06490384615384616
0 0.234375 0.578125 0.12259615384615384 0.18509615384615385
0 0.9951923076923077 0.45552884615384615 0.004807692307692308 0.016826923076923076
0 0.7163461538461539 0.9110576923076923 0.28846153846153844 0.17307692307692307
0 0.8209134615384616 0.6574519230769231 0.05048076923076923 0.05048076923076923
0 0.8786057692307693 0.5576923076923077 0.038461538461538464 0.038461538461538464
0 0.9194711538461539 0.35096153846153844 0.021634615384615384 0.021634615384615384
0 0.9362980769230769 0.3894230769230769 0.021634615384615384 0.021634615384615384
0 0.9507211538461539 0.33774038461538464 0.019230769230769232 0.016826923076923076
0 0.9507211538461539 0.3629807692307692 0.021634615384615384 0.021634615384615384
0 0.9663461538461539 0.3125 0.028846153846153848 0.009615384615384616
0 0.921875 0.7295673076923077 0.03125 0.038461538461538464
0 0.9483173076923077 0.6802884615384616 0.08653846153846154 0.10817307692307693
0 0.9639423076923077 0.5264423076923077 0.021634615384615384 0.021634615384615384
0 0.9927884615384616 0.41466346153846156 0.009615384615384616 0.036057692307692304
0 0.9891826923076923 0.4951923076923077 0.016826923076923076 0.019230769230769232