0 0.030048076923076924 0.41947115384615385 0.06009615384615385 0.055288461538461536
0 0.9831730769230769 0.11778846153846154 0.028846153846153848 0.052884615384615384
0 0.9867788461538461 0.08533653846153846 0.021634615384615384 0.036057692307692304
0 0.8978365384615384 0.25240384615384615 0.03365384615384615 0.036057692307692304
0 0.8966346153846154 0.27524038461538464 0.038461538461538464 0.038461538461538464
0 0.8990384615384616 0.1502403846153846 0.026442307692307692 0.026442307692307692
0 0.8942307692307693 0.12980769230769232 0.03125 0.028846153846153848
0 0.8954326923076923 0.02403846153846154 0.02403846153846154 0.021634615384615384
0 0.019230769230769232 0.5300480769230769 0.038461538461538464 0.07932692307692307
0 0.037259615384615384 0.5072115384615384 0.057692307692307696 0.0625
0 0.06490384615384616 0.4675480769230769 0.0625 0.036057692307692304
0 0.020432692307692308 0.46634615384615385 0.040865384615384616 0.03365384615384615