0 0.46634615384615385 0.33533653846153844 0.10096153846153846 0.21875
0 0.11658653846153846 0.28125 0.07932692307692307 0.07932692307692307
0 0.4699519230769231 0.43149038461538464 0.09375 0.2091346153846154
0 0.3233173076923077 0.3076923076923077 0.13942307692307693 0.14182692307692307
0 0.28125 0.41225961538461536 0.25961538461538464 0.24759615384615385
0 0.125 0.3485576923076923 0.10336538461538461 0.10576923076923077
0 0.021634615384615384 0.30528846153846156 0.04326923076923077 0.057692307692307696
0 0.06490384615384616 0.3329326923076923 0.06490384615384616 0.06490384615384616
0 0.020432692307692308 0.39302884615384615 0.040865384615384616 0.06971153846153846
0 0.1141826923076923 0.4831730769230769 0.11298076923076923 0.10576923076923077
0 0.055288461538461536 0.44471153846153844 0.07692307692307693 0.07692307692307693
0 0.2512019230769231 0.2764423076923077 0.13701923076923078 0.1346153846153846
0 0.6730769230769231 0.8533653846153846 0.18269230769230768 0.1875
0 0.6490384615384616 0.7007211538461539 0.1778846153846154 0.1778846153846154
0 0.7283653846153846 0.6201923076923077 0.17307692307692307 0.16346153846153846