0 0.21033653846153846 0.203125 0.06490384615384616 0.06490384615384616
0 0.22115384615384615 0.3125 0.08173076923076923 0.08173076923076923
0 0.125 0.16105769230769232 0.052884615384615384 0.052884615384615384
0 0.2283653846153846 0.375 0.11538461538461539 0.04326923076923077
0 0.2127403846153846 0.24639423076923078 0.07932692307692307 0.07932692307692307
0 0.11899038461538461 0.078125 0.03125 0.03125
0 0.6237980769230769 0.06971153846153846 0.0673076923076923 0.06490384615384616
0 0.5901442307692307 0.07572115384615384 0.040865384615384616 0.06009615384615385
0 0.5877403846153846 0.11538461538461539 0.036057692307692304 0.07692307692307693
0 0.2403846153846154 0.6334134615384616 0.057692307692307696 0.057692307692307696
0 0.17548076923076922 0.7560096153846154 0.08413461538461539 0.08413461538461539
0 0.24278846153846154 0.7439903846153846 0.0985576923076923 0.0985576923076923
0 0.23918269230769232 0.6790865384615384 0.0625 0.0625
0 0.22596153846153846 0.5889423076923077 0.055288461538461536 0.055288461538461536