0 0.5204326923076923 0.2403846153846154 0.036057692307692304 0.028846153846153848
0 0.47716346153846156 0.16105769230769232 0.10817307692307693 0.10096153846153846
0 0.45913461538461536 0.1971153846153846 0.05048076923076923 0.05048076923076923
0 0.46875 0.25600961538461536 0.05048076923076923 0.052884615384615384
0 0.4098557692307692 0.10697115384615384 0.06971153846153846 0.07451923076923077
0 0.4266826923076923 0.23197115384615385 0.0625 0.0625
0 0.3545673076923077 0.08413461538461539 0.0673076923076923 0.0673076923076923
0 0.37259615384615385 0.13581730769230768 0.07451923076923077 0.07692307692307693
0 0.3317307692307692 0.03245192307692308 0.0673076923076923 0.06490384615384616
0 0.37740384615384615 0.19831730769230768 0.0889423076923077 0.08653846153846154
0 0.19591346153846154 0.12620192307692307 0.09615384615384616 0.10096153846153846
0 0.09134615384615384 0.1778846153846154 0.15865384615384615 0.1201923076923077
0 0.5769230769230769 0.2704326923076923 0.019230769230769232 0.036057692307692304
0 0.5673076923076923 0.23677884615384615 0.028846153846153848 0.026442307692307692
0 0.5504807692307693 0.2283653846153846 0.028846153846153848 0.026442307692307692
0 0.5264423076923077 0.20552884615384615 0.04567307692307692 0.040865384615384616
0 0.4483173076923077 0.5132211538461539 0.055288461538461536 0.06009615384615385
0 0.421875 0.5060096153846154 0.0889423076923077 0.0889423076923077
0 0.39302884615384615 0.7896634615384616 0.09375 0.10817307692307693
0 0.6899038461538461 0.46153846153846156 0.20192307692307693 0.10576923076923077
0 0.8605769230769231 0.5024038461538461 0.1971153846153846 0.1875
0 0.8894230769230769 0.45552884615384615 0.15384615384615385 0.09375
0 0.9735576923076923 0.5913461538461539 0.04807692307692308 0.15865384615384615
0 0.9795673076923077 0.5168269230769231 0.036057692307692304 0.12980769230769232