0 0.22596153846153846 0.5805288461538461 0.0625 0.052884615384615384
0 0.2764423076923077 0.6021634615384616 0.06490384615384616 0.057692307692307696
0 0.3293269230769231 0.5264423076923077 0.021634615384615384 0.021634615384615384
0 0.15865384615384615 0.6778846153846154 0.08173076923076923 0.0889423076923077
0 0.17427884615384615 0.8990384615384616 0.17548076923076922 0.1971153846153846
0 0.23557692307692307 0.5324519230769231 0.1971153846153846 0.1658653846153846
0 0.31850961538461536 0.5516826923076923 0.07692307692307693 0.06009615384615385
0 0.38100961538461536 0.5348557692307693 0.04567307692307692 0.038461538461538464
0 0.4026442307692308 0.5216346153846154 0.04326923076923077 0.04807692307692308
0 0.421875 0.49399038461538464 0.007211538461538462 0.03125
0 0.7668269230769231 0.5961538461538461 0.06009615384615385 0.06009615384615385
0 0.9122596153846154 0.7091346153846154 0.06009615384615385 0.06490384615384616
0 0.6442307692307693 0.578125 0.06009615384615385 0.055288461538461536
0 0.9795673076923077 0.5685096153846154 0.03125 0.03365384615384615
0 0.9891826923076923 0.5432692307692307 0.016826923076923076 0.02403846153846154