0 0.4579326923076923 0.055288461538461536 0.13701923076923078 0.11057692307692307
0 0.16466346153846154 0.40384615384615385 0.06490384615384616 0.0625
0 0.38461538461538464 0.20673076923076922 0.12259615384615384 0.125
0 0.18990384615384615 0.4579326923076923 0.04567307692307692 0.036057692307692304
0 0.5 0.10336538461538461 0.052884615384615384 0.14903846153846154
0 0.7680288461538461 0.39302884615384615 0.04807692307692308 0.055288461538461536
0 0.8221153846153846 0.390625 0.04567307692307692 0.052884615384615384
0 0.7019230769230769 0.33413461538461536 0.07932692307692307 0.09134615384615384
0 0.6165865384615384 0.2608173076923077 0.07692307692307693 0.09615384615384616
0 0.5552884615384616 0.18629807692307693 0.052884615384615384 0.11298076923076923
0 0.7632211538461539 0.17067307692307693 0.09134615384615384 0.1201923076923077
0 0.8040865384615384 0.5132211538461539 0.019230769230769232 0.016826923076923076
0 0.8641826923076923 0.4879807692307692 0.03125 0.036057692307692304
0 0.7427884615384616 0.4807692307692308 0.03125 0.03125
0 0.6983173076923077 0.47836538461538464 0.040865384615384616 0.04567307692307692
0 0.31490384615384615 0.6129807692307693 0.11057692307692307 0.08413461538461539
0 0.7355769230769231 0.9711538461538461 0.07211538461538461 0.052884615384615384
0 0.6658653846153846 0.9663461538461539 0.0625 0.06490384615384616