0 0.39783653846153844 0.3858173076923077 0.038461538461538464 0.04567307692307692
0 0.43509615384615385 0.375 0.038461538461538464 0.04326923076923077
0 0.24158653846153846 0.3557692307692308 0.052884615384615384 0.05048076923076923
0 0.3389423076923077 0.3317307692307692 0.04567307692307692 0.04807692307692308
0 0.40024038461538464 0.32211538461538464 0.057692307692307696 0.08173076923076923
0 0.26802884615384615 0.3076923076923077 0.05048076923076923 0.05048076923076923
0 0.28966346153846156 0.27403846153846156 0.06490384615384616 0.06490384615384616
0 0.37259615384615385 0.25240384615384615 0.052884615384615384 0.06490384615384616
0 0.5132211538461539 0.4951923076923077 0.007211538461538462 0.019230769230769232
0 0.39783653846153844 0.453125 0.03365384615384615 0.028846153846153848
0 0.4699519230769231 0.4495192307692308 0.02403846153846154 0.03365384615384615
0 0.33774038461538464 0.41346153846153844 0.036057692307692304 0.03125
0 0.5625 0.44591346153846156 0.08653846153846154 0.10817307692307693
0 0.8497596153846154 0.41225961538461536 0.10576923076923077 0.0673076923076923
0 0.7103365384615384 0.37259615384615385 0.07211538461538461 0.07451923076923077
0 0.6346153846153846 0.3581730769230769 0.0673076923076923 0.07932692307692307
0 0.3088942307692308 0.8954326923076923 0.052884615384615384 0.05048076923076923
0 0.056490384615384616 0.9519230769230769 0.038461538461538464 0.038461538461538464
0 0.42908653846153844 0.8245192307692307 0.07692307692307693 0.057692307692307696
0 0.18389423076923078 0.9735576923076923 0.055288461538461536 0.04807692307692308
0 0.2439903846153846 0.9411057692307693 0.0673076923076923 0.04567307692307692
0 0.09975961538461539 0.9939903846153846 0.03125 0.007211538461538462
0 0.14302884615384615 0.9795673076923077 0.03365384615384615 0.028846153846153848
0 0.6754807692307693 0.7884615384615384 0.10096153846153846 0.09134615384615384
0 0.984375 0.9927884615384616 0.016826923076923076 0.009615384615384616
0 0.9711538461538461 0.9771634615384616 0.009615384615384616 0.01201923076923077
0 0.9855769230769231 0.9603365384615384 0.016826923076923076 0.028846153846153848
0 0.9579326923076923 0.9519230769230769 0.014423076923076924 0.019230769230769232
0 0.9891826923076923 0.9086538461538461 0.016826923076923076 0.03365384615384615