0 0.027644230769230768 0.06370192307692307 0.055288461538461536 0.09375
0 0.1141826923076923 0.039663461538461536 0.0985576923076923 0.07932692307692307
0 0.06490384615384616 0.08533653846153846 0.0985576923076923 0.10336538461538461
0 0.018028846153846152 0.2620192307692308 0.036057692307692304 0.13942307692307693
0 0.6478365384615384 0.33774038461538464 0.20432692307692307 0.055288461538461536
0 0.8581730769230769 0.09254807692307693 0.18028846153846154 0.17307692307692307
0 0.5432692307692307 0.10336538461538461 0.08653846153846154 0.1346153846153846
0 0.23557692307692307 0.5096153846153846 0.03365384615384615 0.03125
0 0.11057692307692307 0.5144230769230769 0.03125 0.028846153846153848
0 0.08413461538461539 0.5348557692307693 0.02403846153846154 0.02403846153846154
0 0.021634615384615384 0.5144230769230769 0.02403846153846154 0.021634615384615384
0 0.10336538461538461 0.5420673076923077 0.03125 0.028846153846153848
0 0.6442307692307693 0.7548076923076923 0.09615384615384616 0.09615384615384616
0 0.9266826923076923 0.7980769230769231 0.14182692307692307 0.15384615384615385
0 0.5396634615384616 0.7379807692307693 0.07211538461538461 0.07211538461538461
0 0.5588942307692307 0.6658653846153846 0.07211538461538461 0.0673076923076923