0 0.16466346153846154 0.203125 0.07692307692307693 0.08173076923076923
0 0.3329326923076923 0.3942307692307692 0.09134615384615384 0.10817307692307693
0 0.5444711538461539 0.46033653846153844 0.20432692307692307 0.29086538461538464
0 0.030048076923076924 0.038461538461538464 0.026442307692307692 0.026442307692307692
0 0.08052884615384616 0.0985576923076923 0.038461538461538464 0.04326923076923077
0 0.11899038461538461 0.040865384615384616 0.04807692307692308 0.04807692307692308
0 0.9050480769230769 0.31850961538461536 0.11298076923076923 0.12980769230769232
0 0.015625 0.8810096153846154 0.03125 0.040865384615384616
0 0.41225961538461536 0.6826923076923077 0.25240384615384615 0.14903846153846154
0 0.36177884615384615 0.953125 0.12740384615384615 0.0889423076923077
0 0.02403846153846154 0.6634615384615384 0.04807692307692308 0.11057692307692307