0 0.28365384615384615 0.5625 0.036057692307692304 0.036057692307692304
0 0.21995192307692307 0.49038461538461536 0.04807692307692308 0.04807692307692308
0 0.19471153846153846 0.45552884615384615 0.038461538461538464 0.038461538461538464
0 0.31850961538461536 0.578125 0.040865384615384616 0.040865384615384616
0 0.18870192307692307 0.42908653846153844 0.05048076923076923 0.05048076923076923
0 0.22355769230769232 0.45913461538461536 0.055288461538461536 0.055288461538461536
0 0.1502403846153846 0.3798076923076923 0.04567307692307692 0.04567307692307692
0 0.2536057692307692 0.47596153846153844 0.040865384615384616 0.040865384615384616
0 0.1875 0.3918269230769231 0.05048076923076923 0.05048076923076923
0 0.22956730769230768 0.4338942307692308 0.04807692307692308 0.04807692307692308
0 0.23076923076923078 0.4098557692307692 0.0673076923076923 0.06490384615384616
0 0.2668269230769231 0.4387019230769231 0.06490384615384616 0.06490384615384616
0 0.18990384615384615 0.3545673076923077 0.057692307692307696 0.057692307692307696
0 0.30649038461538464 0.47716346153846156 0.1778846153846154 0.17548076923076922
0 0.18629807692307693 0.31971153846153844 0.052884615384615384 0.052884615384615384
0 0.22716346153846154 0.3545673076923077 0.0673076923076923 0.0673076923076923
0 0.28365384615384615 0.3894230769230769 0.06490384615384616 0.06490384615384616
0 0.1875 0.27403846153846156 0.09134615384615384 0.0889423076923077
0 0.23798076923076922 0.30408653846153844 0.07211538461538461 0.07211538461538461
0 0.4579326923076923 0.5336538461538461 0.07932692307692307 0.07932692307692307
0 0.2980769230769231 0.3425480769230769 0.08413461538461539 0.08413461538461539
0 0.30288461538461536 0.2764423076923077 0.09134615384615384 0.09134615384615384
0 0.3701923076923077 0.33052884615384615 0.09134615384615384 0.09134615384615384
0 0.3293269230769231 0.17668269230769232 0.14423076923076922 0.14423076923076922
0 0.3942307692307692 0.24519230769230768 0.13221153846153846 0.13221153846153846
0 0.25841346153846156 0.057692307692307696 0.3389423076923077 0.11538461538461539
0 0.2403846153846154 0.6358173076923077 0.021634615384615384 0.021634615384615384
0 0.14182692307692307 0.5300480769230769 0.03125 0.03125
0 0.20072115384615385 0.5769230769230769 0.02403846153846154 0.02403846153846154
0 0.22716346153846154 0.5985576923076923 0.036057692307692304 0.036057692307692304
0 0.2536057692307692 0.6165865384615384 0.03125 0.03125
0 0.11658653846153846 0.45552884615384615 0.038461538461538464 0.036057692307692304
0 0.19591346153846154 0.5276442307692307 0.04326923076923077 0.04326923076923077
0 0.2283653846153846 0.5612980769230769 0.03125 0.03365384615384615
0 0.16105769230769232 0.4831730769230769 0.03365384615384615 0.03365384615384615
0 0.265625 0.59375 0.04567307692307692 0.04326923076923077
0 0.19831730769230768 0.5072115384615384 0.03125 0.03125
0 0.29086538461538464 0.6033653846153846 0.04326923076923077 0.04326923076923077
0 0.3269230769230769 0.6394230769230769 0.03125 0.03125
0 0.2283653846153846 0.5264423076923077 0.07451923076923077 0.07451923076923077
0 0.1935096153846154 0.484375 0.040865384615384616 0.040865384615384616
0 0.21875 0.5096153846153846 0.036057692307692304 0.036057692307692304
0 0.9471153846153846 0.15384615384615385 0.10096153846153846 0.2980769230769231
0 0.9567307692307693 0.7367788461538461 0.08173076923076923 0.09375
0 0.8137019230769231 0.703125 0.06009615384615385 0.026442307692307692
0 0.8918269230769231 0.71875 0.07692307692307693 0.057692307692307696
0 0.9411057692307693 0.9254807692307693 0.04326923076923077 0.04326923076923077