0 0.21033653846153846 0.2512019230769231 0.055288461538461536 0.04567307692307692
0 0.4014423076923077 0.3088942307692308 0.2644230769230769 0.19471153846153846
0 0.006009615384615385 0.3641826923076923 0.01201923076923077 0.01201923076923077
0 0.04447115384615385 0.3858173076923077 0.026442307692307692 0.021634615384615384
0 0.042067307692307696 0.3605769230769231 0.02403846153846154 0.021634615384615384
0 0.06370192307692307 0.3894230769230769 0.019230769230769232 0.019230769230769232
0 0.078125 0.39663461538461536 0.03125 0.019230769230769232
0 0.052884615384615384 0.30649038461538464 0.05048076923076923 0.038461538461538464
0 0.07572115384615384 0.35697115384615385 0.021634615384615384 0.021634615384615384
0 0.09495192307692307 0.4014423076923077 0.036057692307692304 0.009615384615384616
0 0.109375 0.390625 0.040865384615384616 0.03125
0 0.4795673076923077 0.5072115384615384 0.13221153846153846 0.1971153846153846
0 0.3894230769230769 0.8197115384615384 0.20192307692307693 0.18269230769230768
0 0.4735576923076923 0.8269230769230769 0.14423076923076922 0.2644230769230769
0 0.28846153846153844 0.9651442307692307 0.1346153846153846 0.06490384615384616
0 0.3545673076923077 0.5769230769230769 0.38221153846153844 0.33653846153846156
0 0.6045673076923077 0.9182692307692307 0.11298076923076923 0.15865384615384615