0 0.5108173076923077 0.359375 0.06971153846153846 0.18990384615384615
0 0.3581730769230769 0.2800480769230769 0.12980769230769232 0.14182692307692307
0 0.020432692307692308 0.36778846153846156 0.040865384615384616 0.07692307692307693
0 0.14783653846153846 0.4699519230769231 0.06971153846153846 0.06971153846153846
0 0.6634615384615384 0.7307692307692307 0.057692307692307696 0.03365384615384615
0 0.7295673076923077 0.7223557692307693 0.03125 0.03125
0 0.6875 0.6502403846153846 0.03365384615384615 0.03365384615384615
0 0.7211538461538461 0.6730769230769231 0.03365384615384615 0.03125
0 0.71875 0.6370192307692307 0.03125 0.03125
0 0.7536057692307693 0.7451923076923077 0.026442307692307692 0.004807692307692308
0 0.640625 0.4891826923076923 0.18509615384615385 0.24759615384615385
0 0.7788461538461539 0.6286057692307693 0.14182692307692307 0.14423076923076922
0 0.015625 0.8641826923076923 0.03125 0.05048076923076923
0 0.016826923076923076 0.8389423076923077 0.03365384615384615 0.057692307692307696
0 0.10576923076923077 0.8689903846153846 0.06971153846153846 0.0673076923076923
0 0.26802884615384615 0.9194711538461539 0.08653846153846154 0.08413461538461539
0 0.2247596153846154 0.8737980769230769 0.08413461538461539 0.07932692307692307
0 0.13701923076923078 0.8221153846153846 0.07932692307692307 0.08173076923076923
0 0.4831730769230769 0.9471153846153846 0.125 0.10096153846153846
0 0.27403846153846156 0.7800480769230769 0.16826923076923078 0.06009615384615385
0 0.4675480769230769 0.8233173076923077 0.15625 0.1466346153846154
0 0.9723557692307693 0.8088942307692307 0.05048076923076923 0.07451923076923077
0 0.9819711538461539 0.7800480769230769 0.03125 0.06009615384615385