0 0.296875 0.5372596153846154 0.09134615384615384 0.08413461538461539
0 0.3088942307692308 0.10096153846153846 0.19471153846153846 0.20192307692307693
0 0.038461538461538464 0.3701923076923077 0.07692307692307693 0.20673076923076922
0 0.2956730769230769 0.5685096153846154 0.0625 0.055288461538461536
0 0.6670673076923077 0.24158653846153846 0.08653846153846154 0.08653846153846154
0 0.7007211538461539 0.49278846153846156 0.06490384615384616 0.06490384615384616
0 0.6778846153846154 0.3485576923076923 0.0985576923076923 0.10336538461538461
0 0.6826923076923077 0.4182692307692308 0.06971153846153846 0.07211538461538461
0 0.6826923076923077 0.44711538461538464 0.06971153846153846 0.07211538461538461
0 0.6947115384615384 0.5180288461538461 0.03365384615384615 0.03365384615384615
0 0.37259615384615385 0.8485576923076923 0.12980769230769232 0.1346153846153846
0 0.4098557692307692 0.8461538461538461 0.055288461538461536 0.125
0 0.40625 0.9435096153846154 0.0625 0.0889423076923077
0 0.3605769230769231 0.9699519230769231 0.09134615384615384 0.055288461538461536
0 0.8112980769230769 0.9795673076923077 0.09375 0.036057692307692304
0 0.9867788461538461 0.9831730769230769 0.021634615384615384 0.028846153846153848
0 0.9579326923076923 0.8016826923076923 0.07932692307692307 0.12259615384615384
0 0.8317307692307693 0.8449519230769231 0.1466346153846154 0.14903846153846154