0 0.14903846153846154 0.03485576923076923 0.10096153846153846 0.06971153846153846
0 0.08413461538461539 0.010817307692307692 0.08653846153846154 0.021634615384615384
0 0.8100961538461539 0.25841346153846156 0.0889423076923077 0.09375
0 0.8713942307692307 0.04807692307692308 0.036057692307692304 0.038461538461538464
0 0.8581730769230769 0.0673076923076923 0.040865384615384616 0.040865384615384616
0 0.8954326923076923 0.16947115384615385 0.13942307692307693 0.1346153846153846
0 0.7259615384615384 0.1658653846153846 0.0985576923076923 0.09615384615384616
0 0.7776442307692307 0.13341346153846154 0.07692307692307693 0.07692307692307693
0 0.7896634615384616 0.09975961538461539 0.0625 0.06009615384615385
0 0.8004807692307693 0.06610576923076923 0.06009615384615385 0.057692307692307696
0 0.8161057692307693 0.04326923076923077 0.04807692307692308 0.04567307692307692
0 0.8365384615384616 0.019230769230769232 0.04326923076923077 0.038461538461538464
0 0.8425480769230769 0.009615384615384616 0.040865384615384616 0.019230769230769232
0 0.8197115384615384 0.22115384615384615 0.10096153846153846 0.0985576923076923
0 0.8293269230769231 0.17427884615384615 0.07451923076923077 0.07451923076923077
0 0.8473557692307693 0.13341346153846154 0.0673076923076923 0.0673076923076923
0 0.8461538461538461 0.1045673076923077 0.055288461538461536 0.052884615384615384
0 0.8581730769230769 0.07932692307692307 0.04807692307692308 0.04567307692307692
0 0.8629807692307693 0.055288461538461536 0.04807692307692308 0.04567307692307692
0 0.8701923076923077 0.038461538461538464 0.036057692307692304 0.036057692307692304
0 0.8737980769230769 0.030048076923076924 0.03125 0.03125
0 0.8762019230769231 0.018028846153846152 0.036057692307692304 0.03365384615384615
0 0.8786057692307693 0.01201923076923077 0.036057692307692304 0.02403846153846154
0 0.8774038461538461 0.2776442307692308 0.0985576923076923 0.0985576923076923
0 0.9723557692307693 0.41346153846153844 0.05048076923076923 0.09134615384615384
0 0.9699519230769231 0.27163461538461536 0.055288461538461536 0.07692307692307693
0 0.8954326923076923 0.11057692307692307 0.04567307692307692 0.04326923076923077
0 0.9002403846153846 0.08774038461538461 0.04326923076923077 0.04326923076923077
0 0.9026442307692307 0.06850961538461539 0.038461538461538464 0.038461538461538464
0 0.9086538461538461 0.04807692307692308 0.04326923076923077 0.04326923076923077
0 0.9567307692307693 0.8533653846153846 0.03125 0.03125
0 0.7584134615384616 0.7920673076923077 0.08173076923076923 0.08173076923076923
0 0.9807692307692307 0.9326923076923077 0.03365384615384615 0.04807692307692308
0 0.9110576923076923 0.8341346153846154 0.04807692307692308 0.04807692307692308