0 0.0829326923076923 0.10216346153846154 0.1658653846153846 0.20432692307692307
0 0.038461538461538464 0.15865384615384615 0.07692307692307693 0.1971153846153846
0 0.22235576923076922 0.051682692307692304 0.12259615384615384 0.10336538461538461
0 0.2644230769230769 0.15985576923076922 0.0985576923076923 0.10096153846153846
0 0.2956730769230769 0.39783653846153844 0.12259615384615384 0.1201923076923077
0 0.5024038461538461 0.5576923076923077 0.08653846153846154 0.019230769230769232
0 0.8737980769230769 0.20432692307692307 0.05048076923076923 0.055288461538461536
0 0.8834134615384616 0.04447115384615385 0.036057692307692304 0.03365384615384615
0 0.8653846153846154 0.38822115384615385 0.10096153846153846 0.10576923076923077
0 0.5108173076923077 0.7127403846153846 0.10336538461538461 0.10096153846153846
0 0.32091346153846156 0.8509615384615384 0.25 0.22355769230769232
0 0.9675480769230769 0.7860576923076923 0.06009615384615385 0.08653846153846154
0 0.9723557692307693 0.7475961538461539 0.05048076923076923 0.0625
0 0.7391826923076923 0.6682692307692307 0.2860576923076923 0.1971153846153846
0 0.7824519230769231 0.6021634615384616 0.0889423076923077 0.06490384615384616