0 0.24158653846153846 0.5084134615384616 0.23317307692307693 0.23557692307692307
0 0.140625 0.46033653846153844 0.22596153846153846 0.23076923076923078
0 0.46153846153846156 0.25961538461538464 0.11057692307692307 0.1346153846153846
0 0.4110576923076923 0.21394230769230768 0.12980769230769232 0.11298076923076923
0 0.5564903846153846 0.16346153846153846 0.06971153846153846 0.0673076923076923
0 0.6213942307692307 0.04447115384615385 0.05048076923076923 0.05048076923076923
0 0.7331730769230769 0.09014423076923077 0.0625 0.06971153846153846
0 0.5588942307692307 0.6430288461538461 0.07932692307692307 0.04567307692307692
0 0.5372596153846154 0.44591346153846156 0.036057692307692304 0.15625
0 0.18509615384615385 0.8305288461538461 0.12259615384615384 0.12980769230769232
0 0.2692307692307692 0.796875 0.08653846153846154 0.09134615384615384
0 0.23317307692307693 0.7632211538461539 0.06009615384615385 0.06490384615384616
0 0.31490384615384615 0.7271634615384616 0.03365384615384615 0.038461538461538464
0 0.31850961538461536 0.6923076923076923 0.026442307692307692 0.03125
0 0.36538461538461536 0.6778846153846154 0.02403846153846154 0.019230769230769232
0 0.04807692307692308 0.7896634615384616 0.06490384615384616 0.052884615384615384
0 0.19591346153846154 0.7151442307692307 0.038461538461538464 0.038461538461538464
0 0.15745192307692307 0.7175480769230769 0.040865384615384616 0.036057692307692304
0 0.22235576923076922 0.6959134615384616 0.02403846153846154 0.026442307692307692
0 0.23918269230769232 0.6742788461538461 0.03125 0.01201923076923077