0 0.38341346153846156 0.46033653846153844 0.1658653846153846 0.17067307692307693
0 0.22355769230769232 0.26802884615384615 0.25 0.2764423076923077
0 0.9230769230769231 0.4230769230769231 0.0625 0.0625
0 0.8461538461538461 0.5120192307692307 0.038461538461538464 0.038461538461538464
0 0.9435096153846154 0.4855769230769231 0.0625 0.055288461538461536
0 0.7355769230769231 0.34134615384615385 0.08173076923076923 0.07932692307692307
0 0.8521634615384616 0.45552884615384615 0.06490384615384616 0.06009615384615385
0 0.8810096153846154 0.5408653846153846 0.04567307692307692 0.009615384615384616
0 0.9651442307692307 0.5360576923076923 0.040865384615384616 0.019230769230769232
0 0.9735576923076923 0.44591346153846156 0.04807692307692308 0.0985576923076923
0 0.9819711538461539 0.5084134615384616 0.03125 0.06490384615384616
0 0.2848557692307692 0.8774038461538461 0.0889423076923077 0.09375
0 0.2956730769230769 0.9411057692307693 0.052884615384615384 0.04807692307692308
0 0.3557692307692308 0.8858173076923077 0.07932692307692307 0.08413461538461539
0 0.35336538461538464 0.9411057692307693 0.08173076923076923 0.08173076923076923
0 0.3701923076923077 0.9723557692307693 0.0673076923076923 0.05048076923076923
0 0.7007211538461539 0.9819711538461539 0.11778846153846154 0.03125
0 0.8329326923076923 0.9423076923076923 0.18028846153846154 0.11057692307692307
0 0.5612980769230769 0.8966346153846154 0.18509615384615385 0.20192307692307693