0 0.021634615384615384 0.25961538461538464 0.04326923076923077 0.1346153846153846
0 0.5096153846153846 0.13701923076923078 0.04326923076923077 0.04807692307692308
0 0.5024038461538461 0.038461538461538464 0.028846153846153848 0.03365384615384615
0 0.109375 0.9747596153846154 0.16105769230769232 0.04567307692307692
0 0.13221153846153846 0.7692307692307693 0.22596153846153846 0.22596153846153846
0 0.07451923076923077 0.5300480769230769 0.14903846153846154 0.15625
0 0.07211538461538461 0.7379807692307693 0.14423076923076922 0.1971153846153846
0 0.019230769230769232 0.9651442307692307 0.038461538461538464 0.06490384615384616
0 0.6009615384615384 0.6995192307692307 0.16105769230769232 0.16105769230769232
0 0.734375 0.4543269230769231 0.09134615384615384 0.09134615384615384
0 0.7355769230769231 0.33774038461538464 0.07211538461538461 0.016826923076923076
0 0.6201923076923077 0.3485576923076923 0.057692307692307696 0.038461538461538464