0 0.004807692307692308 0.8617788461538461 0.009615384615384616 0.036057692307692304
0 0.010817307692307692 0.7920673076923077 0.021634615384615384 0.05048076923076923
0 0.34615384615384615 0.9735576923076923 0.0625 0.04807692307692308
0 0.2536057692307692 0.8581730769230769 0.24759615384615385 0.27884615384615385
0 0.30408653846153844 0.7139423076923077 0.08173076923076923 0.08413461538461539
0 0.35697115384615385 0.7980769230769231 0.040865384615384616 0.1346153846153846
0 0.11658653846153846 0.4495192307692308 0.16105769230769232 0.0625
0 0.037259615384615384 0.9879807692307693 0.026442307692307692 0.019230769230769232
0 0.44711538461538464 0.9350961538461539 0.11057692307692307 0.11298076923076923
0 0.5396634615384616 0.9675480769230769 0.15144230769230768 0.06009615384615385
0 0.4807692307692308 0.5300480769230769 0.20192307692307693 0.22355769230769232
0 0.9338942307692307 0.8822115384615384 0.12740384615384615 0.23076923076923078