0 0.34375 0.5 0.2548076923076923 0.11057692307692307
0 0.4423076923076923 0.20432692307692307 0.14423076923076922 0.1466346153846154
0 0.5456730769230769 0.36899038461538464 0.04326923076923077 0.18028846153846154
0 0.6237980769230769 0.2980769230769231 0.10817307692307693 0.125
0 0.7223557692307693 0.23798076923076922 0.09375 0.10096153846153846
0 0.9771634615384616 0.10216346153846154 0.040865384615384616 0.04567307692307692
0 0.7475961538461539 0.4651442307692308 0.12980769230769232 0.15625
0 0.8016826923076923 0.18389423076923078 0.08173076923076923 0.08653846153846154
0 0.8617788461538461 0.1622596153846154 0.052884615384615384 0.057692307692307696
0 0.9435096153846154 0.10697115384615384 0.040865384615384616 0.0625
0 0.9182692307692307 0.12620192307692307 0.052884615384615384 0.055288461538461536
0 0.3473557692307692 0.5841346153846154 0.10336538461538461 0.052884615384615384
0 0.24639423076923078 0.5841346153846154 0.0985576923076923 0.052884615384615384
0 0.15625 0.5805288461538461 0.08653846153846154 0.04567307692307692
0 0.6274038461538461 0.8016826923076923 0.11538461538461539 0.13701923076923078
0 0.7283653846153846 0.7439903846153846 0.0985576923076923 0.10576923076923077