0 0.09735576923076923 0.2439903846153846 0.19471153846153846 0.10336538461538461
0 0.18269230769230768 0.14423076923076922 0.05048076923076923 0.05048076923076923
0 0.1310096153846154 0.20793269230769232 0.06009615384615385 0.06009615384615385
0 0.19591346153846154 0.030048076923076924 0.036057692307692304 0.036057692307692304
0 0.14543269230769232 0.15625 0.06009615384615385 0.0625
0 0.578125 0.046875 0.016826923076923076 0.07451923076923077
0 0.7283653846153846 0.10336538461538461 0.13701923076923078 0.1346153846153846
0 0.6358173076923077 0.24759615384615385 0.13221153846153846 0.09615384615384616
0 0.28966346153846156 0.3870192307692308 0.08653846153846154 0.08653846153846154
0 0.2692307692307692 0.47475961538461536 0.09375 0.09375
0 0.3329326923076923 0.43990384615384615 0.08653846153846154 0.08653846153846154
0 0.6995192307692307 0.9098557692307693 0.25961538461538464 0.17548076923076922
0 0.7139423076923077 0.3088942307692308 0.07692307692307693 0.021634615384615384