0 0.39663461538461536 0.11057692307692307 0.1466346153846154 0.15144230769230768
0 0.46274038461538464 0.2980769230769231 0.1658653846153846 0.17067307692307693
0 0.47475961538461536 0.4170673076923077 0.3629807692307692 0.18028846153846154
0 0.9747596153846154 0.2776442307692308 0.04567307692307692 0.12740384615384615
0 0.6237980769230769 0.6081730769230769 0.06490384615384616 0.09134615384615384
0 0.4483173076923077 0.5384615384615384 0.04326923076923077 0.040865384615384616
0 0.21995192307692307 0.5336538461538461 0.07932692307692307 0.04807692307692308
0 0.24519230769230768 0.5637019230769231 0.08413461538461539 0.08173076923076923
0 0.13822115384615385 0.5504807692307693 0.10336538461538461 0.08173076923076923
0 0.16826923076923078 0.5889423076923077 0.09134615384615384 0.0889423076923077
0 0.046875 0.5600961538461539 0.09375 0.10096153846153846
0 0.04927884615384615 0.6262019230769231 0.0985576923076923 0.11778846153846154