0 0.36778846153846156 0.3401442307692308 0.07692307692307693 0.10336538461538461
0 0.21995192307692307 0.40865384615384615 0.08413461538461539 0.08173076923076923
0 0.2548076923076923 0.3329326923076923 0.0985576923076923 0.08413461538461539
0 0.6947115384615384 0.3798076923076923 0.057692307692307696 0.052884615384615384
0 0.7716346153846154 0.26322115384615385 0.10576923076923077 0.10096153846153846
0 0.5673076923076923 0.41466346153846156 0.04567307692307692 0.040865384615384616
0 0.8185096153846154 0.2548076923076923 0.08413461538461539 0.07932692307692307
0 0.640625 0.2860576923076923 0.0985576923076923 0.10336538461538461
0 0.625 0.42427884615384615 0.05048076923076923 0.05048076923076923
0 0.6322115384615384 0.4483173076923077 0.04567307692307692 0.040865384615384616
0 0.5973557692307693 0.3605769230769231 0.07692307692307693 0.08653846153846154
0 0.7115384615384616 0.32091346153846156 0.06971153846153846 0.0673076923076923
0 0.7451923076923077 0.34134615384615385 0.07451923076923077 0.07451923076923077
0 0.578125 0.5084134615384616 0.06490384615384616 0.057692307692307696
0 0.38221153846153844 0.8377403846153846 0.03365384615384615 0.03125
0 0.08774038461538461 0.9423076923076923 0.08653846153846154 0.07932692307692307
0 0.03365384615384615 0.9627403846153846 0.02403846153846154 0.021634615384615384
0 0.9459134615384616 0.7740384615384616 0.0625 0.06971153846153846
0 0.8617788461538461 0.8064903846153846 0.055288461538461536 0.055288461538461536
0 0.984375 0.7451923076923077 0.026442307692307692 0.07211538461538461
0 0.8088942307692307 0.78125 0.06971153846153846 0.07211538461538461
0 0.9519230769230769 0.6899038461538461 0.08173076923076923 0.09375
0 0.44711538461538464 0.8774038461538461 0.07692307692307693 0.10096153846153846
0 0.8137019230769231 0.6850961538461539 0.09375 0.09615384615384616
0 0.9915865384615384 0.9278846153846154 0.01201923076923077 0.01201923076923077
0 0.9927884615384616 0.921875 0.009615384615384616 0.026442307692307692
0 0.9615384615384616 0.9182692307692307 0.02403846153846154 0.021634615384615384
0 0.9819711538461539 0.9050480769230769 0.02403846153846154 0.019230769230769232
0 0.8990384615384616 0.9086538461538461 0.026442307692307692 0.028846153846153848
0 0.9831730769230769 0.8088942307692307 0.028846153846153848 0.055288461538461536