0 0.14783653846153846 0.515625 0.13221153846153846 0.13701923076923078
0 0.0829326923076923 0.3473557692307692 0.1658653846153846 0.2091346153846154
0 0.07932692307692307 0.5324519230769231 0.15625 0.15625
0 0.17307692307692307 0.6442307692307693 0.11538461538461539 0.0625
0 0.13701923076923078 0.3269230769230769 0.15384615384615385 0.15144230769230768
0 0.12379807692307693 0.09735576923076923 0.24759615384615385 0.19471153846153846
0 0.11177884615384616 0.6610576923076923 0.0985576923076923 0.028846153846153848
0 0.04807692307692308 0.5132211538461539 0.09615384615384616 0.20432692307692307
0 0.6514423076923077 0.015625 0.16346153846153846 0.03125
0 0.7848557692307693 0.3401442307692308 0.17307692307692307 0.16826923076923078
0 0.7740384615384616 0.10576923076923077 0.2403846153846154 0.21153846153846154
0 0.7908653846153846 0.5805288461538461 0.22115384615384615 0.18990384615384615
0 0.39903846153846156 0.9038461538461539 0.11778846153846154 0.11778846153846154
0 0.3641826923076923 0.7692307692307693 0.19471153846153846 0.18269230769230768
0 0.27163461538461536 0.96875 0.22115384615384615 0.057692307692307696
0 0.8221153846153846 0.9206730769230769 0.06971153846153846 0.06009615384615385
0 0.8329326923076923 0.9903846153846154 0.04567307692307692 0.014423076923076924
0 0.9026442307692307 0.9915865384615384 0.036057692307692304 0.01201923076923077