0 0.22956730769230768 0.13581730769230768 0.04567307692307692 0.040865384615384616
0 0.28966346153846156 0.056490384615384616 0.03125 0.026442307692307692
0 0.4579326923076923 0.23557692307692307 0.055288461538461536 0.17307692307692307
0 0.39302884615384615 0.13581730769230768 0.13942307692307693 0.125
0 0.2920673076923077 0.09975961538461539 0.040865384615384616 0.03365384615384615
0 0.26322115384615385 0.08653846153846154 0.028846153846153848 0.03125
0 0.23197115384615385 0.0733173076923077 0.036057692307692304 0.03125
0 0.21153846153846154 0.06009615384615385 0.036057692307692304 0.03125
0 0.18990384615384615 0.046875 0.026442307692307692 0.026442307692307692
0 0.17427884615384615 0.037259615384615384 0.026442307692307692 0.026442307692307692
0 0.15985576923076922 0.03125 0.019230769230769232 0.019230769230769232
0 0.14302884615384615 0.02403846153846154 0.026442307692307692 0.021634615384615384
0 0.1310096153846154 0.020432692307692308 0.01201923076923077 0.014423076923076924
0 0.11778846153846154 0.014423076923076924 0.019230769230769232 0.016826923076923076
0 0.08533653846153846 0.014423076923076924 0.016826923076923076 0.014423076923076924
0 0.19110576923076922 0.013221153846153846 0.026442307692307692 0.021634615384615384
0 0.96875 0.24879807692307693 0.057692307692307696 0.07932692307692307
0 0.8617788461538461 0.24158653846153846 0.06490384615384616 0.0625
0 0.9086538461538461 0.20793269230769232 0.0625 0.06490384615384616
0 0.4362980769230769 0.36899038461538464 0.01201923076923077 0.002403846153846154
0 0.11778846153846154 0.59375 0.07692307692307693 0.09134615384615384
0 0.20673076923076922 0.6670673076923077 0.08173076923076923 0.07692307692307693
0 0.36177884615384615 0.5264423076923077 0.040865384615384616 0.04807692307692308
0 0.42427884615384615 0.45913461538461536 0.052884615384615384 0.08413461538461539
0 0.4110576923076923 0.3798076923076923 0.03365384615384615 0.02403846153846154
0 0.39302884615384615 0.3762019230769231 0.007211538461538462 0.016826923076923076
0 0.7920673076923077 0.390625 0.02403846153846154 0.026442307692307692
0 0.9663461538461539 0.42908653846153844 0.03125 0.03125
0 0.8413461538461539 0.4567307692307692 0.036057692307692304 0.036057692307692304
0 0.6346153846153846 0.5096153846153846 0.05048076923076923 0.04567307692307692
0 0.8882211538461539 0.5504807692307693 0.05048076923076923 0.055288461538461536
0 0.9399038461538461 0.8978365384615384 0.10096153846153846 0.13701923076923078
0 0.8882211538461539 0.3713942307692308 0.021634615384615384 0.007211538461538462
0 0.8713942307692307 0.3762019230769231 0.026442307692307692 0.016826923076923076
0 0.7824519230769231 0.375 0.021634615384615384 0.014423076923076924