0 0.28125 0.039663461538461536 0.038461538461538464 0.038461538461538464
0 0.25600961538461536 0.1658653846153846 0.06490384615384616 0.07692307692307693
0 0.3161057692307692 0.07451923076923077 0.06490384615384616 0.0673076923076923
0 0.3161057692307692 0.13701923076923078 0.06490384615384616 0.07211538461538461
0 0.3125 0.20192307692307693 0.10576923076923077 0.10817307692307693
0 0.328125 0.3786057692307692 0.10576923076923077 0.11298076923076923
0 0.3173076923076923 0.49038461538461536 0.15384615384615385 0.09134615384615384
0 0.6370192307692307 0.09615384615384616 0.15865384615384615 0.19230769230769232
0 0.9362980769230769 0.2848557692307692 0.09134615384615384 0.08413461538461539
0 0.9230769230769231 0.21995192307692307 0.07692307692307693 0.07451923076923077
0 0.9699519230769231 0.19591346153846154 0.055288461538461536 0.11778846153846154
0 0.8870192307692307 0.06009615384615385 0.055288461538461536 0.05048076923076923
0 0.8774038461538461 0.004807692307692308 0.038461538461538464 0.009615384615384616
0 0.9603365384615384 0.028846153846153848 0.06490384615384616 0.057692307692307696
0 0.28846153846153844 0.9014423076923077 0.14182692307692307 0.12740384615384615
0 0.18389423076923078 0.5649038461538461 0.07451923076923077 0.052884615384615384
0 0.08774038461538461 0.703125 0.0673076923076923 0.0673076923076923