0 0.07572115384615384 0.46274038461538464 0.15144230769230768 0.026442307692307692
0 0.4170673076923077 0.13701923076923078 0.016826923076923076 0.038461538461538464
0 0.41466346153846156 0.19110576923076922 0.01201923076923077 0.040865384615384616
0 0.41466346153846156 0.26802884615384615 0.01201923076923077 0.055288461538461536
0 0.4254807692307692 0.22716346153846154 0.03365384615384615 0.04567307692307692
0 0.43149038461538464 0.26322115384615385 0.04567307692307692 0.06009615384615385
0 0.44350961538461536 0.19831730769230768 0.04807692307692308 0.04326923076923077
0 0.42908653846153844 0.35216346153846156 0.040865384615384616 0.06490384615384616
0 0.4483173076923077 0.32572115384615385 0.06009615384615385 0.06009615384615385
0 0.4387019230769231 0.4050480769230769 0.06009615384615385 0.06971153846153846
0 0.48677884615384615 0.28846153846153844 0.08173076923076923 0.07451923076923077
0 0.4579326923076923 0.4495192307692308 0.08413461538461539 0.052884615384615384
0 0.4795673076923077 0.4014423076923077 0.07451923076923077 0.08173076923076923
0 0.6382211538461539 0.41586538461538464 0.16346153846153846 0.11538461538461539
0 0.9242788461538461 0.421875 0.1466346153846154 0.10817307692307693
0 0.17668269230769232 0.9459134615384616 0.15144230769230768 0.10336538461538461
0 0.08533653846153846 0.8798076923076923 0.12740384615384615 0.13942307692307693
0 0.08774038461538461 0.6947115384615384 0.0985576923076923 0.0985576923076923
0 0.051682692307692304 0.7319711538461539 0.07211538461538461 0.07932692307692307
0 0.025240384615384616 0.515625 0.05048076923076923 0.057692307692307696
0 0.5192307692307693 0.5024038461538461 0.0673076923076923 0.04807692307692308
0 0.7764423076923077 0.96875 0.19230769230769232 0.057692307692307696
0 0.578125 0.6262019230769231 0.09375 0.0985576923076923
0 0.5480769230769231 0.6274038461538461 0.07211538461538461 0.07932692307692307
0 0.5252403846153846 0.7391826923076923 0.07211538461538461 0.08413461538461539
0 0.6129807692307693 0.9699519230769231 0.17307692307692307 0.055288461538461536