0 0.19471153846153846 0.5564903846153846 0.04326923076923077 0.040865384615384616
0 0.3858173076923077 0.4519230769230769 0.07451923076923077 0.07451923076923077
0 0.5973557692307693 0.3016826923076923 0.06009615384615385 0.1466346153846154
0 0.40024038461538464 0.5108173076923077 0.05048076923076923 0.04326923076923077
0 0.140625 0.5805288461538461 0.02403846153846154 0.02403846153846154
0 0.10336538461538461 0.5877403846153846 0.02403846153846154 0.016826923076923076
0 0.042067307692307696 0.59375 0.021634615384615384 0.004807692307692308
0 0.014423076923076924 0.5228365384615384 0.02403846153846154 0.028846153846153848
0 0.002403846153846154 0.5408653846153846 0.004807692307692308 0.038461538461538464
0 0.007211538461538462 0.5673076923076923 0.014423076923076924 0.02403846153846154
0 0.021634615384615384 0.5709134615384616 0.019230769230769232 0.021634615384615384
0 0.7740384615384616 0.09615384615384616 0.23076923076923078 0.19230769230769232
0 0.9867788461538461 0.4230769230769231 0.021634615384615384 0.07211538461538461
0 0.8052884615384616 0.3401442307692308 0.0889423076923077 0.07692307692307693
0 0.7620192307692307 0.2091346153846154 0.12259615384615384 0.12259615384615384
0 0.6550480769230769 0.12740384615384615 0.05048076923076923 0.14903846153846154
0 0.9519230769230769 0.421875 0.057692307692307696 0.04567307692307692
0 0.9675480769230769 0.43509615384615385 0.06009615384615385 0.057692307692307696
0 0.9362980769230769 0.39663461538461536 0.07211538461538461 0.07932692307692307
0 0.9855769230769231 0.46875 0.02403846153846154 0.04326923076923077
0 0.9603365384615384 0.4891826923076923 0.052884615384615384 0.052884615384615384
0 0.9507211538461539 0.31490384615384615 0.09375 0.09134615384615384
0 0.8786057692307693 0.33533653846153844 0.10336538461538461 0.08413461538461539
0 0.4675480769230769 0.7836538461538461 0.08173076923076923 0.07211538461538461
0 0.33052884615384615 0.7331730769230769 0.06971153846153846 0.06490384615384616
0 0.3545673076923077 0.7668269230769231 0.0625 0.06009615384615385
0 0.2920673076923077 0.7848557692307693 0.0625 0.057692307692307696
0 0.21995192307692307 0.7223557692307693 0.05048076923076923 0.04807692307692308
0 0.22355769230769232 0.7596153846153846 0.040865384615384616 0.038461538461538464
0 0.25240384615384615 0.7884615384615384 0.036057692307692304 0.036057692307692304
0 0.21754807692307693 0.7944711538461539 0.038461538461538464 0.036057692307692304
0 0.16346153846153846 0.8173076923076923 0.10817307692307693 0.11057692307692307
0 0.33052884615384615 0.8064903846153846 0.0625 0.055288461538461536
0 0.3245192307692308 0.8305288461538461 0.06009615384615385 0.05048076923076923
0 0.10576923076923077 0.7752403846153846 0.036057692307692304 0.036057692307692304
0 0.10576923076923077 0.8269230769230769 0.03125 0.028846153846153848
0 0.07572115384615384 0.8125 0.028846153846153848 0.028846153846153848
0 0.04567307692307692 0.8221153846153846 0.02403846153846154 0.02403846153846154
0 0.020432692307692308 0.8040865384615384 0.02403846153846154 0.02403846153846154
0 0.0985576923076923 0.8557692307692307 0.02403846153846154 0.02403846153846154
0 0.06009615384615385 0.8605769230769231 0.019230769230769232 0.021634615384615384
0 0.03365384615384615 0.8521634615384616 0.02403846153846154 0.028846153846153848
0 0.013221153846153846 0.8293269230769231 0.019230769230769232 0.021634615384615384
0 0.002403846153846154 0.8317307692307693 0.004807692307692308 0.02403846153846154
0 0.7247596153846154 0.6670673076923077 0.18990384615384615 0.13701923076923078