0 0.28125 0.5420673076923077 0.055288461538461536 0.06009615384615385
0 0.7379807692307693 0.5685096153846154 0.0673076923076923 0.036057692307692304
0 0.8004807692307693 0.5456730769230769 0.07932692307692307 0.08413461538461539
0 0.8834134615384616 0.48197115384615385 0.09134615384615384 0.07932692307692307
0 0.7920673076923077 0.4831730769230769 0.08173076923076923 0.07211538461538461
0 0.9831730769230769 0.4375 0.028846153846153848 0.09134615384615384
0 0.9603365384615384 0.4026442307692308 0.07451923076923077 0.0889423076923077
0 0.8305288461538461 0.359375 0.11778846153846154 0.09375
0 0.125 0.9122596153846154 0.038461538461538464 0.038461538461538464
0 0.08653846153846154 0.9194711538461539 0.040865384615384616 0.04326923076923077
0 0.43028846153846156 0.6598557692307693 0.19230769230769232 0.14182692307692307
0 0.24639423076923078 0.7956730769230769 0.08173076923076923 0.06971153846153846
0 0.3329326923076923 0.6358173076923077 0.12259615384615384 0.09375
0 0.9891826923076923 0.9795673076923077 0.016826923076923076 0.036057692307692304
0 0.7992788461538461 0.8004807692307693 0.12980769230769232 0.11057692307692307