0 0.1141826923076923 0.49759615384615385 0.2283653846153846 0.11538461538461539
0 0.11538461538461539 0.6225961538461539 0.16346153846153846 0.16105769230769232
0 0.16706730769230768 0.8425480769230769 0.0889423076923077 0.09134615384615384
0 0.13701923076923078 0.7584134615384616 0.17307692307692307 0.1778846153846154
0 0.17908653846153846 0.96875 0.057692307692307696 0.06009615384615385
0 0.125 0.9903846153846154 0.04807692307692308 0.014423076923076924
0 0.8966346153846154 0.7992788461538461 0.04567307692307692 0.04807692307692308
0 0.9375 0.8257211538461539 0.052884615384615384 0.057692307692307696
0 0.8521634615384616 0.7596153846153846 0.06971153846153846 0.06971153846153846
0 0.8533653846153846 0.7151442307692307 0.06971153846153846 0.06971153846153846
0 0.5697115384615384 0.48197115384615385 0.0625 0.08413461538461539
0 0.9086538461538461 0.7379807692307693 0.06971153846153846 0.06971153846153846
0 0.9639423076923077 0.7704326923076923 0.06971153846153846 0.07211538461538461
0 0.8786057692307693 0.9915865384615384 0.016826923076923076 0.01201923076923077
0 0.8617788461538461 0.9831730769230769 0.014423076923076924 0.014423076923076924
0 0.8713942307692307 0.9819711538461539 0.016826923076923076 0.016826923076923076
0 0.8473557692307693 0.9555288461538461 0.019230769230769232 0.019230769230769232
0 0.8954326923076923 0.9903846153846154 0.01201923076923077 0.01201923076923077
0 0.8677884615384616 0.96875 0.014423076923076924 0.014423076923076924
0 0.890625 0.9819711538461539 0.016826923076923076 0.016826923076923076
0 0.90625 0.9879807692307693 0.014423076923076924 0.014423076923076924
0 0.8882211538461539 0.96875 0.014423076923076924 0.014423076923076924
0 0.9050480769230769 0.9783653846153846 0.02403846153846154 0.02403846153846154
0 0.8497596153846154 0.9314903846153846 0.026442307692307692 0.026442307692307692
0 0.8870192307692307 0.9543269230769231 0.02403846153846154 0.02403846153846154
0 0.90625 0.9663461538461539 0.02403846153846154 0.026442307692307692
0 0.8209134615384616 0.9002403846153846 0.028846153846153848 0.03125
0 0.8677884615384616 0.9194711538461539 0.028846153846153848 0.03125
0 0.8485576923076923 0.9050480769230769 0.02403846153846154 0.026442307692307692
0 0.9098557692307693 0.9471153846153846 0.019230769230769232 0.019230769230769232
0 0.8341346153846154 0.8689903846153846 0.02403846153846154 0.026442307692307692
0 0.9110576923076923 0.9254807692307693 0.028846153846153848 0.03125
0 0.8617788461538461 0.8846153846153846 0.02403846153846154 0.026442307692307692
0 0.8882211538461539 0.9038461538461539 0.03365384615384615 0.03365384615384615
0 0.8569711538461539 0.8689903846153846 0.02403846153846154 0.02403846153846154
0 0.9170673076923077 0.9026442307692307 0.03365384615384615 0.036057692307692304
0 0.8617788461538461 0.8557692307692307 0.026442307692307692 0.026442307692307692
0 0.8569711538461539 0.8389423076923077 0.03365384615384615 0.03365384615384615
0 0.8557692307692307 0.8221153846153846 0.04326923076923077 0.04326923076923077
0 0.9266826923076923 0.8665865384615384 0.04567307692307692 0.04807692307692308
0 0.8533653846153846 0.7944711538461539 0.052884615384615384 0.055288461538461536
0 0.5913461538461539 0.5480769230769231 0.10576923076923077 0.18269230769230768