0 0.04807692307692308 0.4230769230769231 0.07211538461538461 0.07211538461538461
0 0.3786057692307692 0.21394230769230768 0.11778846153846154 0.25
0 0.9831730769230769 0.3894230769230769 0.028846153846153848 0.11057692307692307
0 0.5432692307692307 0.12980769230769232 0.04567307692307692 0.04567307692307692
0 0.4879807692307692 0.2548076923076923 0.036057692307692304 0.036057692307692304
0 0.5096153846153846 0.2620192307692308 0.040865384615384616 0.040865384615384616
0 0.6682692307692307 0.140625 0.057692307692307696 0.057692307692307696
0 0.23798076923076922 0.5516826923076923 0.21634615384615385 0.08413461538461539
0 0.2247596153846154 0.8930288461538461 0.07932692307692307 0.07932692307692307
0 0.23076923076923078 0.6850961538461539 0.13942307692307693 0.14182692307692307
0 0.3269230769230769 0.7175480769230769 0.22115384615384615 0.2620192307692308
0 0.2920673076923077 0.8786057692307693 0.10576923076923077 0.10576923076923077
0 0.25961538461538464 0.9807692307692307 0.057692307692307696 0.03365384615384615
0 0.2824519230769231 0.9387019230769231 0.06490384615384616 0.06490384615384616
0 0.3473557692307692 0.9783653846153846 0.06971153846153846 0.038461538461538464
0 0.40625 0.8762019230769231 0.0625 0.11778846153846154
0 0.3942307692307692 0.9375 0.07692307692307693 0.07692307692307693
0 0.20673076923076922 0.7596153846153846 0.13701923076923078 0.1346153846153846
0 0.8677884615384616 0.8521634615384616 0.10336538461538461 0.10336538461538461
0 0.8028846153846154 0.9194711538461539 0.057692307692307696 0.057692307692307696
0 0.9519230769230769 0.9867788461538461 0.0625 0.021634615384615384
0 0.8978365384615384 0.9891826923076923 0.06490384615384616 0.016826923076923076