0 0.1310096153846154 0.13942307692307693 0.10096153846153846 0.10096153846153846
0 0.030048076923076924 0.33052884615384615 0.06009615384615385 0.12740384615384615
0 0.052884615384615384 0.23317307692307693 0.10576923076923077 0.13942307692307693
0 0.28846153846153844 0.3004807692307692 0.21634615384615385 0.21875
0 0.20552884615384615 0.06009615384615385 0.11298076923076923 0.10817307692307693
0 0.765625 0.21394230769230768 0.1466346153846154 0.14182692307692307
0 0.6911057692307693 0.2403846153846154 0.13221153846153846 0.12980769230769232
0 0.8341346153846154 0.06370192307692307 0.11778846153846154 0.11778846153846154
0 0.27884615384615385 0.5829326923076923 0.06009615384615385 0.06009615384615385
0 0.2644230769230769 0.6310096153846154 0.04807692307692308 0.04567307692307692
0 0.23798076923076922 0.6706730769230769 0.06971153846153846 0.06971153846153846
0 0.34134615384615385 0.5901442307692307 0.06490384615384616 0.06490384615384616
0 0.2091346153846154 0.7391826923076923 0.07451923076923077 0.07451923076923077
0 0.17067307692307693 0.8004807692307693 0.0985576923076923 0.10096153846153846
0 0.12860576923076922 0.8954326923076923 0.10576923076923077 0.10336538461538461
0 0.20793269230769232 0.8497596153846154 0.09615384615384616 0.09375
0 0.046875 0.9699519230769231 0.09375 0.055288461538461536
0 0.0829326923076923 0.9759615384615384 0.12740384615384615 0.04326923076923077
0 0.23557692307692307 0.9555288461538461 0.1346153846153846 0.08413461538461539
0 0.4579326923076923 0.8245192307692307 0.11778846153846154 0.34615384615384615
0 0.34375 0.45552884615384615 0.03365384615384615 0.01201923076923077
0 0.3293269230769231 0.47475961538461536 0.052884615384615384 0.05048076923076923
0 0.3545673076923077 0.4675480769230769 0.028846153846153848 0.03125
0 0.31009615384615385 0.5048076923076923 0.040865384615384616 0.04326923076923077
0 0.38100961538461536 0.45913461538461536 0.03125 0.019230769230769232
0 0.7103365384615384 0.49759615384615385 0.040865384615384616 0.040865384615384616
0 0.7608173076923077 0.5997596153846154 0.05048076923076923 0.05048076923076923
0 0.7884615384615384 0.6502403846153846 0.1346153846153846 0.1346153846153846
0 0.6286057692307693 0.6598557692307693 0.052884615384615384 0.05048076923076923
0 0.8221153846153846 0.5252403846153846 0.05048076923076923 0.05048076923076923