0 0.3161057692307692 0.16947115384615385 0.10576923076923077 0.11057692307692307
0 0.3858173076923077 0.17427884615384615 0.09375 0.09615384615384616
0 0.36899038461538464 0.10096153846153846 0.11298076923076923 0.12259615384615384
0 0.3076923076923077 0.09375 0.0889423076923077 0.08653846153846154
0 0.8737980769230769 0.41586538461538464 0.13221153846153846 0.10096153846153846
0 0.8557692307692307 0.026442307692307692 0.028846153846153848 0.03125
0 0.3786057692307692 0.49038461538461536 0.03365384615384615 0.03365384615384615
0 0.036057692307692304 0.6069711538461539 0.052884615384615384 0.04807692307692308
0 0.3293269230769231 0.6334134615384616 0.06009615384615385 0.06009615384615385
0 0.22956730769230768 0.6274038461538461 0.04807692307692308 0.05048076923076923
0 0.4651442307692308 0.49038461538461536 0.021634615384615384 0.02403846153846154
0 0.039663461538461536 0.9098557692307693 0.07932692307692307 0.17548076923076922