0 0.006009615384615385 0.06129807692307692 0.01201923076923077 0.016826923076923076
0 0.010817307692307692 0.07692307692307693 0.01201923076923077 0.01201923076923077
0 0.01201923076923077 0.0673076923076923 0.01201923076923077 0.01201923076923077
0 0.025240384615384616 0.08533653846153846 0.016826923076923076 0.014423076923076924
0 0.020432692307692308 0.07091346153846154 0.009615384615384616 0.009615384615384616
0 0.038461538461538464 0.09495192307692307 0.014423076923076924 0.01201923076923077
0 0.006009615384615385 0.014423076923076924 0.01201923076923077 0.009615384615384616
0 0.06370192307692307 0.1141826923076923 0.019230769230769232 0.016826923076923076
0 0.015625 0.020432692307692308 0.021634615384615384 0.016826923076923076
0 0.06850961538461539 0.10817307692307693 0.021634615384615384 0.021634615384615384
0 0.08533653846153846 0.13341346153846154 0.021634615384615384 0.021634615384615384
0 0.09134615384615384 0.125 0.021634615384615384 0.021634615384615384
0 0.1045673076923077 0.14783653846153846 0.03125 0.03125
0 0.1346153846153846 0.17548076923076922 0.028846153846153848 0.026442307692307692
0 0.0673076923076923 0.037259615384615384 0.02403846153846154 0.02403846153846154
0 0.1201923076923077 0.14302884615384615 0.028846153846153848 0.026442307692307692
0 0.15745192307692307 0.18870192307692307 0.02403846153846154 0.02403846153846154
0 0.18389423076923078 0.21394230769230768 0.04326923076923077 0.040865384615384616
0 0.17548076923076922 0.18509615384615385 0.04326923076923077 0.040865384615384616
0 0.2439903846153846 0.2920673076923077 0.10336538461538461 0.10336538461538461
0 0.21875 0.22235576923076922 0.05048076923076923 0.04567307692307692
0 0.24639423076923078 0.234375 0.0625 0.057692307692307696
0 0.2920673076923077 0.34975961538461536 0.026442307692307692 0.08413461538461539
0 0.2403846153846154 0.18269230769230768 0.040865384615384616 0.036057692307692304
0 0.2764423076923077 0.2644230769230769 0.057692307692307696 0.07211538461538461
0 0.27163461538461536 0.18990384615384615 0.0673076923076923 0.07211538461538461
0 0.296875 0.22235576923076922 0.016826923076923076 0.07932692307692307
0 0.2692307692307692 0.051682692307692304 0.026442307692307692 0.021634615384615384
0 0.5324519230769231 0.29086538461538464 0.09375 0.10096153846153846
0 0.5048076923076923 0.1971153846153846 0.09375 0.09375
0 0.6322115384615384 0.3629807692307692 0.27403846153846156 0.125
0 0.41225961538461536 0.203125 0.07451923076923077 0.07932692307692307
0 0.32211538461538464 0.08413461538461539 0.028846153846153848 0.0625
0 0.36658653846153844 0.12620192307692307 0.07211538461538461 0.07451923076923077
0 0.33774038461538464 0.1502403846153846 0.05048076923076923 0.055288461538461536
0 0.3161057692307692 0.11658653846153846 0.016826923076923076 0.055288461538461536
0 0.7487980769230769 0.09375 0.2091346153846154 0.1875
0 0.26802884615384615 0.9194711538461539 0.06490384615384616 0.057692307692307696
0 0.4879807692307692 0.8942307692307693 0.07692307692307693 0.08173076923076923
0 0.43990384615384615 0.7728365384615384 0.06971153846153846 0.06971153846153846
0 0.5348557692307693 0.8942307692307693 0.10096153846153846 0.0985576923076923
0 0.4987980769230769 0.8233173076923077 0.07211538461538461 0.07211538461538461
0 0.5925480769230769 0.9471153846153846 0.08653846153846154 0.0889423076923077
0 0.3786057692307692 0.4579326923076923 0.14182692307692307 0.06009615384615385
0 0.7451923076923077 0.8173076923076923 0.11538461538461539 0.15144230769230768
0 0.47475961538461536 0.9759615384615384 0.055288461538461536 0.04326923076923077
0 0.48197115384615385 0.9375 0.057692307692307696 0.057692307692307696