0 0.020432692307692308 0.2536057692307692 0.040865384615384616 0.11778846153846154
0 0.16105769230769232 0.11177884615384616 0.07692307692307693 0.08173076923076923
0 0.09615384615384616 0.07091346153846154 0.07692307692307693 0.07692307692307693
0 0.6995192307692307 0.09375 0.12980769230769232 0.14903846153846154
0 0.4855769230769231 0.06129807692307692 0.03365384615384615 0.11298076923076923
0 0.7632211538461539 0.45913461538461536 0.03365384615384615 0.03125
0 0.8329326923076923 0.4855769230769231 0.05048076923076923 0.052884615384615384
0 0.8701923076923077 0.4206730769230769 0.036057692307692304 0.036057692307692304
0 0.7175480769230769 0.5745192307692307 0.06490384615384616 0.06490384615384616
0 0.7043269230769231 0.5432692307692307 0.055288461538461536 0.04567307692307692
0 0.8185096153846154 0.4483173076923077 0.03365384615384615 0.03125
0 0.8413461538461539 0.39903846153846156 0.028846153846153848 0.019230769230769232