0 0.03125 0.42427884615384615 0.0625 0.1466346153846154
0 0.3858173076923077 0.08052884615384616 0.057692307692307696 0.04326923076923077
0 0.38822115384615385 0.17307692307692307 0.07692307692307693 0.04326923076923077
0 0.2932692307692308 0.8858173076923077 0.04807692307692308 0.07932692307692307
0 0.16466346153846154 0.7223557692307693 0.038461538461538464 0.040865384615384616
0 0.2848557692307692 0.6971153846153846 0.06490384615384616 0.08653846153846154
0 0.2860576923076923 0.6310096153846154 0.06009615384615385 0.0673076923076923
0 0.25841346153846156 0.7487980769230769 0.06490384615384616 0.05048076923076923
0 0.2932692307692308 0.7932692307692307 0.04807692307692308 0.07692307692307693
0 0.11057692307692307 0.9399038461538461 0.026442307692307692 0.021634615384615384
0 0.08413461538461539 0.9435096153846154 0.019230769230769232 0.021634615384615384
0 0.25841346153846156 0.8100961538461539 0.0625 0.0625
0 0.24278846153846154 0.8978365384615384 0.04807692307692308 0.04326923076923077
0 0.0673076923076923 0.9182692307692307 0.019230769230769232 0.016826923076923076
0 0.16947115384615385 0.9254807692307693 0.038461538461538464 0.040865384615384616
0 0.21754807692307693 0.8149038461538461 0.07692307692307693 0.055288461538461536
0 0.20793269230769232 0.8509615384615384 0.0625 0.036057692307692304
0 0.20072115384615385 0.9206730769230769 0.040865384615384616 0.038461538461538464
0 0.14903846153846154 0.9362980769230769 0.04567307692307692 0.028846153846153848
0 0.08413461538461539 0.8605769230769231 0.016826923076923076 0.019230769230769232
0 0.09735576923076923 0.8473557692307693 0.026442307692307692 0.03125
0 0.028846153846153848 0.9002403846153846 0.014423076923076924 0.014423076923076924
0 0.014423076923076924 0.8834134615384616 0.028846153846153848 0.021634615384615384
0 0.5925480769230769 0.5492788461538461 0.14182692307692307 0.0985576923076923