0 0.08533653846153846 0.3449519230769231 0.17067307692307693 0.18509615384615385
0 0.13221153846153846 0.23076923076923078 0.11298076923076923 0.11778846153846154
0 0.2980769230769231 0.078125 0.07932692307692307 0.08413461538461539
0 0.23076923076923078 0.042067307692307696 0.08173076923076923 0.08173076923076923
0 0.6778846153846154 0.31971153846153844 0.10096153846153846 0.09615384615384616
0 0.14783653846153846 0.4951923076923077 0.04326923076923077 0.05048076923076923
0 0.1201923076923077 0.4579326923076923 0.038461538461538464 0.036057692307692304
0 0.17427884615384615 0.4567307692307692 0.040865384615384616 0.03365384615384615
0 0.2932692307692308 0.46875 0.0625 0.057692307692307696
0 0.3245192307692308 0.4483173076923077 0.057692307692307696 0.016826923076923076
0 0.421875 0.7884615384615384 0.15384615384615385 0.18269230769230768
0 0.4495192307692308 0.6382211538461539 0.15384615384615385 0.17067307692307693
0 0.5036057692307693 0.5829326923076923 0.04567307692307692 0.17067307692307693