0 0.19110576923076922 0.30649038461538464 0.37259615384615385 0.18028846153846154
0 0.16706730769230768 0.21995192307692307 0.14903846153846154 0.15625
0 0.9567307692307693 0.09254807692307693 0.03365384615384615 0.036057692307692304
0 0.9795673076923077 0.234375 0.036057692307692304 0.055288461538461536
0 0.828125 0.0985576923076923 0.07451923076923077 0.07932692307692307
0 0.7692307692307693 0.31850961538461536 0.09615384615384616 0.10336538461538461
0 0.0673076923076923 0.6274038461538461 0.1346153846153846 0.20192307692307693
0 0.0889423076923077 0.8617788461538461 0.1778846153846154 0.23798076923076922
0 0.24158653846153846 0.9254807692307693 0.1466346153846154 0.14423076923076922
0 0.34375 0.9495192307692307 0.0673076923076923 0.09615384615384616
0 0.43990384615384615 0.921875 0.1201923076923077 0.15144230769230768
0 0.703125 0.8305288461538461 0.1658653846153846 0.16346153846153846