0 0.3545673076923077 0.2620192307692308 0.04567307692307692 0.040865384615384616
0 0.27403846153846156 0.2536057692307692 0.0673076923076923 0.06009615384615385
0 0.2920673076923077 0.28365384615384615 0.0889423076923077 0.08173076923076923
0 0.17908653846153846 0.2704326923076923 0.0625 0.06009615384615385
0 0.08533653846153846 0.27283653846153844 0.07692307692307693 0.05048076923076923
0 0.1141826923076923 0.3112980769230769 0.11057692307692307 0.09375
0 0.04567307692307692 0.30408653846153844 0.09134615384615384 0.10817307692307693
0 0.9411057692307693 0.16105769230769232 0.07451923076923077 0.0673076923076923
0 0.39302884615384615 0.9435096153846154 0.2283653846153846 0.10817307692307693
0 0.3125 0.9447115384615384 0.17307692307692307 0.10576923076923077
0 0.42908653846153844 0.9122596153846154 0.11538461538461539 0.11538461538461539
0 0.47716346153846156 0.8629807692307693 0.06009615384615385 0.10576923076923077
0 0.27283653846153844 0.8197115384615384 0.11538461538461539 0.11298076923076923