0 0.9326923076923077 0.3641826923076923 0.02403846153846154 0.026442307692307692
0 0.4675480769230769 0.1310096153846154 0.13701923076923078 0.23798076923076922
0 0.46875 0.3786057692307692 0.13221153846153846 0.13221153846153846
0 0.5925480769230769 0.3605769230769231 0.09134615384615384 0.09134615384615384
0 0.6802884615384616 0.37259615384615385 0.07932692307692307 0.07932692307692307
0 0.7271634615384616 0.3629807692307692 0.0673076923076923 0.06490384615384616
0 0.7896634615384616 0.3581730769230769 0.055288461538461536 0.055288461538461536
0 0.828125 0.35697115384615385 0.04807692307692308 0.04567307692307692
0 0.8533653846153846 0.3605769230769231 0.040865384615384616 0.038461538461538464
0 0.8786057692307693 0.3545673076923077 0.038461538461538464 0.036057692307692304
0 0.8966346153846154 0.35697115384615385 0.03365384615384615 0.03125
0 0.9122596153846154 0.3605769230769231 0.03125 0.028846153846153848
0 0.9266826923076923 0.3581730769230769 0.03125 0.028846153846153848
0 0.3473557692307692 0.5997596153846154 0.09375 0.040865384615384616
0 0.7307692307692307 0.9831730769230769 0.125 0.028846153846153848
0 0.7920673076923077 0.8413461538461539 0.12740384615384615 0.12740384615384615
0 0.7403846153846154 0.9050480769230769 0.13701923076923078 0.13701923076923078
0 0.6730769230769231 0.953125 0.13942307692307693 0.0889423076923077
0 0.6069711538461539 0.6682692307692307 0.15144230769230768 0.15865384615384615
0 0.6322115384615384 0.6021634615384616 0.20192307692307693 0.04567307692307692