0 0.12620192307692307 0.2848557692307692 0.10817307692307693 0.10576923076923077
0 0.23798076923076922 0.4543269230769231 0.13942307692307693 0.04326923076923077
0 0.49158653846153844 0.45913461538461536 0.09375 0.03365384615384615
0 0.5492788461538461 0.3641826923076923 0.21394230769230768 0.22355769230769232
0 0.5769230769230769 0.4543269230769231 0.040865384615384616 0.026442307692307692
0 0.34615384615384615 0.9651442307692307 0.09134615384615384 0.06490384615384616
0 0.2932692307692308 0.8870192307692307 0.09134615384615384 0.10817307692307693
0 0.8257211538461539 0.7584134615384616 0.14182692307692307 0.15144230769230768
0 0.671875 0.5264423076923077 0.08173076923076923 0.08413461538461539
0 0.515625 0.5721153846153846 0.05048076923076923 0.05048076923076923
0 0.4411057692307692 0.5060096153846154 0.04567307692307692 0.05048076923076923