0 0.3293269230769231 0.33533653846153844 0.2980769230769231 0.16105769230769232
0 0.39783653846153844 0.18389423076923078 0.16826923076923078 0.16346153846153846
0 0.4543269230769231 0.24519230769230768 0.0625 0.1875
0 0.44471153846153844 0.04927884615384615 0.08173076923076923 0.0985576923076923
0 0.8605769230769231 0.07572115384615384 0.08173076923076923 0.08173076923076923
0 0.9591346153846154 0.08533653846153846 0.06009615384615385 0.057692307692307696
0 0.9879807692307693 0.14423076923076922 0.019230769230769232 0.052884615384615384
0 0.9879807692307693 0.03365384615384615 0.019230769230769232 0.038461538461538464
0 0.1935096153846154 0.8209134615384616 0.16105769230769232 0.14903846153846154
0 0.3737980769230769 0.484375 0.0673076923076923 0.06490384615384616
0 0.3798076923076923 0.5997596153846154 0.07451923076923077 0.06971153846153846
0 0.4411057692307692 0.4338942307692308 0.036057692307692304 0.03125
0 0.46033653846153844 0.4483173076923077 0.05048076923076923 0.06009615384615385
0 0.2247596153846154 0.4519230769230769 0.06009615384615385 0.0673076923076923
0 0.9783653846153846 0.5697115384615384 0.03365384615384615 0.03365384615384615
0 0.9939903846153846 0.5 0.007211538461538462 0.028846153846153848
0 0.9723557692307693 0.4375 0.02403846153846154 0.02403846153846154