0 0.11538461538461539 0.4579326923076923 0.16826923076923078 0.1971153846153846
0 0.3473557692307692 0.26802884615384615 0.2620192307692308 0.28365384615384615
0 0.6045673076923077 0.17307692307692307 0.03125 0.14903846153846154
0 0.6201923076923077 0.23798076923076922 0.0625 0.125
0 0.6538461538461539 0.2980769230769231 0.12980769230769232 0.16346153846153846
0 0.7307692307692307 0.3894230769230769 0.19471153846153846 0.18990384615384615
0 0.4951923076923077 0.8461538461538461 0.18269230769230768 0.21153846153846154
0 0.5024038461538461 0.6850961538461539 0.16826923076923078 0.19230769230769232
0 0.4254807692307692 0.6418269230769231 0.17307692307692307 0.10576923076923077
0 0.3329326923076923 0.7920673076923077 0.17548076923076922 0.1778846153846154
0 0.31971153846153844 0.9302884615384616 0.14423076923076922 0.1346153846153846
0 0.22235576923076922 0.9555288461538461 0.11778846153846154 0.08413461538461539
0 0.1935096153846154 0.890625 0.14182692307692307 0.13942307692307693
0 0.07091346153846154 0.9591346153846154 0.09375 0.07692307692307693
0 0.1658653846153846 0.8112980769230769 0.10817307692307693 0.1201923076923077
0 0.10216346153846154 0.8677884615384616 0.06971153846153846 0.07932692307692307
0 0.04927884615384615 0.9206730769230769 0.07451923076923077 0.08173076923076923
0 0.015625 0.9603365384615384 0.03125 0.06009615384615385
0 0.2920673076923077 0.7103365384615384 0.125 0.13942307692307693
0 0.6081730769230769 0.9074519230769231 0.038461538461538464 0.14182692307692307
0 0.6694711538461539 0.8413461538461539 0.16105769230769232 0.16346153846153846
0 0.8930288461538461 0.7644230769230769 0.2091346153846154 0.35096153846153844