0 0.9206730769230769 0.2283653846153846 0.08173076923076923 0.13942307692307693
0 0.8100961538461539 0.34615384615384615 0.0625 0.21634615384615385
0 0.8329326923076923 0.4891826923076923 0.06971153846153846 0.07451923076923077
0 0.8737980769230769 0.03245192307692308 0.15625 0.06490384615384616
0 0.9543269230769231 0.5168269230769231 0.04807692307692308 0.019230769230769232
0 0.9242788461538461 0.39302884615384615 0.0625 0.10817307692307693
0 0.9459134615384616 0.46274038461538464 0.055288461538461536 0.06009615384615385
0 0.4795673076923077 0.9002403846153846 0.09615384615384616 0.08173076923076923
0 0.38100961538461536 0.9038461538461539 0.09134615384615384 0.07692307692307693
0 0.9819711538461539 0.8245192307692307 0.03125 0.11538461538461539
0 0.9038461538461539 0.9302884615384616 0.08653846153846154 0.08653846153846154
0 0.9759615384615384 0.9375 0.04326923076923077 0.08173076923076923