0 0.08653846153846154 0.25721153846153844 0.05048076923076923 0.04326923076923077
0 0.16826923076923078 0.2692307692307692 0.057692307692307696 0.055288461538461536
0 0.49158653846153844 0.052884615384615384 0.05048076923076923 0.10576923076923077
0 0.3317307692307692 0.18990384615384615 0.08173076923076923 0.07692307692307693
0 0.06971153846153846 0.31971153846153844 0.038461538461538464 0.03365384615384615
0 0.1814903846153846 0.29927884615384615 0.057692307692307696 0.055288461538461536
0 0.09254807692307693 0.1502403846153846 0.18509615384615385 0.3004807692307692
0 0.018028846153846152 0.32572115384615385 0.03125 0.021634615384615384
0 0.9242788461538461 0.1502403846153846 0.04326923076923077 0.04567307692307692
0 0.9639423076923077 0.21514423076923078 0.03365384615384615 0.03125
0 0.9891826923076923 0.22716346153846154 0.016826923076923076 0.040865384615384616
0 0.9771634615384616 0.265625 0.02403846153846154 0.03125
0 0.9915865384615384 0.28725961538461536 0.01201923076923077 0.014423076923076924
0 0.1622596153846154 0.984375 0.08413461538461539 0.026442307692307692
0 0.6574519230769231 0.6670673076923077 0.08413461538461539 0.0985576923076923
0 0.6310096153846154 0.7572115384615384 0.04807692307692308 0.052884615384615384
0 0.8040865384615384 0.7680288461538461 0.04807692307692308 0.06009615384615385
0 0.7572115384615384 0.7980769230769231 0.04807692307692308 0.06009615384615385
0 0.8076923076923077 0.8786057692307693 0.028846153846153848 0.040865384615384616
0 0.8004807692307693 0.9338942307692307 0.021634615384615384 0.028846153846153848
0 0.7043269230769231 0.9278846153846154 0.021634615384615384 0.028846153846153848
0 0.7884615384615384 0.9759615384615384 0.019230769230769232 0.02403846153846154
0 0.7319711538461539 0.9711538461538461 0.019230769230769232 0.021634615384615384
0 0.7415865384615384 0.9831730769230769 0.01201923076923077 0.016826923076923076