0 0.45072115384615385 0.671875 0.06490384615384616 0.0673076923076923
0 0.5276442307692307 0.5060096153846154 0.055288461538461536 0.07451923076923077
0 0.5336538461538461 0.6526442307692307 0.04326923076923077 0.06009615384615385
0 0.1778846153846154 0.9699519230769231 0.07692307692307693 0.055288461538461536
0 0.13581730769230768 0.984375 0.10336538461538461 0.026442307692307692
0 0.9771634615384616 0.5817307692307693 0.040865384615384616 0.04807692307692308
0 0.8762019230769231 0.6382211538461539 0.0625 0.0625
0 0.9423076923076923 0.5360576923076923 0.06490384615384616 0.06490384615384616
0 0.9182692307692307 0.6394230769230769 0.04567307692307692 0.04807692307692308
0 0.9759615384615384 0.5348557692307693 0.04326923076923077 0.04326923076923077
0 0.9098557692307693 0.5973557692307693 0.06490384615384616 0.0625
0 0.9399038461538461 0.5901442307692307 0.04807692307692308 0.04807692307692308