0 0.47475961538461536 0.2776442307692308 0.040865384615384616 0.04326923076923077
0 0.7451923076923077 0.09134615384615384 0.4230769230769231 0.18269230769230768
0 0.4495192307692308 0.04927884615384615 0.10096153846153846 0.0985576923076923
0 0.4987980769230769 0.0625 0.12740384615384615 0.125
0 0.421875 0.21153846153846154 0.04567307692307692 0.07211538461538461
0 0.4423076923076923 0.25600961538461536 0.07692307692307693 0.07451923076923077
0 0.49158653846153844 0.15144230769230768 0.12740384615384615 0.12740384615384615
0 0.4951923076923077 0.25841346153846156 0.07451923076923077 0.07692307692307693
0 0.48677884615384615 0.3173076923076923 0.07451923076923077 0.06971153846153846
0 0.6262019230769231 0.25961538461538464 0.12980769230769232 0.1201923076923077
0 0.4519230769230769 0.375 0.0625 0.04326923076923077
0 0.11538461538461539 0.8689903846153846 0.09134615384615384 0.09134615384615384
0 0.41346153846153844 0.6670673076923077 0.028846153846153848 0.10336538461538461
0 0.5252403846153846 0.7475961538461539 0.125 0.1346153846153846