0 0.6514423076923077 0.18629807692307693 0.2764423076923077 0.28125
0 0.5264423076923077 0.10336538461538461 0.1971153846153846 0.20673076923076922
0 0.6153846153846154 0.014423076923076924 0.21153846153846154 0.028846153846153848
0 0.4855769230769231 0.20192307692307693 0.11538461538461539 0.17307692307692307
0 0.7271634615384616 0.4387019230769231 0.19471153846153846 0.13701923076923078
0 0.6165865384615384 0.40384615384615385 0.16826923076923078 0.16826923076923078
0 0.03245192307692308 0.7668269230769231 0.06490384615384616 0.20192307692307693
0 0.8112980769230769 0.9086538461538461 0.040865384615384616 0.040865384615384616
0 0.8016826923076923 0.8737980769230769 0.04567307692307692 0.04807692307692308
0 0.6634615384615384 0.7596153846153846 0.057692307692307696 0.055288461538461536
0 0.8473557692307693 0.8882211538461539 0.052884615384615384 0.04807692307692308
0 0.9242788461538461 0.9423076923076923 0.052884615384615384 0.055288461538461536
0 0.7932692307692307 0.84375 0.05048076923076923 0.05048076923076923
0 0.9723557692307693 0.9711538461538461 0.05048076923076923 0.052884615384615384
0 0.8834134615384616 0.8954326923076923 0.04807692307692308 0.052884615384615384
0 0.8461538461538461 0.8677884615384616 0.04567307692307692 0.04326923076923077
0 0.7896634615384616 0.8040865384615384 0.06009615384615385 0.06009615384615385
0 0.9350961538461539 0.9110576923076923 0.052884615384615384 0.055288461538461536
0 0.8353365384615384 0.8221153846153846 0.06009615384615385 0.057692307692307696
0 0.890625 0.8617788461538461 0.057692307692307696 0.055288461538461536
0 0.78125 0.7596153846153846 0.06009615384615385 0.06009615384615385
0 0.9423076923076923 0.8629807692307693 0.057692307692307696 0.057692307692307696
0 0.8942307692307693 0.8197115384615384 0.06971153846153846 0.06490384615384616
0 0.8305288461538461 0.7524038461538461 0.07451923076923077 0.07692307692307693
0 0.7692307692307693 0.6995192307692307 0.08173076923076923 0.07932692307692307
0 0.9555288461538461 0.8173076923076923 0.06490384615384616 0.0673076923076923
0 0.9026442307692307 0.7403846153846154 0.0889423076923077 0.08653846153846154
0 0.9591346153846154 0.7680288461538461 0.07692307692307693 0.07451923076923077
0 0.8954326923076923 0.6274038461538461 0.1346153846153846 0.1346153846153846
0 0.9555288461538461 0.6838942307692307 0.08413461538461539 0.12740384615384615
0 0.7908653846153846 0.9567307692307693 0.038461538461538464 0.038461538461538464
0 0.8485576923076923 0.9855769230769231 0.028846153846153848 0.02403846153846154
0 0.8762019230769231 0.9915865384615384 0.03125 0.01201923076923077
0 0.8209134615384616 0.9567307692307693 0.028846153846153848 0.03125
0 0.8461538461538461 0.9675480769230769 0.040865384615384616 0.04326923076923077
0 0.7463942307692307 0.8810096153846154 0.04567307692307692 0.04567307692307692
0 0.8425480769230769 0.9338942307692307 0.03125 0.03125