0 0.05048076923076923 0.3954326923076923 0.10096153846153846 0.13221153846153846
0 0.038461538461538464 0.4567307692307692 0.07692307692307693 0.14903846153846154
0 0.16346153846153846 0.4807692307692308 0.10576923076923077 0.10096153846153846
0 0.12379807692307693 0.6129807692307693 0.1201923076923077 0.11778846153846154
0 0.2620192307692308 0.6225961538461539 0.04567307692307692 0.055288461538461536
0 0.140625 0.5432692307692307 0.09134615384615384 0.08653846153846154
0 0.9290865384615384 0.12259615384615384 0.04326923076923077 0.04326923076923077
0 0.9447115384615384 0.2956730769230769 0.036057692307692304 0.036057692307692304
0 0.9891826923076923 0.35336538461538464 0.016826923076923076 0.04326923076923077
0 0.9483173076923077 0.15625 0.03365384615384615 0.026442307692307692
0 0.21514423076923078 0.703125 0.036057692307692304 0.007211538461538462
0 0.9459134615384616 0.7379807692307693 0.055288461538461536 0.057692307692307696
0 0.8737980769230769 0.7151442307692307 0.12259615384615384 0.03125
0 0.9783653846153846 0.7632211538461539 0.038461538461538464 0.055288461538461536
0 0.5360576923076923 0.7884615384615384 0.41346153846153844 0.1778846153846154