0 0.07932692307692307 0.6225961538461539 0.15865384615384615 0.1875
0 0.11658653846153846 0.6646634615384616 0.20432692307692307 0.10336538461538461
0 0.02283653846153846 0.47836538461538464 0.04567307692307692 0.125
0 0.09975961538461539 0.42788461538461536 0.10336538461538461 0.10096153846153846
0 0.33413461538461536 0.3798076923076923 0.12259615384615384 0.125
0 0.5096153846153846 0.16105769230769232 0.07932692307692307 0.08413461538461539
0 0.3942307692307692 0.0733173076923077 0.04326923076923077 0.04807692307692308
0 0.4014423076923077 0.04326923076923077 0.04567307692307692 0.04567307692307692
0 0.39903846153846156 0.020432692307692308 0.04807692307692308 0.040865384615384616
0 0.37740384615384615 0.008413461538461538 0.04326923076923077 0.016826923076923076
0 0.43509615384615385 0.004807692307692308 0.038461538461538464 0.009615384615384616
0 0.43990384615384615 0.040865384615384616 0.04326923076923077 0.04807692307692308
0 0.30408653846153844 0.018028846153846152 0.036057692307692304 0.036057692307692304
0 0.29447115384615385 0.007211538461538462 0.026442307692307692 0.014423076923076924
0 0.7115384615384616 0.12980769230769232 0.028846153846153848 0.026442307692307692
0 0.8461538461538461 0.1201923076923077 0.04807692307692308 0.052884615384615384
0 0.8257211538461539 0.1201923076923077 0.028846153846153848 0.03125
0 0.6382211538461539 0.140625 0.019230769230769232 0.019230769230769232
0 0.7524038461538461 0.12980769230769232 0.03125 0.03365384615384615
0 0.734375 0.12980769230769232 0.026442307692307692 0.026442307692307692
0 0.6538461538461539 0.13942307692307693 0.019230769230769232 0.026442307692307692
0 0.051682692307692304 0.7415865384615384 0.10336538461538461 0.04567307692307692
0 0.6959134615384616 0.8990384615384616 0.11778846153846154 0.12259615384615384
0 0.9158653846153846 0.7944711538461539 0.13221153846153846 0.12980769230769232