0 0.44350961538461536 0.1935096153846154 0.03125 0.03125
0 0.10216346153846154 0.22596153846153846 0.08653846153846154 0.07692307692307693
0 0.5817307692307693 0.12259615384615384 0.10576923076923077 0.09615384615384616
0 0.609375 0.18389423076923078 0.11057692307692307 0.10576923076923077
0 0.6850961538461539 0.15384615384615385 0.11057692307692307 0.11298076923076923
0 0.7596153846153846 0.1346153846153846 0.08653846153846154 0.0889423076923077
0 0.8221153846153846 0.109375 0.07692307692307693 0.07451923076923077
0 0.8689903846153846 0.09134615384615384 0.0625 0.06490384615384616
0 0.9074519230769231 0.07932692307692307 0.052884615384615384 0.06009615384615385
0 0.4206730769230769 0.7908653846153846 0.10576923076923077 0.0889423076923077
0 0.17427884615384615 0.6442307692307693 0.07451923076923077 0.06490384615384616
0 0.14182692307692307 0.7235576923076923 0.0625 0.06490384615384616
0 0.15865384615384615 0.6057692307692307 0.07692307692307693 0.03365384615384615