0 0.28725961538461536 0.5961538461538461 0.05048076923076923 0.019230769230769232
0 0.22115384615384615 0.41225961538461536 0.08173076923076923 0.07932692307692307
0 0.1935096153846154 0.29447115384615385 0.10096153846153846 0.0985576923076923
0 0.33653846153846156 0.3713942307692308 0.09375 0.09375
0 0.27163461538461536 0.34134615384615385 0.09375 0.09615384615384616
0 0.6766826923076923 0.34375 0.016826923076923076 0.057692307692307696
0 0.8665865384615384 0.06490384615384616 0.1201923076923077 0.125
0 0.7271634615384616 0.20793269230769232 0.0673076923076923 0.0673076923076923
0 0.4411057692307692 0.9759615384615384 0.17548076923076922 0.04326923076923077
0 0.06610576923076923 0.6610576923076923 0.13221153846153846 0.10576923076923077
0 0.5637019230769231 0.8161057692307693 0.20432692307692307 0.3629807692307692
0 0.47475961538461536 0.6550480769230769 0.3485576923076923 0.09375
0 0.9855769230769231 0.8954326923076923 0.02403846153846154 0.10336538461538461