0 0.1346153846153846 0.018028846153846152 0.12980769230769232 0.036057692307692304
0 0.38822115384615385 0.265625 0.23798076923076922 0.2668269230769231
0 0.4411057692307692 0.3269230769230769 0.13221153846153846 0.2403846153846154
0 0.4182692307692308 0.4026442307692308 0.1778846153846154 0.0889423076923077
0 0.038461538461538464 0.546875 0.04326923076923077 0.04326923076923077
0 0.013221153846153846 0.5480769230769231 0.026442307692307692 0.03365384615384615
0 0.018028846153846152 0.5925480769230769 0.036057692307692304 0.040865384615384616
0 0.8894230769230769 0.46634615384615385 0.11538461538461539 0.03365384615384615
0 0.7908653846153846 0.4831730769230769 0.08653846153846154 0.0673076923076923
0 0.75 0.4639423076923077 0.0673076923076923 0.028846153846153848
0 0.53125 0.6165865384615384 0.04326923076923077 0.055288461538461536