0 0.06129807692307692 0.014423076923076924 0.0985576923076923 0.028846153846153848
0 0.015625 0.24519230769230768 0.03125 0.1201923076923077
0 0.71875 0.08774038461538461 0.1971153846153846 0.17548076923076922
0 0.6454326923076923 0.1141826923076923 0.14182692307692307 0.13942307692307693
0 0.8004807692307693 0.3473557692307692 0.3942307692307692 0.19951923076923078
0 0.5 0.4699519230769231 0.052884615384615384 0.040865384615384616
0 0.4735576923076923 0.6790865384615384 0.055288461538461536 0.05048076923076923
0 0.45552884615384615 0.5504807692307693 0.04326923076923077 0.05048076923076923
0 0.3425480769230769 0.8894230769230769 0.007211538461538462 0.028846153846153848
0 0.41947115384615385 0.7259615384615384 0.038461538461538464 0.040865384615384616
0 0.5829326923076923 0.9471153846153846 0.07451923076923077 0.09615384615384616
0 0.5925480769230769 0.7560096153846154 0.07211538461538461 0.08653846153846154
0 0.6514423076923077 0.45913461538461536 0.0625 0.019230769230769232
0 0.5576923076923077 0.7223557692307693 0.0673076923076923 0.08413461538461539
0 0.45072115384615385 0.7367788461538461 0.057692307692307696 0.06009615384615385