0 0.055288461538461536 0.24278846153846154 0.11057692307692307 0.16826923076923078
0 0.19831730769230768 0.2932692307692308 0.1346153846153846 0.13221153846153846
0 0.27163461538461536 0.1346153846153846 0.09375 0.10096153846153846
0 0.3088942307692308 0.09134615384615384 0.07211538461538461 0.06971153846153846
0 0.44350961538461536 0.0889423076923077 0.05048076923076923 0.052884615384615384
0 0.8365384615384616 0.0733173076923077 0.1875 0.1466346153846154
0 0.9098557692307693 0.09134615384615384 0.10096153846153846 0.09134615384615384
0 0.9002403846153846 0.04447115384615385 0.05048076923076923 0.04567307692307692
0 0.9807692307692307 0.23918269230769232 0.03365384615384615 0.14182692307692307
0 0.953125 0.5516826923076923 0.0889423076923077 0.2091346153846154
0 0.5240384615384616 0.7247596153846154 0.09134615384615384 0.13221153846153846
0 0.6550480769230769 0.6862980769230769 0.16105769230769232 0.055288461538461536