0 0.01201923076923077 0.1201923076923077 0.02403846153846154 0.0625
0 0.12860576923076922 0.037259615384615384 0.07211538461538461 0.07211538461538461
0 0.07211538461538461 0.1201923076923077 0.0673076923076923 0.0673076923076923
0 0.042067307692307696 0.16826923076923078 0.08413461538461539 0.10096153846153846
0 0.140625 0.09014423076923077 0.07211538461538461 0.07211538461538461
0 0.1466346153846154 0.12980769230769232 0.09134615384615384 0.09134615384615384
0 0.09975961538461539 0.20072115384615385 0.08173076923076923 0.08413461538461539
0 0.021634615384615384 0.05889423076923077 0.04326923076923077 0.05048076923076923
0 0.6442307692307693 0.0829326923076923 0.07211538461538461 0.1658653846153846
0 0.6442307692307693 0.20552884615384615 0.07211538461538461 0.25240384615384615
0 0.4230769230769231 0.6153846153846154 0.14903846153846154 0.07211538461538461
0 0.28725961538461536 0.5949519230769231 0.10336538461538461 0.03125
0 0.8173076923076923 0.7475961538461539 0.08173076923076923 0.08173076923076923
0 0.7764423076923077 0.734375 0.07932692307692307 0.07692307692307693
0 0.6983173076923077 0.9362980769230769 0.15144230769230768 0.12259615384615384
0 0.9663461538461539 0.6850961538461539 0.0625 0.09615384615384616
0 0.9603365384615384 0.6346153846153846 0.07451923076923077 0.11057692307692307
0 0.8209134615384616 0.6237980769230769 0.07211538461538461 0.06971153846153846