0 0.6213942307692307 0.0985576923076923 0.04567307692307692 0.14423076923076922
0 0.8028846153846154 0.015625 0.08653846153846154 0.03125
0 0.9086538461538461 0.17067307692307693 0.09615384615384616 0.10817307692307693
0 0.2283653846153846 0.4567307692307692 0.026442307692307692 0.02403846153846154
0 0.3245192307692308 0.5228365384615384 0.038461538461538464 0.03125
0 0.1935096153846154 0.41586538461538464 0.02403846153846154 0.021634615384615384
0 0.5264423076923077 0.6802884615384616 0.13942307692307693 0.20192307692307693
0 0.3786057692307692 0.5853365384615384 0.05048076923076923 0.040865384615384616
0 0.06490384615384616 0.4519230769230769 0.12980769230769232 0.10576923076923077
0 0.6875 0.8774038461538461 0.1778846153846154 0.2403846153846154
0 0.859375 0.8521634615384616 0.2764423076923077 0.29086538461538464
0 0.6706730769230769 0.6610576923076923 0.14423076923076922 0.15625