0 0.5600961538461539 0.20673076923076922 0.07932692307692307 0.07692307692307693
0 0.6658653846153846 0.31971153846153844 0.09134615384615384 0.08653846153846154
0 0.7115384615384616 0.21514423076923078 0.09615384615384616 0.12980769230769232
0 0.42788461538461536 0.008413461538461538 0.04807692307692308 0.016826923076923076
0 0.5 0.010817307692307692 0.057692307692307696 0.021634615384615384
0 0.8942307692307693 0.056490384615384616 0.20673076923076922 0.11298076923076923
0 0.021634615384615384 0.9771634615384616 0.04326923076923077 0.040865384615384616
0 0.10697115384615384 0.9891826923076923 0.06490384615384616 0.016826923076923076
0 0.8882211538461539 0.8978365384615384 0.21875 0.19951923076923078
0 0.671875 0.7115384615384616 0.13701923076923078 0.12980769230769232
0 0.6923076923076923 0.8413461538461539 0.1346153846153846 0.1466346153846154
0 0.5961538461538461 0.8485576923076923 0.22596153846153846 0.24519230769230768
0 0.5805288461538461 0.4963942307692308 0.0889423076923077 0.07451923076923077
0 0.5108173076923077 0.6346153846153846 0.11778846153846154 0.10336538461538461
0 0.49278846153846156 0.515625 0.07211538461538461 0.07932692307692307
0 0.4230769230769231 0.47475961538461536 0.0673076923076923 0.03125
0 0.421875 0.5192307692307693 0.06490384615384616 0.06490384615384616