0 0.052884615384615384 0.3485576923076923 0.06971153846153846 0.07451923076923077
0 0.10216346153846154 0.23798076923076922 0.08653846153846154 0.09375
0 0.17067307692307693 0.38461538461538464 0.08413461538461539 0.08413461538461539
0 0.13581730769230768 0.32091346153846156 0.08653846153846154 0.08173076923076923
0 0.859375 0.22115384615384615 0.16826923076923078 0.18990384615384615
0 0.9266826923076923 0.9314903846153846 0.14182692307692307 0.13221153846153846
0 0.9026442307692307 0.9747596153846154 0.0889423076923077 0.04567307692307692
0 0.7944711538461539 0.8786057692307693 0.11298076923076923 0.125
0 0.7956730769230769 0.8004807692307693 0.1201923076923077 0.13701923076923078
0 0.7091346153846154 0.7932692307692307 0.09134615384615384 0.11057692307692307
0 0.6766826923076923 0.703125 0.08653846153846154 0.0889423076923077
0 0.6442307692307693 0.7283653846153846 0.06971153846153846 0.07932692307692307
0 0.609375 0.6502403846153846 0.07932692307692307 0.08173076923076923
0 0.5516826923076923 0.5985576923076923 0.0673076923076923 0.06971153846153846