0 0.23557692307692307 0.14182692307692307 0.040865384615384616 0.040865384615384616
0 0.8233173076923077 0.18269230769230768 0.06971153846153846 0.0673076923076923
0 0.7223557692307693 0.37259615384615385 0.057692307692307696 0.07932692307692307
0 0.6310096153846154 0.36538461538461536 0.17548076923076922 0.15625
0 0.6454326923076923 0.24759615384615385 0.11298076923076923 0.11057692307692307
0 0.9387019230769231 0.18629807692307693 0.04567307692307692 0.04326923076923077
0 0.9447115384615384 0.11177884615384616 0.038461538461538464 0.036057692307692304
0 0.9038461538461539 0.21394230769230768 0.03365384615384615 0.03125
0 0.9254807692307693 0.12620192307692307 0.03365384615384615 0.03125
0 0.8954326923076923 0.14543269230769232 0.05048076923076923 0.038461538461538464
0 0.29447115384615385 0.9879807692307693 0.12740384615384615 0.019230769230769232
0 0.9831730769230769 0.7956730769230769 0.028846153846153848 0.04326923076923077
0 0.8870192307692307 0.7884615384615384 0.055288461538461536 0.06009615384615385
0 0.9242788461538461 0.7632211538461539 0.040865384615384616 0.05048076923076923
0 0.8774038461538461 0.7403846153846154 0.06490384615384616 0.06009615384615385
0 0.9567307692307693 0.6971153846153846 0.05048076923076923 0.038461538461538464
0 0.9326923076923077 0.7127403846153846 0.06009615384615385 0.04807692307692308
0 0.9459134615384616 0.8293269230769231 0.036057692307692304 0.040865384615384616