0 0.5805288461538461 0.021634615384615384 0.055288461538461536 0.04326923076923077
0 0.4423076923076923 0.33653846153846156 0.12980769230769232 0.057692307692307696
0 0.38461538461538464 0.15865384615384615 0.11538461538461539 0.16105769230769232
0 0.9567307692307693 0.24639423076923078 0.08173076923076923 0.23798076923076922
0 0.6057692307692307 0.7896634615384616 0.019230769230769232 0.036057692307692304
0 0.6057692307692307 0.7716346153846154 0.019230769230769232 0.052884615384615384
0 0.5961538461538461 0.7512019230769231 0.038461538461538464 0.055288461538461536
0 0.5889423076923077 0.6550480769230769 0.04567307692307692 0.052884615384615384
0 0.5793269230769231 0.5949519230769231 0.04807692307692308 0.06009615384615385
0 0.5721153846153846 0.6899038461538461 0.052884615384615384 0.057692307692307696
0 0.5408653846153846 0.6370192307692307 0.055288461538461536 0.07211538461538461
0 0.5432692307692307 0.48197115384615385 0.06009615384615385 0.07692307692307693
0 0.5048076923076923 0.5384615384615384 0.09615384615384616 0.10576923076923077
0 0.49399038461538464 0.44471153846153844 0.055288461538461536 0.08653846153846154
0 0.49038461538461536 0.38461538461538464 0.08653846153846154 0.03365384615384615
0 0.4362980769230769 0.4326923076923077 0.0889423076923077 0.11778846153846154
0 0.28365384615384615 0.4110576923076923 0.09615384615384616 0.08653846153846154
0 0.1814903846153846 0.46634615384615385 0.13701923076923078 0.18990384615384615
0 0.6802884615384616 0.3786057692307692 0.09134615384615384 0.021634615384615384
0 0.7740384615384616 0.40625 0.13942307692307693 0.07692307692307693
0 0.7247596153846154 0.5216346153846154 0.07211538461538461 0.0673076923076923
0 0.7740384615384616 0.484375 0.07211538461538461 0.055288461538461536
0 0.8317307692307693 0.4519230769230769 0.057692307692307696 0.04567307692307692
0 0.8569711538461539 0.4266826923076923 0.04326923076923077 0.028846153846153848
0 0.8810096153846154 0.4074519230769231 0.03365384615384615 0.028846153846153848
0 0.90625 0.39302884615384615 0.03365384615384615 0.026442307692307692
0 0.8521634615384616 0.37740384615384615 0.026442307692307692 0.019230769230769232