0 0.15144230769230768 0.4326923076923077 0.04567307692307692 0.04567307692307692
0 0.25600961538461536 0.3293269230769231 0.03365384615384615 0.028846153846153848
0 0.32211538461538464 0.3858173076923077 0.016826923076923076 0.014423076923076924
0 0.32091346153846156 0.28846153846153844 0.021634615384615384 0.019230769230769232
0 0.30288461538461536 0.36177884615384615 0.028846153846153848 0.021634615384615384
0 0.46875 0.4483173076923077 0.20192307692307693 0.055288461538461536
0 0.32572115384615385 0.7367788461538461 0.021634615384615384 0.10817307692307693
0 0.96875 0.7560096153846154 0.057692307692307696 0.07451923076923077
0 0.9278846153846154 0.8509615384615384 0.07211538461538461 0.07451923076923077
0 0.9375 0.921875 0.0673076923076923 0.0673076923076923
0 0.9579326923076923 0.9651442307692307 0.04567307692307692 0.04807692307692308
0 0.953125 0.8713942307692307 0.04807692307692308 0.057692307692307696
0 0.9747596153846154 0.9182692307692307 0.04567307692307692 0.0625
0 0.9543269230769231 0.8161057692307693 0.055288461538461536 0.0625
0 0.9759615384615384 0.8353365384615384 0.04326923076923077 0.055288461538461536
0 0.9759615384615384 0.9819711538461539 0.04326923076923077 0.03125
0 0.9879807692307693 0.9675480769230769 0.019230769230769232 0.040865384615384616