0 0.02283653846153846 0.06370192307692307 0.04567307692307692 0.12740384615384615
0 0.15985576923076922 0.10336538461538461 0.08413461538461539 0.08653846153846154
0 0.0625 0.037259615384615384 0.07692307692307693 0.07451923076923077
0 0.15745192307692307 0.03485576923076923 0.07932692307692307 0.06971153846153846
0 0.9423076923076923 0.2608173076923077 0.08173076923076923 0.07451923076923077
0 0.9507211538461539 0.2848557692307692 0.08413461538461539 0.08173076923076923
0 0.9098557692307693 0.328125 0.1346153846153846 0.11778846153846154
0 0.34134615384615385 0.5612980769230769 0.06009615384615385 0.06971153846153846
0 0.41225961538461536 0.6923076923076923 0.05048076923076923 0.10576923076923077
0 0.9086538461538461 0.5432692307692307 0.0985576923076923 0.11298076923076923
0 0.8341346153846154 0.45913461538461536 0.07211538461538461 0.019230769230769232
0 0.5540865384615384 0.5793269230769231 0.2091346153846154 0.22355769230769232