0 0.2800480769230769 0.14543269230769232 0.10336538461538461 0.0985576923076923
0 0.9747596153846154 0.04567307692307692 0.04567307692307692 0.052884615384615384
0 0.9026442307692307 0.36177884615384615 0.0625 0.04807692307692308
0 0.21875 0.78125 0.11057692307692307 0.08653846153846154
0 0.26322115384615385 0.6286057692307693 0.07451923076923077 0.11298076923076923
0 0.10576923076923077 0.9387019230769231 0.19230769230769232 0.11778846153846154
0 0.09014423076923077 0.8473557692307693 0.18028846153846154 0.21875
0 0.30528846153846156 0.6213942307692307 0.11057692307692307 0.10336538461538461
0 0.3329326923076923 0.6730769230769231 0.07211538461538461 0.0673076923076923
0 0.21995192307692307 0.6418269230769231 0.23317307692307693 0.14423076923076922
0 0.9903846153846154 0.8040865384615384 0.014423076923076924 0.05048076923076923
0 0.6935096153846154 0.6646634615384616 0.08413461538461539 0.12740384615384615