0 0.3798076923076923 0.33653846153846156 0.20673076923076922 0.10096153846153846
0 0.3858173076923077 0.23557692307692307 0.13942307692307693 0.13942307692307693
0 0.47596153846153844 0.32572115384615385 0.0625 0.12259615384615384
0 0.4050480769230769 0.11177884615384616 0.11538461538461539 0.11298076923076923
0 0.47596153846153844 0.13822115384615385 0.0625 0.10817307692307693
0 0.6826923076923077 0.055288461538461536 0.22115384615384615 0.11057692307692307
0 0.47836538461538464 0.6634615384615384 0.036057692307692304 0.038461538461538464
0 0.4795673076923077 0.7391826923076923 0.055288461538461536 0.06009615384615385
0 0.3545673076923077 0.6658653846153846 0.07451923076923077 0.07451923076923077
0 0.3786057692307692 0.6418269230769231 0.057692307692307696 0.057692307692307696
0 0.5 0.7103365384615384 0.014423076923076924 0.040865384615384616
0 0.625 0.8473557692307693 0.23076923076923078 0.28125
0 0.7175480769230769 0.9278846153846154 0.24759615384615385 0.13942307692307693
0 0.7944711538461539 0.8774038461538461 0.17307692307692307 0.1778846153846154
0 0.5973557692307693 0.5576923076923077 0.17548076923076922 0.1971153846153846
0 0.6790865384615384 0.6430288461538461 0.16826923076923078 0.17067307692307693