0 0.09615384615384616 0.26802884615384615 0.06490384615384616 0.06490384615384616
0 0.08533653846153846 0.31009615384615385 0.057692307692307696 0.057692307692307696
0 0.03125 0.31971153846153844 0.0625 0.0673076923076923
0 0.08413461538461539 0.13942307692307693 0.040865384615384616 0.040865384615384616
0 0.004807692307692308 0.33774038461538464 0.009615384615384616 0.05048076923076923
0 0.7704326923076923 0.2620192307692308 0.08413461538461539 0.08413461538461539
0 0.7307692307692307 0.3088942307692308 0.08173076923076923 0.08413461538461539
0 0.7836538461538461 0.21033653846153846 0.055288461538461536 0.055288461538461536
0 0.7920673076923077 0.15384615384615385 0.0673076923076923 0.0673076923076923
0 0.7728365384615384 0.1045673076923077 0.0889423076923077 0.0889423076923077
0 0.8088942307692307 0.078125 0.04326923076923077 0.04326923076923077
0 0.7524038461538461 0.21634615384615385 0.04326923076923077 0.04326923076923077
0 0.8149038461538461 0.056490384615384616 0.040865384615384616 0.040865384615384616
0 0.7932692307692307 0.051682692307692304 0.04326923076923077 0.04326923076923077
0 0.8185096153846154 0.025240384615384616 0.040865384615384616 0.040865384615384616
0 0.7944711538461539 0.028846153846153848 0.038461538461538464 0.036057692307692304
0 0.7980769230769231 0.010817307692307692 0.0625 0.021634615384615384
0 0.8100961538461539 0.11298076923076923 0.036057692307692304 0.038461538461538464
0 0.7632211538461539 0.17908653846153846 0.040865384615384616 0.040865384615384616
0 0.3245192307692308 0.9074519230769231 0.06490384615384616 0.0673076923076923
0 0.23918269230769232 0.9723557692307693 0.06009615384615385 0.05048076923076923
0 0.10697115384615384 0.9543269230769231 0.03125 0.03365384615384615
0 0.21394230769230768 0.8377403846153846 0.1346153846153846 0.14182692307692307
0 0.30408653846153844 0.8197115384615384 0.05048076923076923 0.052884615384615384
0 0.15264423076923078 0.9807692307692307 0.04567307692307692 0.03365384615384615
0 0.3449519230769231 0.8161057692307693 0.05048076923076923 0.052884615384615384
0 0.2848557692307692 0.8004807692307693 0.03365384615384615 0.03365384615384615
0 0.08653846153846154 0.9555288461538461 0.03125 0.03365384615384615
0 0.08653846153846154 0.9326923076923077 0.026442307692307692 0.028846153846153848