0 0.19471153846153846 0.030048076923076924 0.07692307692307693 0.06009615384615385
0 0.28125 0.04447115384615385 0.0625 0.06009615384615385
0 0.4254807692307692 0.09375 0.02403846153846154 0.04326923076923077
0 0.3870192307692308 0.07692307692307693 0.04807692307692308 0.04807692307692308
0 0.3389423076923077 0.0625 0.0625 0.0625
0 0.9663461538461539 0.3641826923076923 0.04807692307692308 0.04807692307692308
0 0.7295673076923077 0.27163461538461536 0.08653846153846154 0.08653846153846154
0 0.8509615384615384 0.33774038461538464 0.06009615384615385 0.06009615384615385
0 0.8966346153846154 0.3473557692307692 0.055288461538461536 0.055288461538461536
0 0.7776442307692307 0.3125 0.08413461538461539 0.08413461538461539
0 0.9314903846153846 0.3557692307692308 0.04807692307692308 0.04807692307692308
0 0.8197115384615384 0.3016826923076923 0.055288461538461536 0.055288461538461536
0 0.5985576923076923 0.3762019230769231 0.16346153846153846 0.15865384615384615
0 0.8689903846153846 0.31850961538461536 0.055288461538461536 0.055288461538461536
0 0.9134615384615384 0.328125 0.05048076923076923 0.05048076923076923
0 0.109375 0.7728365384615384 0.21875 0.4495192307692308
0 0.8353365384615384 0.8798076923076923 0.11298076923076923 0.11298076923076923
0 0.7980769230769231 0.59375 0.08173076923076923 0.08173076923076923
0 0.9735576923076923 0.65625 0.04807692307692308 0.1346153846153846