0 0.5048076923076923 0.2536057692307692 0.02403846153846154 0.040865384615384616
0 0.051682692307692304 0.03125 0.10336538461538461 0.0625
0 0.19951923076923078 0.03125 0.08653846153846154 0.0625
0 0.2848557692307692 0.030048076923076924 0.06971153846153846 0.06009615384615385
0 0.38100961538461536 0.09615384615384616 0.052884615384615384 0.057692307692307696
0 0.34134615384615385 0.10697115384615384 0.07451923076923077 0.08173076923076923
0 0.43028846153846156 0.19471153846153846 0.057692307692307696 0.057692307692307696
0 0.44350961538461536 0.17067307692307693 0.052884615384615384 0.052884615384615384
0 0.5048076923076923 0.1935096153846154 0.02403846153846154 0.040865384615384616
0 0.5072115384615384 0.22115384615384615 0.019230769230769232 0.04326923076923077
0 0.25600961538461536 0.10336538461538461 0.08653846153846154 0.08413461538461539
0 0.125 0.41466346153846156 0.23076923076923078 0.11298076923076923
0 0.4879807692307692 0.5012019230769231 0.057692307692307696 0.13701923076923078
0 0.4639423076923077 0.41466346153846156 0.10576923076923077 0.11298076923076923
0 0.31490384615384615 0.38461538461538464 0.1875 0.052884615384615384
0 0.30528846153846156 0.8569711538461539 0.21634615384615385 0.18990384615384615
0 0.3401442307692308 0.4387019230769231 0.18990384615384615 0.16105769230769232
0 0.7608173076923077 0.5108173076923077 0.0673076923076923 0.07451923076923077
0 0.8028846153846154 0.6069711538461539 0.07451923076923077 0.07692307692307693
0 0.8629807692307693 0.6478365384615384 0.06971153846153846 0.06971153846153846
0 0.9098557692307693 0.6598557692307693 0.04807692307692308 0.05048076923076923
0 0.8353365384615384 0.6021634615384616 0.052884615384615384 0.057692307692307696
0 0.8882211538461539 0.6129807692307693 0.057692307692307696 0.0625
0 0.7932692307692307 0.5649038461538461 0.057692307692307696 0.06490384615384616
0 0.8257211538461539 0.5588942307692307 0.05048076923076923 0.052884615384615384
0 0.9387019230769231 0.6622596153846154 0.04326923076923077 0.04326923076923077
0 0.9362980769230769 0.6310096153846154 0.038461538461538464 0.038461538461538464