0 0.4026442307692308 0.5408653846153846 0.06971153846153846 0.07692307692307693
0 0.5949519230769231 0.5036057692307693 0.1658653846153846 0.1658653846153846
0 0.31971153846153844 0.9266826923076923 0.09134615384615384 0.14182692307692307
0 0.3125 0.8449519230769231 0.10576923076923077 0.2620192307692308
0 0.15985576923076922 0.84375 0.15625 0.15625
0 0.040865384615384616 0.7668269230769231 0.08173076923076923 0.125
0 0.015625 0.6862980769230769 0.03125 0.09375
0 0.12860576923076922 0.7271634615384616 0.18028846153846154 0.17548076923076922
0 0.43509615384615385 0.8389423076923077 0.040865384615384616 0.04326923076923077
0 0.6983173076923077 0.6899038461538461 0.4254807692307692 0.10096153846153846
0 0.45552884615384615 0.6622596153846154 0.12740384615384615 0.04567307692307692
0 0.3858173076923077 0.7740384615384616 0.036057692307692304 0.07211538461538461
0 0.4050480769230769 0.8197115384615384 0.07451923076923077 0.07692307692307693
0 0.45072115384615385 0.7127403846153846 0.12980769230769232 0.12980769230769232
0 0.4543269230769231 0.8197115384615384 0.07451923076923077 0.07692307692307693
0 0.4483173076923077 0.8786057692307693 0.07451923076923077 0.07211538461538461
0 0.5865384615384616 0.8173076923076923 0.13221153846153846 0.1201923076923077
0 0.5516826923076923 0.9675480769230769 0.09375 0.06009615384615385
0 0.3942307692307692 0.9783653846153846 0.036057692307692304 0.03365384615384615
0 0.41346153846153844 0.9447115384615384 0.06009615384615385 0.06009615384615385