0 0.08052884615384616 0.6670673076923077 0.16105769230769232 0.13701923076923078
0 0.3112980769230769 0.5240384615384616 0.24278846153846154 0.23557692307692307
0 0.4014423076923077 0.31850961538461536 0.16826923076923078 0.5120192307692307
0 0.75 0.16466346153846154 0.0625 0.057692307692307696
0 0.6310096153846154 0.054086538461538464 0.03365384615384615 0.03125
0 0.8137019230769231 0.2764423076923077 0.08173076923076923 0.07692307692307693
0 0.7788461538461539 0.21514423076923078 0.07211538461538461 0.06971153846153846
0 0.6069711538461539 0.007211538461538462 0.036057692307692304 0.014423076923076924
0 0.7079326923076923 0.10697115384615384 0.040865384615384616 0.038461538461538464
0 0.7295673076923077 0.12980769230769232 0.04567307692307692 0.040865384615384616
0 0.9735576923076923 0.5048076923076923 0.04807692307692308 0.22596153846153846
0 0.18028846153846154 0.8028846153846154 0.1346153846153846 0.12980769230769232
0 0.38461538461538464 0.8701923076923077 0.20192307692307693 0.21153846153846154
0 0.6129807692307693 0.9050480769230769 0.25 0.18509615384615385