0 0.8269230769230769 0.3894230769230769 0.15384615384615385 0.1346153846153846
0 0.04326923076923077 0.7451923076923077 0.08653846153846154 0.1346153846153846
0 0.11658653846153846 0.8798076923076923 0.08653846153846154 0.07451923076923077
0 0.28125 0.9771634615384616 0.08653846153846154 0.040865384615384616
0 0.6923076923076923 0.8389423076923077 0.04567307692307692 0.04807692307692308
0 0.6454326923076923 0.8990384615384616 0.06009615384615385 0.06490384615384616
0 0.5012019230769231 0.8689903846153846 0.016826923076923076 0.016826923076923076
0 0.5889423076923077 0.75 0.04807692307692308 0.055288461538461536
0 0.9182692307692307 0.5733173076923077 0.15865384615384615 0.2283653846153846
0 0.7091346153846154 0.7223557692307693 0.0625 0.0673076923076923
0 0.5444711538461539 0.8088942307692307 0.026442307692307692 0.028846153846153848
0 0.5973557692307693 0.8858173076923077 0.019230769230769232 0.016826923076923076
0 0.5709134615384616 0.8665865384615384 0.021634615384615384 0.021634615384615384
0 0.546875 0.8521634615384616 0.02403846153846154 0.028846153846153848
0 0.5528846153846154 0.8798076923076923 0.014423076923076924 0.016826923076923076
0 0.53125 0.875 0.01201923076923077 0.014423076923076924
0 0.5396634615384616 0.8894230769230769 0.01201923076923077 0.014423076923076924
0 0.5300480769230769 0.8978365384615384 0.014423076923076924 0.019230769230769232
0 0.5084134615384616 0.8966346153846154 0.01201923076923077 0.016826923076923076
0 0.49278846153846156 0.8918269230769231 0.01201923076923077 0.01201923076923077
0 0.5204326923076923 0.9086538461538461 0.009615384615384616 0.01201923076923077
0 0.5024038461538461 0.9302884615384616 0.01201923076923077 0.014423076923076924
0 0.4963942307692308 0.9194711538461539 0.01201923076923077 0.016826923076923076
0 0.484375 0.9206730769230769 0.01201923076923077 0.02403846153846154
0 0.4879807692307692 0.9411057692307693 0.009615384615384616 0.014423076923076924
0 0.49278846153846156 0.9567307692307693 0.009615384615384616 0.01201923076923077
0 0.49759615384615385 0.9411057692307693 0.01201923076923077 0.01201923076923077
0 0.4807692307692308 0.9519230769230769 0.004807692307692308 0.009615384615384616
0 0.484375 0.9651442307692307 0.01201923076923077 0.016826923076923076
0 0.48677884615384615 0.9735576923076923 0.014423076923076924 0.016826923076923076