0 0.16105769230769232 0.03485576923076923 0.10096153846153846 0.06971153846153846
0 0.1466346153846154 0.07451923076923077 0.11298076923076923 0.11298076923076923
0 0.2283653846153846 0.10336538461538461 0.06490384615384616 0.08173076923076923
0 0.27524038461538464 0.16105769230769232 0.06490384615384616 0.07211538461538461
0 0.2692307692307692 0.23076923076923078 0.055288461538461536 0.06490384615384616
0 0.30649038461538464 0.27403846153846156 0.040865384615384616 0.055288461538461536
0 0.21634615384615385 0.16466346153846154 0.057692307692307696 0.06009615384615385
0 0.31009615384615385 0.20552884615384615 0.05048076923076923 0.04567307692307692
0 0.3449519230769231 0.2668269230769231 0.036057692307692304 0.04567307692307692
0 0.3713942307692308 0.3076923076923077 0.03125 0.040865384615384616
0 0.39302884615384615 0.35096153846153844 0.03125 0.03365384615384615
0 0.8461538461538461 0.018028846153846152 0.038461538461538464 0.036057692307692304
0 0.7752403846153846 0.13221153846153846 0.04807692307692308 0.055288461538461536
0 0.4098557692307692 0.8930288461538461 0.06009615384615385 0.052884615384615384
0 0.30408653846153844 0.7668269230769231 0.11298076923076923 0.0985576923076923
0 0.3245192307692308 0.7163461538461539 0.09134615384615384 0.0889423076923077
0 0.36658653846153844 0.8389423076923077 0.08653846153846154 0.07692307692307693
0 0.41346153846153844 0.8233173076923077 0.0625 0.0625
0 0.8269230769230769 0.6057692307692307 0.18269230769230768 0.052884615384615384
0 0.7235576923076923 0.8870192307692307 0.25 0.22115384615384615
0 0.9122596153846154 0.8521634615384616 0.17067307692307693 0.24759615384615385
0 0.9807692307692307 0.8545673076923077 0.03365384615384615 0.21875