0 0.17908653846153846 0.046875 0.21875 0.09375
0 0.12379807692307693 0.0985576923076923 0.18028846153846154 0.16105769230769232
0 0.29927884615384615 0.171875 0.11298076923076923 0.1658653846153846
0 0.33052884615384615 0.33413461538461536 0.05048076923076923 0.10096153846153846
0 0.25 0.21875 0.13221153846153846 0.11538461538461539
0 0.4675480769230769 0.4170673076923077 0.10336538461538461 0.016826923076923076
0 0.22596153846153846 0.890625 0.052884615384615384 0.055288461538461536
0 0.8112980769230769 0.8834134615384616 0.0673076923076923 0.0673076923076923
0 0.5108173076923077 0.9735576923076923 0.028846153846153848 0.028846153846153848
0 0.7512019230769231 0.90625 0.06009615384615385 0.055288461538461536
0 0.6370192307692307 0.5925480769230769 0.10096153846153846 0.11778846153846154
0 0.45913461538461536 0.9483173076923077 0.03125 0.036057692307692304
0 0.96875 0.7151442307692307 0.057692307692307696 0.13701923076923078
0 0.49278846153846156 0.8305288461538461 0.052884615384615384 0.06490384615384616
0 0.5961538461538461 0.8100961538461539 0.0625 0.07211538461538461
0 0.9651442307692307 0.8016826923076923 0.06490384615384616 0.09375
0 0.625 0.9603365384615384 0.04807692307692308 0.04567307692307692
0 0.5288461538461539 0.7475961538461539 0.0673076923076923 0.08173076923076923
0 0.6802884615384616 0.9423076923076923 0.055288461538461536 0.06009615384615385
0 0.765625 0.8473557692307693 0.07451923076923077 0.07451923076923077
0 0.41947115384615385 0.9891826923076923 0.026442307692307692 0.016826923076923076
0 0.38822115384615385 0.9891826923076923 0.016826923076923076 0.016826923076923076
0 0.6790865384615384 0.8918269230769231 0.0625 0.0673076923076923
0 0.9146634615384616 0.765625 0.10576923076923077 0.11057692307692307
0 0.40865384615384615 0.9927884615384616 0.019230769230769232 0.009615384615384616