0 0.3161057692307692 0.008413461538461538 0.036057692307692304 0.016826923076923076
0 0.49158653846153844 0.025240384615384616 0.052884615384615384 0.038461538461538464
0 0.2668269230769231 0.010817307692307692 0.057692307692307696 0.021634615384615384
0 0.17427884615384615 0.01201923076923077 0.040865384615384616 0.02403846153846154
0 0.33774038461538464 0.020432692307692308 0.040865384615384616 0.040865384615384616
0 0.11899038461538461 0.010817307692307692 0.036057692307692304 0.021634615384615384
0 0.234375 0.020432692307692308 0.036057692307692304 0.040865384615384616
0 0.27884615384615385 0.02283653846153846 0.040865384615384616 0.028846153846153848
0 0.3605769230769231 0.04927884615384615 0.04807692307692308 0.04807692307692308
0 0.18028846153846154 0.030048076923076924 0.038461538461538464 0.04807692307692308
0 0.3125 0.056490384615384616 0.05048076923076923 0.04326923076923077
0 0.2439903846153846 0.05048076923076923 0.052884615384615384 0.038461538461538464
0 0.3894230769230769 0.08413461538461539 0.04807692307692308 0.04807692307692308
0 0.19831730769230768 0.07572115384615384 0.04326923076923077 0.04807692307692308
0 0.2620192307692308 0.0889423076923077 0.0625 0.04567307692307692
0 0.35096153846153844 0.11538461538461539 0.057692307692307696 0.0625
0 0.43028846153846156 0.1310096153846154 0.0673076923076923 0.06009615384615385
0 0.2091346153846154 0.12139423076923077 0.04807692307692308 0.055288461538461536
0 0.12980769230769232 0.11899038461538461 0.057692307692307696 0.07692307692307693
0 0.29447115384615385 0.16105769230769232 0.07692307692307693 0.06009615384615385
0 0.23076923076923078 0.1658653846153846 0.0625 0.06009615384615385
0 0.14543269230769232 0.18870192307692307 0.057692307692307696 0.0673076923076923
0 0.35697115384615385 0.25600961538461536 0.11057692307692307 0.10336538461538461
0 0.2620192307692308 0.24639423076923078 0.08413461538461539 0.10817307692307693
0 0.15144230769230768 0.2824519230769231 0.07932692307692307 0.11298076923076923
0 0.5300480769230769 0.46153846153846156 0.15144230769230768 0.14903846153846154
0 0.8100961538461539 0.14903846153846154 0.0673076923076923 0.06009615384615385
0 0.7860576923076923 0.051682692307692304 0.06009615384615385 0.040865384615384616
0 0.6983173076923077 0.030048076923076924 0.052884615384615384 0.038461538461538464
0 0.6225961538461539 0.016826923076923076 0.028846153846153848 0.03365384615384615
0 0.12139423076923077 0.5612980769230769 0.036057692307692304 0.028846153846153848
0 0.8161057692307693 0.5600961538461539 0.11298076923076923 0.04326923076923077