0 0.02283653846153846 0.28125 0.04567307692307692 0.07211538461538461
0 0.2860576923076923 0.05889423076923077 0.1346153846153846 0.11538461538461539
0 0.055288461538461536 0.03125 0.11057692307692307 0.0625
0 0.8401442307692307 0.019230769230769232 0.10817307692307693 0.038461538461538464
0 0.7259615384615384 0.010817307692307692 0.10576923076923077 0.021634615384615384
0 0.671875 0.171875 0.055288461538461536 0.057692307692307696
0 0.65625 0.26322115384615385 0.08413461538461539 0.09615384615384616
0 0.71875 0.3112980769230769 0.04807692307692308 0.01201923076923077
0 0.7283653846153846 0.3125 0.014423076923076924 0.009615384615384616
0 0.4519230769230769 0.9423076923076923 0.08653846153846154 0.0673076923076923
0 0.4951923076923077 0.9423076923076923 0.10096153846153846 0.09134615384615384
0 0.39903846153846156 0.8557692307692307 0.14182692307692307 0.12980769230769232
0 0.6430288461538461 0.9543269230769231 0.06971153846153846 0.08653846153846154
0 0.9639423076923077 0.8461538461538461 0.06490384615384616 0.0673076923076923
0 0.7680288461538461 0.9831730769230769 0.055288461538461536 0.028846153846153848