0 0.16826923076923078 0.11778846153846154 0.23317307692307693 0.20673076923076922
0 0.36899038461538464 0.3870192307692308 0.19471153846153846 0.22115384615384615
0 0.7007211538461539 0.0625 0.08413461538461539 0.07932692307692307
0 0.8329326923076923 0.0733173076923077 0.0673076923076923 0.06490384615384616
0 0.7704326923076923 0.06971153846153846 0.06971153846153846 0.06490384615384616
0 0.7115384615384616 0.018028846153846152 0.0673076923076923 0.036057692307692304
0 0.8846153846153846 0.07572115384615384 0.055288461538461536 0.052884615384615384
0 0.8954326923076923 0.038461538461538464 0.04807692307692308 0.04807692307692308
0 0.75 0.036057692307692304 0.06971153846153846 0.0673076923076923
0 0.7728365384615384 0.021634615384615384 0.06490384615384616 0.04326923076923077
0 0.8112980769230769 0.038461538461538464 0.06971153846153846 0.0673076923076923
0 0.8449519230769231 0.027644230769230768 0.04567307692307692 0.040865384615384616
0 0.8870192307692307 0.056490384615384616 0.040865384615384616 0.038461538461538464
0 0.9338942307692307 0.08052884615384616 0.06490384615384616 0.06009615384615385
0 0.9206730769230769 0.06009615384615385 0.038461538461538464 0.038461538461538464
0 0.9891826923076923 0.05048076923076923 0.016826923076923076 0.04326923076923077
0 0.9627403846153846 0.06610576923076923 0.028846153846153848 0.03125
0 0.29086538461538464 0.6201923076923077 0.14182692307692307 0.14182692307692307
0 0.4362980769230769 0.6814903846153846 0.06009615384615385 0.10817307692307693
0 0.3112980769230769 0.7019230769230769 0.15865384615384615 0.15865384615384615
0 0.12379807692307693 0.6394230769230769 0.1971153846153846 0.1971153846153846
0 0.08774038461538461 0.7584134615384616 0.17548076923076922 0.2620192307692308