0 0.02403846153846154 0.41466346153846156 0.04807692307692308 0.03125
0 0.0733173076923077 0.11298076923076923 0.09375 0.12259615384615384
0 0.4110576923076923 0.33413461538461536 0.12259615384615384 0.15144230769230768
0 0.4963942307692308 0.43149038461538464 0.016826923076923076 0.09375
0 0.546875 0.3389423076923077 0.11778846153846154 0.1201923076923077
0 0.5540865384615384 0.4639423076923077 0.13221153846153846 0.11057692307692307
0 0.6394230769230769 0.24759615384615385 0.13701923076923078 0.14182692307692307
0 0.8737980769230769 0.11298076923076923 0.24759615384615385 0.22596153846153846
0 0.04326923076923077 0.8665865384615384 0.08653846153846154 0.08413461538461539
0 0.36177884615384615 0.6887019230769231 0.1971153846153846 0.11298076923076923
0 0.5432692307692307 0.7908653846153846 0.11057692307692307 0.125
0 0.5096153846153846 0.8389423076923077 0.04326923076923077 0.125