0 0.11899038461538461 0.18990384615384615 0.23798076923076922 0.09134615384615384
0 0.30528846153846156 0.07091346153846154 0.20192307692307693 0.14182692307692307
0 0.8581730769230769 0.11778846153846154 0.27884615384615385 0.23557692307692307
0 0.5204326923076923 0.18269230769230768 0.19471153846153846 0.10576923076923077
0 0.10817307692307693 0.6442307692307693 0.11298076923076923 0.1201923076923077
0 0.265625 0.5949519230769231 0.06971153846153846 0.0673076923076923
0 0.22115384615384615 0.6358173076923077 0.06971153846153846 0.06971153846153846
0 0.17548076923076922 0.625 0.06009615384615385 0.0625
0 0.14423076923076922 0.6057692307692307 0.04567307692307692 0.04807692307692308
0 0.109375 0.5997596153846154 0.038461538461538464 0.040865384615384616
0 0.057692307692307696 0.6358173076923077 0.026442307692307692 0.03125
0 0.04326923076923077 0.6177884615384616 0.03125 0.03365384615384615
0 0.12379807692307693 0.5300480769230769 0.026442307692307692 0.026442307692307692
0 0.3942307692307692 0.5072115384615384 0.02403846153846154 0.08173076923076923
0 0.5420673076923077 0.3870192307692308 0.0625 0.0625
0 0.546875 0.6033653846153846 0.15144230769230768 0.15384615384615385
0 0.5132211538461539 0.46033653846153844 0.06971153846153846 0.0673076923076923
0 0.6466346153846154 0.3112980769230769 0.052884615384615384 0.052884615384615384
0 0.5637019230769231 0.34134615384615385 0.052884615384615384 0.052884615384615384
0 0.6177884615384616 0.2800480769230769 0.04326923076923077 0.04326923076923077
0 0.4579326923076923 0.7560096153846154 0.0985576923076923 0.15625
0 0.5132211538461539 0.39783653846153844 0.04807692307692308 0.04807692307692308
0 0.5853365384615384 0.24278846153846154 0.026442307692307692 0.009615384615384616
0 0.49759615384615385 0.6959134615384616 0.1778846153846154 0.4110576923076923