0 0.20192307692307693 0.31971153846153844 0.06009615384615385 0.055288461538461536
0 0.2127403846153846 0.25 0.06971153846153846 0.06490384615384616
0 0.002403846153846154 0.4050480769230769 0.004807692307692308 0.026442307692307692
0 0.007211538461538462 0.3485576923076923 0.014423076923076924 0.019230769230769232
0 0.4483173076923077 0.22596153846153846 0.07451923076923077 0.1875
0 0.039663461538461536 0.30649038461538464 0.021634615384615384 0.021634615384615384
0 0.08774038461538461 0.3317307692307692 0.036057692307692304 0.028846153846153848
0 0.09375 0.32572115384615385 0.03365384615384615 0.040865384615384616
0 0.10576923076923077 0.3137019230769231 0.04326923076923077 0.03365384615384615
0 0.12980769230769232 0.3016826923076923 0.04807692307692308 0.04567307692307692
0 0.13221153846153846 0.35096153846153844 0.057692307692307696 0.04567307692307692
0 0.16346153846153846 0.27283653846153844 0.055288461538461536 0.055288461538461536
0 0.1658653846153846 0.33533653846153844 0.04807692307692308 0.04567307692307692
0 0.1971153846153846 0.8966346153846154 0.03125 0.02403846153846154
0 0.30408653846153844 0.5036057692307693 0.04807692307692308 0.0673076923076923
0 0.25240384615384615 0.8557692307692307 0.038461538461538464 0.038461538461538464
0 0.46274038461538464 0.5889423076923077 0.04567307692307692 0.08653846153846154
0 0.05889423076923077 0.9819711538461539 0.009615384615384616 0.007211538461538462
0 0.0673076923076923 0.9699519230769231 0.009615384615384616 0.009615384615384616
0 0.11057692307692307 0.9194711538461539 0.01201923076923077 0.014423076923076924
0 0.6959134615384616 0.7331730769230769 0.41586538461538464 0.5288461538461539
0 0.8641826923076923 0.7139423076923077 0.2668269230769231 0.30288461538461536
0 0.5564903846153846 0.9723557692307693 0.13701923076923078 0.05048076923076923