0 0.41947115384615385 0.19831730769230768 0.0673076923076923 0.06971153846153846
0 0.35216346153846156 0.15625 0.08413461538461539 0.08413461538461539
0 0.24158653846153846 0.09975961538461539 0.10336538461538461 0.10576923076923077
0 0.24158653846153846 0.16826923076923078 0.12259615384615384 0.12259615384615384
0 0.109375 0.04567307692307692 0.15144230769230768 0.09134615384615384
0 0.04447115384615385 0.08052884615384616 0.0889423076923077 0.16105769230769232
0 0.78125 0.09134615384615384 0.20673076923076922 0.18269230769230768
0 0.9399038461538461 0.32572115384615385 0.11538461538461539 0.10336538461538461
0 0.18389423076923078 0.9254807692307693 0.36778846153846156 0.14423076923076922
0 0.3581730769230769 0.7608173076923077 0.21875 0.21875
0 0.96875 0.8713942307692307 0.019230769230769232 0.019230769230769232
0 0.9879807692307693 0.9483173076923077 0.021634615384615384 0.019230769230769232
0 0.9699519230769231 0.9471153846153846 0.021634615384615384 0.019230769230769232
0 0.875 0.9290865384615384 0.04567307692307692 0.040865384615384616
0 0.7379807692307693 0.7788461538461539 0.052884615384615384 0.05048076923076923
0 0.6995192307692307 0.75 0.09134615384615384 0.08173076923076923
0 0.7259615384615384 0.8521634615384616 0.0673076923076923 0.0625
0 0.5853365384615384 0.6959134615384616 0.19471153846153846 0.19951923076923078
0 0.6370192307692307 0.8858173076923077 0.09134615384615384 0.08653846153846154