0 0.640625 0.3786057692307692 0.01201923076923077 0.016826923076923076
0 0.6129807692307693 0.3786057692307692 0.02403846153846154 0.028846153846153848
0 0.6430288461538461 0.4423076923076923 0.007211538461538462 0.019230769230769232
0 0.6346153846153846 0.45072115384615385 0.01201923076923077 0.01201923076923077
0 0.3629807692307692 0.3641826923076923 0.0673076923076923 0.07451923076923077
0 0.5661057692307693 0.47596153846153844 0.028846153846153848 0.028846153846153848
0 0.3112980769230769 0.3605769230769231 0.07932692307692307 0.09134615384615384
0 0.26322115384615385 0.375 0.06009615384615385 0.06009615384615385
0 0.1971153846153846 0.37259615384615385 0.04807692307692308 0.05048076923076923
0 0.15264423076923078 0.3713942307692308 0.06490384615384616 0.0673076923076923
0 0.10576923076923077 0.37740384615384615 0.055288461538461536 0.057692307692307696
0 0.019230769230769232 0.3581730769230769 0.038461538461538464 0.07211538461538461
0 0.04807692307692308 0.38822115384615385 0.09615384615384616 0.11298076923076923
0 0.7259615384615384 0.5576923076923077 0.15384615384615385 0.13942307692307693
0 0.8569711538461539 0.5745192307692307 0.25721153846153844 0.10576923076923077
0 0.7427884615384616 0.4483173076923077 0.15625 0.14903846153846154
0 0.6694711538461539 0.35336538461538464 0.040865384615384616 0.1778846153846154
0 0.6959134615384616 0.25 0.09375 0.17307692307692307
0 0.4639423076923077 0.6538461538461539 0.09615384615384616 0.04807692307692308
0 0.5793269230769231 0.7632211538461539 0.1346153846153846 0.2668269230769231
0 0.34615384615384615 0.6526442307692307 0.09134615384615384 0.04567307692307692