0 0.4326923076923077 0.5444711538461539 0.11057692307692307 0.06490384615384616
0 0.5204326923076923 0.2512019230769231 0.1201923076923077 0.11778846153846154
0 0.43990384615384615 0.43028846153846156 0.1201923076923077 0.11778846153846154
0 0.5384615384615384 0.4495192307692308 0.09134615384615384 0.09134615384615384
0 0.36658653846153844 0.5132211538461539 0.125 0.12259615384615384
0 0.5793269230769231 0.2932692307692308 0.052884615384615384 0.10096153846153846
0 0.5661057692307693 0.375 0.07932692307692307 0.09615384615384616
0 0.48197115384615385 0.3641826923076923 0.12740384615384615 0.125
0 0.5817307692307693 0.453125 0.04807692307692308 0.07932692307692307
0 0.5925480769230769 0.5492788461538461 0.026442307692307692 0.055288461538461536
0 0.5721153846153846 0.5108173076923077 0.0673076923076923 0.07932692307692307
0 0.8990384615384616 0.2764423076923077 0.16346153846153846 0.16346153846153846
0 0.9543269230769231 0.16947115384615385 0.08653846153846154 0.15144230769230768
0 0.6911057692307693 0.43028846153846156 0.125 0.125
0 0.4375 0.6201923076923077 0.09615384615384616 0.08173076923076923
0 0.5120192307692307 0.6177884615384616 0.08173076923076923 0.07692307692307693
0 0.5588942307692307 0.6081730769230769 0.06971153846153846 0.057692307692307696
0 0.5865384615384616 0.6141826923076923 0.038461538461538464 0.04567307692307692
0 0.5997596153846154 0.6129807692307693 0.01201923076923077 0.057692307692307696