0 0.1875 0.375 0.11057692307692307 0.10096153846153846
0 0.35216346153846156 0.30528846153846156 0.08413461538461539 0.08173076923076923
0 0.3173076923076923 0.38100961538461536 0.0985576923076923 0.08413461538461539
0 0.6850961538461539 0.28966346153846156 0.10576923076923077 0.10096153846153846
0 0.8233173076923077 0.453125 0.18028846153846154 0.18509615384615385
0 0.5552884615384616 0.328125 0.0985576923076923 0.10336538461538461
0 0.9747596153846154 0.27163461538461536 0.04567307692307692 0.13942307692307693
0 0.7896634615384616 0.32091346153846156 0.14423076923076922 0.13942307692307693
0 0.6646634615384616 0.375 0.11778846153846154 0.11538461538461539
0 0.4014423076923077 0.9362980769230769 0.12980769230769232 0.12259615384615384
0 0.21995192307692307 0.9615384615384616 0.1466346153846154 0.07211538461538461
0 0.009615384615384616 0.9290865384615384 0.019230769230769232 0.10336538461538461
0 0.9867788461538461 0.796875 0.021634615384615384 0.07451923076923077
0 0.6466346153846154 0.6682692307692307 0.03125 0.03125
0 0.5276442307692307 0.7379807692307693 0.02403846153846154 0.021634615384615384
0 0.4795673076923077 0.7632211538461539 0.021634615384615384 0.026442307692307692
0 0.8641826923076923 0.6418269230769231 0.11778846153846154 0.10096153846153846
0 0.7463942307692307 0.6862980769230769 0.028846153846153848 0.02403846153846154
0 0.6346153846153846 0.7007211538461539 0.026442307692307692 0.02403846153846154
0 0.6838942307692307 0.6935096153846154 0.026442307692307692 0.02403846153846154
0 0.5925480769230769 0.7055288461538461 0.021634615384615384 0.021634615384615384
0 0.49278846153846156 0.7115384615384616 0.016826923076923076 0.014423076923076924
0 0.5444711538461539 0.6923076923076923 0.016826923076923076 0.016826923076923076
0 0.5384615384615384 0.7091346153846154 0.02403846153846154 0.021634615384615384
0 0.5540865384615384 0.6682692307692307 0.014423076923076924 0.014423076923076924
0 0.5396634615384616 0.6995192307692307 0.026442307692307692 0.026442307692307692
0 0.7932692307692307 0.59375 0.028846153846153848 0.02403846153846154