0 0.109375 0.08413461538461539 0.07211538461538461 0.0625
0 0.19471153846153846 0.13341346153846154 0.11538461538461539 0.08653846153846154
0 0.22235576923076922 0.039663461538461536 0.12259615384615384 0.07932692307692307
0 0.39783653846153844 0.052884615384615384 0.15144230769230768 0.10576923076923077
0 0.36658653846153844 0.265625 0.19471153846153846 0.06009615384615385
0 0.9447115384615384 0.2283653846153846 0.10576923076923077 0.1346153846153846
0 0.9110576923076923 0.08533653846153846 0.12259615384615384 0.12980769230769232
0 0.8725961538461539 0.2127403846153846 0.25 0.1658653846153846
0 0.7379807692307693 0.2403846153846154 0.08653846153846154 0.0985576923076923
0 0.734375 0.12259615384615384 0.08173076923076923 0.08653846153846154
0 0.8004807692307693 0.057692307692307696 0.10336538461538461 0.0985576923076923
0 0.7692307692307693 0.09615384615384616 0.0889423076923077 0.0673076923076923
0 0.7872596153846154 0.27403846153846156 0.07451923076923077 0.04326923076923077
0 0.3545673076923077 0.8894230769230769 0.37740384615384615 0.21634615384615385
0 0.47475961538461536 0.9266826923076923 0.18509615384615385 0.14182692307692307
0 0.4951923076923077 0.8521634615384616 0.14423076923076922 0.24759615384615385
0 0.36658653846153844 0.5637019230769231 0.15144230769230768 0.1466346153846154
0 0.2536057692307692 0.40024038461538464 0.09134615384615384 0.09134615384615384
0 0.20192307692307693 0.3233173076923077 0.0673076923076923 0.05048076923076923
0 0.8990384615384616 0.5769230769230769 0.07692307692307693 0.07932692307692307
0 0.8149038461538461 0.6382211538461539 0.04567307692307692 0.06490384615384616
0 0.7860576923076923 0.8161057692307693 0.06971153846153846 0.12740384615384615
0 0.7752403846153846 0.3088942307692308 0.04567307692307692 0.021634615384615384