0 0.1045673076923077 0.41586538461538464 0.040865384615384616 0.052884615384615384
0 0.21394230769230768 0.31850961538461536 0.057692307692307696 0.057692307692307696
0 0.17307692307692307 0.5432692307692307 0.02403846153846154 0.021634615384615384
0 0.13701923076923078 0.46274038461538464 0.03365384615384615 0.04326923076923077
0 0.41466346153846156 0.04447115384615385 0.19471153846153846 0.0889423076923077
0 0.15504807692307693 0.5697115384615384 0.019230769230769232 0.019230769230769232
0 0.09254807692307693 0.5564903846153846 0.014423076923076924 0.014423076923076924
0 0.9194711538461539 0.36899038461538464 0.03365384615384615 0.036057692307692304
0 0.9423076923076923 0.38822115384615385 0.021634615384615384 0.026442307692307692
0 0.9663461538461539 0.35096153846153844 0.028846153846153848 0.03365384615384615
0 0.9627403846153846 0.4110576923076923 0.03125 0.038461538461538464
0 0.9831730769230769 0.390625 0.028846153846153848 0.036057692307692304
0 0.9867788461538461 0.41466346153846156 0.021634615384615384 0.03125
0 0.9891826923076923 0.4375 0.016826923076923076 0.038461538461538464