0 0.7572115384615384 0.2644230769230769 0.10096153846153846 0.10096153846153846
0 0.8100961538461539 0.13221153846153846 0.16346153846153846 0.16346153846153846
0 0.7019230769230769 0.41466346153846156 0.057692307692307696 0.057692307692307696
0 0.6586538461538461 0.46153846153846156 0.06971153846153846 0.06490384615384616
0 0.6766826923076923 0.4831730769230769 0.05048076923076923 0.04807692307692308
0 0.7271634615384616 0.3389423076923077 0.07451923076923077 0.07451923076923077
0 0.6622596153846154 0.5120192307692307 0.04567307692307692 0.028846153846153848
0 0.9495192307692307 0.30408653846153844 0.04326923076923077 0.04326923076923077
0 0.3401442307692308 0.5865384615384616 0.18028846153846154 0.11538461538461539
0 0.30649038461538464 0.8497596153846154 0.12259615384615384 0.1201923076923077
0 0.3737980769230769 0.8533653846153846 0.09615384615384616 0.09134615384615384
0 0.47115384615384615 0.78125 0.028846153846153848 0.07692307692307693