0 0.015625 0.5048076923076923 0.028846153846153848 0.028846153846153848
0 0.09735576923076923 0.5360576923076923 0.04567307692307692 0.04567307692307692
0 0.36538461538461536 0.23317307692307693 0.20432692307692307 0.19230769230769232
0 0.12620192307692307 0.15865384615384615 0.17307692307692307 0.16346153846153846
0 0.16947115384615385 0.07211538461538461 0.17548076923076922 0.14423076923076922
0 0.203125 0.018028846153846152 0.14182692307692307 0.036057692307692304
0 0.49399038461538464 0.0985576923076923 0.24278846153846154 0.1971153846153846
0 0.38100961538461536 0.1201923076923077 0.2620192307692308 0.2403846153846154
0 0.010817307692307692 0.4483173076923077 0.021634615384615384 0.04567307692307692
0 0.6947115384615384 0.36658653846153844 0.07692307692307693 0.07692307692307693
0 0.6286057692307693 0.22235576923076922 0.021634615384615384 0.07932692307692307
0 0.6826923076923077 0.21754807692307693 0.10576923076923077 0.10576923076923077
0 0.6646634615384616 0.16346153846153846 0.09375 0.09615384615384616
0 0.7884615384615384 0.22355769230769232 0.11538461538461539 0.11298076923076923
0 0.8028846153846154 0.15745192307692307 0.12980769230769232 0.125