0 0.21394230769230768 0.25240384615384615 0.026442307692307692 0.036057692307692304
0 0.2644230769230769 0.2536057692307692 0.02403846153846154 0.021634615384615384
0 0.1778846153846154 0.23918269230769232 0.036057692307692304 0.036057692307692304
0 0.28725961538461536 0.2403846153846154 0.040865384615384616 0.036057692307692304
0 0.24879807692307693 0.23317307692307693 0.04567307692307692 0.04567307692307692
0 0.32091346153846156 0.21995192307692307 0.038461538461538464 0.026442307692307692
0 0.28125 0.21634615384615385 0.040865384615384616 0.036057692307692304
0 0.22355769230769232 0.20192307692307693 0.04326923076923077 0.04567307692307692
0 0.35697115384615385 0.203125 0.038461538461538464 0.03365384615384615
0 0.37740384615384615 0.19951923076923078 0.019230769230769232 0.03365384615384615
0 0.3293269230769231 0.18269230769230768 0.04326923076923077 0.040865384615384616
0 0.3701923076923077 0.15504807692307693 0.03365384615384615 0.06009615384615385
0 0.3125 0.14423076923076922 0.057692307692307696 0.057692307692307696
0 0.12139423076923077 0.30649038461538464 0.019230769230769232 0.021634615384615384
0 0.16706730769230768 0.3076923076923077 0.03365384615384615 0.055288461538461536
0 0.2091346153846154 0.28365384615384615 0.019230769230769232 0.019230769230769232
0 0.1935096153846154 0.27163461538461536 0.021634615384615384 0.03365384615384615
0 0.23076923076923078 0.27163461538461536 0.028846153846153848 0.03365384615384615
0 0.9735576923076923 0.3605769230769231 0.04807692307692308 0.052884615384615384
0 0.9771634615384616 0.32211538461538464 0.040865384615384616 0.125
0 0.9555288461538461 0.24278846153846154 0.057692307692307696 0.08653846153846154
0 0.8798076923076923 0.17548076923076922 0.16346153846153846 0.17067307692307693
0 0.41346153846153844 0.06009615384615385 0.04807692307692308 0.1201923076923077
0 0.7151442307692307 0.04927884615384615 0.15144230769230768 0.0985576923076923
0 0.2247596153846154 0.84375 0.07692307692307693 0.06490384615384616
0 0.765625 0.8990384615384616 0.07692307692307693 0.06971153846153846
0 0.6935096153846154 0.8762019230769231 0.07692307692307693 0.06490384615384616
0 0.6021634615384616 0.8641826923076923 0.07692307692307693 0.06490384615384616
0 0.7175480769230769 0.7884615384615384 0.13942307692307693 0.1201923076923077
0 0.7932692307692307 0.5709134615384616 0.27163461538461536 0.1658653846153846
0 0.4362980769230769 0.9579326923076923 0.052884615384615384 0.038461538461538464
0 0.47716346153846156 0.9242788461538461 0.040865384615384616 0.036057692307692304
0 0.7163461538461539 0.9206730769230769 0.055288461538461536 0.04326923076923077
0 0.5372596153846154 0.9050480769230769 0.07451923076923077 0.06490384615384616
0 0.39663461538461536 0.8918269230769231 0.014423076923076924 0.057692307692307696