0 0.5685096153846154 0.4675480769230769 0.15625 0.15625
0 0.3173076923076923 0.45913461538461536 0.22596153846153846 0.17307692307692307
0 0.8617788461538461 0.23918269230769232 0.09375 0.08173076923076923
0 0.8834134615384616 0.4579326923076923 0.036057692307692304 0.03365384615384615
0 0.859375 0.5420673076923077 0.021634615384615384 0.007211538461538462
0 0.8870192307692307 0.4338942307692308 0.040865384615384616 0.036057692307692304
0 0.8149038461538461 0.35336538461538464 0.125 0.13701923076923078
0 0.9627403846153846 0.2932692307692308 0.06971153846153846 0.10096153846153846
0 0.9387019230769231 0.34375 0.07211538461538461 0.07451923076923077
0 0.9387019230769231 0.3786057692307692 0.057692307692307696 0.06009615384615385
0 0.9411057692307693 0.41466346153846156 0.055288461538461536 0.057692307692307696
0 0.9362980769230769 0.4411057692307692 0.04326923076923077 0.04807692307692308
0 0.9278846153846154 0.4723557692307692 0.038461538461538464 0.040865384615384616
0 0.9278846153846154 0.49158653846153844 0.03365384615384615 0.036057692307692304
0 0.921875 0.5072115384615384 0.02403846153846154 0.02403846153846154
0 0.9242788461538461 0.515625 0.028846153846153848 0.03125
0 0.8653846153846154 0.2776442307692308 0.09134615384615384 0.0985576923076923
0 0.875 0.3245192307692308 0.06971153846153846 0.07451923076923077
0 0.8725961538461539 0.36899038461538464 0.0625 0.0673076923076923
0 0.8846153846153846 0.3954326923076923 0.04807692307692308 0.055288461538461536
0 0.8834134615384616 0.4230769230769231 0.04326923076923077 0.04807692307692308
0 0.8882211538461539 0.44711538461538464 0.04326923076923077 0.04807692307692308
0 0.8882211538461539 0.46634615384615385 0.03365384615384615 0.036057692307692304
0 0.8870192307692307 0.47475961538461536 0.028846153846153848 0.03125
0 0.8894230769230769 0.48677884615384615 0.03125 0.036057692307692304
0 0.8942307692307693 0.4987980769230769 0.03125 0.03365384615384615
0 0.7908653846153846 0.24759615384615385 0.09375 0.09615384615384616
0 0.6634615384615384 0.1658653846153846 0.028846153846153848 0.08653846153846154
0 0.6983173076923077 0.2920673076923077 0.07211538461538461 0.07211538461538461
0 0.8377403846153846 0.4074519230769231 0.038461538461538464 0.04807692307692308
0 0.8413461538461539 0.43149038461538464 0.040865384615384616 0.04326923076923077
0 0.8461538461538461 0.45072115384615385 0.036057692307692304 0.038461538461538464
0 0.8485576923076923 0.47115384615384615 0.040865384615384616 0.04326923076923077
0 0.8966346153846154 0.5240384615384616 0.028846153846153848 0.03125
0 0.8966346153846154 0.5384615384615384 0.02403846153846154 0.014423076923076924
0 0.875 0.5360576923076923 0.02403846153846154 0.019230769230769232
0 0.9290865384615384 0.5252403846153846 0.03125 0.03365384615384615
0 0.9254807692307693 0.5348557692307693 0.028846153846153848 0.021634615384615384
0 0.3161057692307692 0.9747596153846154 0.06971153846153846 0.04567307692307692
0 0.08774038461538461 0.7536057692307693 0.06971153846153846 0.07451923076923077
0 0.6875 0.8786057692307693 0.07692307692307693 0.09375
0 0.8076923076923077 0.859375 0.11538461538461539 0.125