0 0.9627403846153846 0.32091346153846156 0.06971153846153846 0.11298076923076923
0 0.84375 0.051682692307692304 0.04807692307692308 0.04567307692307692
0 0.8137019230769231 0.007211538461538462 0.040865384615384616 0.014423076923076924
0 0.9591346153846154 0.3954326923076923 0.07692307692307693 0.10336538461538461
0 0.9194711538461539 0.30528846153846156 0.07451923076923077 0.07692307692307693
0 0.8173076923076923 0.11899038461538461 0.05048076923076923 0.06490384615384616
0 0.9326923076923077 0.08533653846153846 0.021634615384615384 0.019230769230769232
0 0.9194711538461539 0.07211538461538461 0.026442307692307692 0.026442307692307692
0 0.8930288461538461 0.054086538461538464 0.03125 0.03125
0 0.8774038461538461 0.027644230769230768 0.026442307692307692 0.028846153846153848
0 0.8653846153846154 0.03365384615384615 0.036057692307692304 0.03365384615384615
0 0.8509615384615384 0.010817307692307692 0.03365384615384615 0.021634615384615384
0 0.8449519230769231 0.016826923076923076 0.036057692307692304 0.03365384615384615
0 0.21634615384615385 0.47596153846153844 0.0673076923076923 0.052884615384615384
0 0.24158653846153846 0.6995192307692307 0.0673076923076923 0.05048076923076923
0 0.25841346153846156 0.9555288461538461 0.0889423076923077 0.08413461538461539
0 0.15625 0.9411057692307693 0.10576923076923077 0.10817307692307693
0 0.8112980769230769 0.5492788461538461 0.10817307692307693 0.11298076923076923
0 0.9086538461538461 0.4963942307692308 0.06971153846153846 0.07692307692307693
0 0.9206730769230769 0.5516826923076923 0.06971153846153846 0.07692307692307693
0 0.9579326923076923 0.5432692307692307 0.06490384615384616 0.07211538461538461
0 0.9771634615384616 0.6021634615384616 0.040865384615384616 0.06971153846153846