0 0.2620192307692308 0.4230769230769231 0.06490384615384616 0.06490384615384616
0 0.328125 0.47716346153846156 0.0625 0.0625
0 0.9026442307692307 0.4639423076923077 0.07211538461538461 0.0889423076923077
0 0.9423076923076923 0.4855769230769231 0.0625 0.04326923076923077
0 0.20552884615384615 0.9387019230769231 0.036057692307692304 0.036057692307692304
0 0.10697115384615384 0.9615384615384616 0.040865384615384616 0.04567307692307692
0 0.1502403846153846 0.9326923076923077 0.03125 0.036057692307692304
0 0.07692307692307693 0.9362980769230769 0.04326923076923077 0.05048076923076923
0 0.14182692307692307 0.9170673076923077 0.026442307692307692 0.03365384615384615
0 0.17668269230769232 0.8918269230769231 0.055288461538461536 0.06009615384615385
0 0.11177884615384616 0.8966346153846154 0.04567307692307692 0.040865384615384616
0 0.042067307692307696 0.9134615384615384 0.057692307692307696 0.0625
0 0.0985576923076923 0.8798076923076923 0.06009615384615385 0.0625
0 0.15504807692307693 0.8485576923076923 0.06009615384615385 0.0673076923076923
0 0.13581730769230768 0.7548076923076923 0.11778846153846154 0.09615384615384616
0 0.20552884615384615 0.6586538461538461 0.15865384615384615 0.13942307692307693
0 0.265625 0.9951923076923077 0.021634615384615384 0.004807692307692308
0 0.22235576923076922 0.9927884615384616 0.021634615384615384 0.009615384615384616
0 0.2548076923076923 0.9855769230769231 0.021634615384615384 0.02403846153846154
0 0.17427884615384615 0.9939903846153846 0.036057692307692304 0.007211538461538462
0 0.2091346153846154 0.9903846153846154 0.02403846153846154 0.014423076923076924
0 0.23317307692307693 0.9663461538461539 0.026442307692307692 0.03365384615384615
0 0.19471153846153846 0.96875 0.021634615384615384 0.03125
0 0.1346153846153846 0.9759615384615384 0.03125 0.04326923076923077
0 0.16706730769230768 0.9543269230769231 0.036057692307692304 0.040865384615384616
0 0.8605769230769231 0.7439903846153846 0.11298076923076923 0.11538461538461539
0 0.7151442307692307 0.8882211538461539 0.07692307692307693 0.07932692307692307
0 0.7764423076923077 0.8269230769230769 0.07932692307692307 0.07451923076923077
0 0.5829326923076923 0.9783653846153846 0.055288461538461536 0.038461538461538464