0 0.421875 0.2800480769230769 0.06971153846153846 0.11298076923076923
0 0.23798076923076922 0.21634615384615385 0.1971153846153846 0.19471153846153846
0 0.0733173076923077 0.37740384615384615 0.1466346153846154 0.17307692307692307
0 0.17427884615384615 0.4699519230769231 0.1466346153846154 0.13221153846153846
0 0.33774038461538464 0.3112980769230769 0.15144230769230768 0.15384615384615385
0 0.40384615384615385 0.19831730769230768 0.10576923076923077 0.12740384615384615
0 0.06129807692307692 0.28725961538461536 0.12259615384615384 0.3004807692307692
0 0.7752403846153846 0.20432692307692307 0.08413461538461539 0.08653846153846154
0 0.7848557692307693 0.09495192307692307 0.10817307692307693 0.11298076923076923
0 0.8004807692307693 0.2932692307692308 0.052884615384615384 0.055288461538461536
0 0.7944711538461539 0.015625 0.13701923076923078 0.03125
0 0.84375 0.03245192307692308 0.10096153846153846 0.06490384615384616
0 0.8461538461538461 0.16706730769230768 0.19471153846153846 0.19951923076923078
0 0.7295673076923077 0.04326923076923077 0.1466346153846154 0.08653846153846154
0 0.41225961538461536 0.9002403846153846 0.0889423076923077 0.10336538461538461
0 0.4423076923076923 0.6778846153846154 0.028846153846153848 0.125
0 0.4362980769230769 0.78125 0.040865384615384616 0.14423076923076922
0 0.21875 0.7920673076923077 0.21634615384615385 0.21394230769230768
0 0.36899038461538464 0.96875 0.10817307692307693 0.057692307692307696
0 0.9591346153846154 0.5817307692307693 0.07692307692307693 0.08653846153846154
0 0.9627403846153846 0.6790865384615384 0.06971153846153846 0.11298076923076923
0 0.9002403846153846 0.7848557692307693 0.09615384615384616 0.09615384615384616
0 0.9182692307692307 0.9362980769230769 0.07451923076923077 0.07692307692307693