0 0.14182692307692307 0.16706730769230768 0.0625 0.0625
0 0.39663461538461536 0.07091346153846154 0.19230769230769232 0.14182692307692307
0 0.140625 0.10096153846153846 0.08653846153846154 0.08173076923076923
0 0.22355769230769232 0.03485576923076923 0.10096153846153846 0.06971153846153846
0 0.4411057692307692 0.8617788461538461 0.07692307692307693 0.09134615384615384
0 0.5528846153846154 0.8413461538461539 0.0625 0.08173076923076923
0 0.5865384615384616 0.8822115384615384 0.06009615384615385 0.07932692307692307
0 0.5540865384615384 0.9338942307692307 0.055288461538461536 0.0673076923076923
0 0.6141826923076923 0.9182692307692307 0.04567307692307692 0.0625
0 0.6298076923076923 0.9435096153846154 0.014423076923076924 0.055288461538461536
0 0.6021634615384616 0.96875 0.04326923076923077 0.05048076923076923
0 0.6225961538461539 0.9795673076923077 0.028846153846153848 0.036057692307692304
0 0.3293269230769231 0.9266826923076923 0.07451923076923077 0.07451923076923077
0 0.5204326923076923 0.9915865384615384 0.04567307692307692 0.01201923076923077
0 0.8545673076923077 0.6574519230769231 0.06971153846153846 0.06490384615384616
0 0.96875 0.6502403846153846 0.057692307692307696 0.07932692307692307
0 0.9158653846153846 0.6658653846153846 0.0625 0.0625
0 0.9230769230769231 0.6995192307692307 0.05048076923076923 0.05048076923076923
0 0.875 0.7572115384615384 0.055288461538461536 0.052884615384615384
0 0.8389423076923077 0.7463942307692307 0.04567307692307692 0.040865384615384616
0 0.7680288461538461 0.8665865384615384 0.021634615384615384 0.021634615384615384
0 0.6875 0.9483173076923077 0.01201923076923077 0.016826923076923076
0 0.7391826923076923 0.9302884615384616 0.01201923076923077 0.01201923076923077
0 0.7319711538461539 0.9182692307692307 0.019230769230769232 0.026442307692307692
0 0.6850961538461539 0.9194711538461539 0.019230769230769232 0.021634615384615384
0 0.6682692307692307 0.8353365384615384 0.026442307692307692 0.03365384615384615
0 0.6742788461538461 0.8701923076923077 0.019230769230769232 0.026442307692307692