0 0.39783653846153844 0.16105769230769232 0.22355769230769232 0.22355769230769232
0 0.4951923076923077 0.16105769230769232 0.1971153846153846 0.1971153846153846
0 0.421875 0.3389423076923077 0.13221153846153846 0.13221153846153846
0 0.96875 0.28365384615384615 0.057692307692307696 0.09615384615384616
0 0.6574519230769231 0.6742788461538461 0.03125 0.03125
0 0.6153846153846154 0.7259615384615384 0.026442307692307692 0.026442307692307692
0 0.5805288461538461 0.7692307692307693 0.038461538461538464 0.038461538461538464
0 0.6586538461538461 0.6274038461538461 0.03365384615384615 0.057692307692307696
0 0.41466346153846156 0.9759615384615384 0.019230769230769232 0.019230769230769232
0 0.43028846153846156 0.9711538461538461 0.014423076923076924 0.014423076923076924
0 0.5612980769230769 0.8425480769230769 0.06490384615384616 0.06490384615384616
0 0.5420673076923077 0.8341346153846154 0.019230769230769232 0.019230769230769232
0 0.4543269230769231 0.9278846153846154 0.055288461538461536 0.055288461538461536
0 0.46153846153846156 0.8882211538461539 0.02403846153846154 0.02403846153846154
0 0.47716346153846156 0.8725961538461539 0.021634615384615384 0.021634615384615384
0 0.5204326923076923 0.9098557692307693 0.03125 0.03125
0 0.4807692307692308 0.9399038461538461 0.014423076923076924 0.014423076923076924
0 0.41225961538461536 0.9939903846153846 0.016826923076923076 0.007211538461538462
0 0.4254807692307692 0.9951923076923077 0.009615384615384616 0.004807692307692308
0 0.9411057692307693 0.8016826923076923 0.03125 0.03125
0 0.8834134615384616 0.7067307692307693 0.055288461538461536 0.052884615384615384
0 0.9927884615384616 0.7548076923076923 0.009615384615384616 0.03365384615384615
0 0.8834134615384616 0.7487980769230769 0.040865384615384616 0.040865384615384616
0 0.6995192307692307 0.8004807692307693 0.04326923076923077 0.0673076923076923
0 0.90625 0.7283653846153846 0.04567307692307692 0.04567307692307692
0 0.8161057692307693 0.8701923076923077 0.11057692307692307 0.11057692307692307
0 0.8966346153846154 0.8088942307692307 0.03365384615384615 0.03365384615384615
0 0.8653846153846154 0.8088942307692307 0.036057692307692304 0.036057692307692304