0 0.010817307692307692 0.23798076923076922 0.021634615384615384 0.038461538461538464
0 0.0829326923076923 0.30649038461538464 0.0625 0.0625
0 0.14903846153846154 0.2980769230769231 0.07211538461538461 0.07211538461538461
0 0.23798076923076922 0.3545673076923077 0.07692307692307693 0.08413461538461539
0 0.23557692307692307 0.328125 0.08173076923076923 0.0889423076923077
0 0.24879807692307693 0.296875 0.055288461538461536 0.13221153846153846
0 0.0985576923076923 0.051682692307692304 0.15384615384615385 0.10336538461538461
0 0.015625 0.30408653846153844 0.03125 0.036057692307692304
0 0.328125 0.15745192307692307 0.09134615384615384 0.09134615384615384
0 0.3173076923076923 0.20432692307692307 0.07451923076923077 0.07451923076923077
0 0.5733173076923077 0.38100961538461536 0.11057692307692307 0.10576923076923077
0 0.6802884615384616 0.39302884615384615 0.10096153846153846 0.0985576923076923
0 0.9387019230769231 0.2692307692307692 0.11778846153846154 0.13942307692307693
0 0.3798076923076923 0.22956730769230768 0.09375 0.09375
0 0.36177884615384615 0.25721153846153844 0.07692307692307693 0.07451923076923077
0 0.2247596153846154 0.5276442307692307 0.10336538461538461 0.11778846153846154
0 0.08173076923076923 0.5372596153846154 0.16346153846153846 0.13701923076923078
0 0.6057692307692307 0.9375 0.08413461538461539 0.08413461538461539