0 0.06009615384615385 0.35336538461538464 0.1201923076923077 0.04807692307692308
0 0.038461538461538464 0.3125 0.07692307692307693 0.12980769230769232
0 0.1466346153846154 0.30408653846153844 0.1778846153846154 0.1466346153846154
0 0.36177884615384615 0.35096153846153844 0.2091346153846154 0.052884615384615384
0 0.3918269230769231 0.296875 0.23557692307692307 0.16105769230769232
0 0.875 0.19831730769230768 0.1875 0.1875
0 0.7608173076923077 0.15264423076923078 0.2860576923076923 0.28365384615384615
0 0.8161057692307693 0.06971153846153846 0.22355769230769232 0.13942307692307693
0 0.8810096153846154 0.0625 0.23317307692307693 0.125
0 0.9447115384615384 0.3004807692307692 0.10576923076923077 0.15384615384615385
0 0.9278846153846154 0.34975961538461536 0.13942307692307693 0.055288461538461536
0 0.2776442307692308 0.4543269230769231 0.18028846153846154 0.14903846153846154
0 0.32091346153846156 0.9170673076923077 0.052884615384615384 0.055288461538461536
0 0.2980769230769231 0.671875 0.12259615384615384 0.12259615384615384
0 0.3112980769230769 0.8173076923076923 0.0985576923076923 0.0985576923076923
0 0.9495192307692307 0.9747596153846154 0.09615384615384616 0.04567307692307692
0 0.8810096153846154 0.49399038461538464 0.23317307692307693 0.2283653846153846
0 0.640625 0.45552884615384615 0.10336538461538461 0.15144230769230768
0 0.8810096153846154 0.49399038461538464 0.23317307692307693 0.2283653846153846
0 0.640625 0.45552884615384615 0.10336538461538461 0.15144230769230768