0 0.65625 0.4483173076923077 0.07451923076923077 0.07692307692307693
0 0.6875 0.484375 0.10576923076923077 0.026442307692307692
0 0.8954326923076923 0.4879807692307692 0.08413461538461539 0.019230769230769232
0 0.546875 0.6875 0.055288461538461536 0.052884615384615384
0 0.65625 0.9098557692307693 0.02403846153846154 0.021634615384615384
0 0.5564903846153846 0.8197115384615384 0.03125 0.028846153846153848
0 0.5769230769230769 0.7668269230769231 0.04326923076923077 0.040865384615384616
0 0.7163461538461539 0.9711538461538461 0.014423076923076924 0.014423076923076924
0 0.6766826923076923 0.7824519230769231 0.04567307692307692 0.04567307692307692
0 0.6682692307692307 0.8293269230769231 0.08653846153846154 0.09134615384615384
0 0.6418269230769231 0.8100961538461539 0.028846153846153848 0.026442307692307692
0 0.7752403846153846 0.9567307692307693 0.021634615384615384 0.016826923076923076
0 0.7512019230769231 0.9543269230769231 0.02403846153846154 0.02403846153846154
0 0.7091346153846154 0.9038461538461539 0.02403846153846154 0.021634615384615384
0 0.5637019230769231 0.8389423076923077 0.03365384615384615 0.026442307692307692
0 0.5408653846153846 0.8449519230769231 0.028846153846153848 0.02403846153846154
0 0.7271634615384616 0.9951923076923077 0.026442307692307692 0.004807692307692308