0 0.8737980769230769 0.052884615384615384 0.11057692307692307 0.10576923076923077
0 0.8713942307692307 0.12259615384615384 0.09375 0.09134615384615384
0 0.9399038461538461 0.10336538461538461 0.11538461538461539 0.11538461538461539
0 0.9507211538461539 0.04326923076923077 0.0889423076923077 0.08653846153846154
0 0.040865384615384616 0.8173076923076923 0.08173076923076923 0.08653846153846154
0 0.140625 0.8786057692307693 0.040865384615384616 0.04326923076923077
0 0.11658653846153846 0.921875 0.03365384615384615 0.03365384615384615
0 0.11899038461538461 0.9879807692307693 0.026442307692307692 0.019230769230769232
0 0.13341346153846154 0.9723557692307693 0.028846153846153848 0.03125
0 0.9423076923076923 0.9302884615384616 0.04807692307692308 0.05048076923076923
0 0.8930288461538461 0.9759615384615384 0.06490384615384616 0.04326923076923077
0 0.9579326923076923 0.7872596153846154 0.06009615384615385 0.057692307692307696
0 0.84375 0.9483173076923077 0.06490384615384616 0.06490384615384616
0 0.8605769230769231 0.8533653846153846 0.09134615384615384 0.08653846153846154
0 0.8677884615384616 0.7920673076923077 0.11778846153846154 0.10336538461538461
0 0.7091346153846154 0.9290865384615384 0.11298076923076923 0.10336538461538461
0 0.6622596153846154 0.6442307692307693 0.17307692307692307 0.1875