0 0.3233173076923077 0.1346153846153846 0.10576923076923077 0.10096153846153846
0 0.14302884615384615 0.34134615384615385 0.125 0.12980769230769232
0 0.25841346153846156 0.15264423076923078 0.10336538461538461 0.09615384615384616
0 0.2247596153846154 0.26802884615384615 0.10096153846153846 0.11057692307692307
0 0.12139423076923077 0.43028846153846156 0.04326923076923077 0.040865384615384616
0 0.20192307692307693 0.4579326923076923 0.06971153846153846 0.052884615384615384
0 0.3173076923076923 0.3112980769230769 0.040865384615384616 0.036057692307692304
0 0.3858173076923077 0.019230769230769232 0.1466346153846154 0.038461538461538464
0 0.38822115384615385 0.054086538461538464 0.12259615384615384 0.10817307692307693
0 0.3293269230769231 0.051682692307692304 0.09134615384615384 0.09375
0 0.2860576923076923 0.06129807692307692 0.15384615384615385 0.12259615384615384
0 0.06971153846153846 0.0733173076923077 0.09375 0.10576923076923077
0 0.05048076923076923 0.45552884615384615 0.038461538461538464 0.038461538461538464
0 0.765625 0.5384615384615384 0.038461538461538464 0.040865384615384616
0 0.8930288461538461 0.4495192307692308 0.026442307692307692 0.02403846153846154
0 0.8810096153846154 0.41225961538461536 0.036057692307692304 0.03365384615384615
0 0.71875 0.49759615384615385 0.09375 0.08653846153846154
0 0.8245192307692307 0.5 0.040865384615384616 0.036057692307692304
0 0.30288461538461536 0.9699519230769231 0.05048076923076923 0.04807692307692308
0 0.28125 0.9567307692307693 0.057692307692307696 0.055288461538461536
0 0.3641826923076923 0.8882211538461539 0.06971153846153846 0.0673076923076923
0 0.49759615384615385 0.78125 0.08653846153846154 0.08173076923076923
0 0.43509615384615385 0.7920673076923077 0.08413461538461539 0.07692307692307693
0 0.3425480769230769 0.8353365384615384 0.07692307692307693 0.07932692307692307
0 0.3317307692307692 0.7223557692307693 0.16346153846153846 0.06490384615384616
0 0.8930288461538461 0.7295673076923077 0.2091346153846154 0.07932692307692307