0 0.9230769230769231 0.21033653846153846 0.040865384615384616 0.040865384615384616
0 0.9495192307692307 0.4026442307692308 0.09615384615384616 0.10336538461538461
0 0.9387019230769231 0.3425480769230769 0.08173076923076923 0.08173076923076923
0 0.9362980769230769 0.29086538461538464 0.06009615384615385 0.0625
0 0.984375 0.2620192307692308 0.026442307692307692 0.052884615384615384
0 0.9326923076923077 0.25240384615384615 0.040865384615384616 0.040865384615384616
0 0.9254807692307693 0.21995192307692307 0.04567307692307692 0.04567307692307692
0 0.9206730769230769 0.1935096153846154 0.040865384615384616 0.040865384615384616
0 0.9122596153846154 0.17307692307692307 0.04326923076923077 0.04567307692307692
0 0.9086538461538461 0.15384615384615385 0.03365384615384615 0.03365384615384615
0 0.9026442307692307 0.1346153846153846 0.028846153846153848 0.028846153846153848
0 0.9002403846153846 0.03485576923076923 0.02403846153846154 0.02403846153846154
0 0.09254807692307693 0.7992788461538461 0.18509615384615385 0.18990384615384615