0 0.28365384615384615 0.2127403846153846 0.28365384615384615 0.06971153846153846
0 0.21754807692307693 0.12259615384615384 0.31009615384615385 0.24519230769230768
0 0.8413461538461539 0.04807692307692308 0.3125 0.09615384615384616
0 0.9110576923076923 0.20072115384615385 0.17307692307692307 0.09375
0 0.9411057692307693 0.12740384615384615 0.11298076923076923 0.1875
0 0.9507211538461539 0.13701923076923078 0.09375 0.22115384615384615
0 0.3329326923076923 0.5865384615384616 0.038461538461538464 0.038461538461538464
0 0.2536057692307692 0.7043269230769231 0.05048076923076923 0.055288461538461536
0 0.23197115384615385 0.7295673076923077 0.03365384615384615 0.03125
0 0.3894230769230769 0.48677884615384615 0.03365384615384615 0.03365384615384615
0 0.33413461538461536 0.5612980769230769 0.040865384615384616 0.040865384615384616
0 0.17908653846153846 0.7632211538461539 0.038461538461538464 0.038461538461538464
0 0.33653846153846156 0.5276442307692307 0.05048076923076923 0.05048076923076923
0 0.2704326923076923 0.6021634615384616 0.055288461538461536 0.055288461538461536
0 0.1466346153846154 0.7512019230769231 0.04807692307692308 0.05048076923076923
0 0.10096153846153846 0.8088942307692307 0.055288461538461536 0.057692307692307696
0 0.31850961538461536 0.4795673076923077 0.055288461538461536 0.055288461538461536
0 0.2536057692307692 0.53125 0.06009615384615385 0.06009615384615385
0 0.030048076923076924 0.8209134615384616 0.06009615384615385 0.06490384615384616
0 0.014423076923076924 0.8677884615384616 0.028846153846153848 0.07692307692307693
0 0.3076923076923077 0.36778846153846156 0.09615384615384616 0.09134615384615384
0 0.140625 0.6069711538461539 0.09134615384615384 0.0889423076923077
0 0.2439903846153846 0.33653846153846156 0.09134615384615384 0.0889423076923077
0 0.14302884615384615 0.29927884615384615 0.1658653846153846 0.0985576923076923
0 0.44471153846153844 0.5600961538461539 0.014423076923076924 0.014423076923076924
0 0.47716346153846156 0.5036057692307693 0.019230769230769232 0.019230769230769232
0 0.4170673076923077 0.5949519230769231 0.016826923076923076 0.016826923076923076
0 0.39903846153846156 0.6105769230769231 0.021634615384615384 0.021634615384615384
0 0.4675480769230769 0.5036057692307693 0.014423076923076924 0.014423076923076924
0 0.3762019230769231 0.6262019230769231 0.021634615384615384 0.021634615384615384
0 0.4014423076923077 0.5841346153846154 0.019230769230769232 0.019230769230769232
0 0.4110576923076923 0.5576923076923077 0.019230769230769232 0.019230769230769232
0 0.3389423076923077 0.6442307692307693 0.026442307692307692 0.02403846153846154
0 0.40625 0.5396634615384616 0.026442307692307692 0.02403846153846154
0 0.3894230769230769 0.5649038461538461 0.02403846153846154 0.021634615384615384
0 0.4182692307692308 0.5144230769230769 0.02403846153846154 0.026442307692307692
0 0.30649038461538464 0.6814903846153846 0.028846153846153848 0.026442307692307692
0 0.6117788461538461 0.9134615384615384 0.10336538461538461 0.10576923076923077
0 0.6766826923076923 0.8137019230769231 0.08173076923076923 0.08173076923076923
0 0.6826923076923077 0.8713942307692307 0.08173076923076923 0.08173076923076923