0 0.14903846153846154 0.3581730769230769 0.038461538461538464 0.036057692307692304
0 0.1658653846153846 0.3329326923076923 0.0625 0.057692307692307696
0 0.16346153846153846 0.15264423076923078 0.08173076923076923 0.0889423076923077
0 0.20072115384615385 0.2956730769230769 0.07451923076923077 0.06971153846153846
0 0.23197115384615385 0.24879807692307693 0.08653846153846154 0.07692307692307693
0 0.13581730769230768 0.37740384615384615 0.04326923076923077 0.03365384615384615
0 0.2692307692307692 0.5588942307692307 0.14903846153846154 0.040865384615384616
0 0.3737980769230769 0.5805288461538461 0.18028846153846154 0.08413461538461539
0 0.08413461538461539 0.921875 0.06971153846153846 0.057692307692307696
0 0.02403846153846154 0.5709134615384616 0.04807692307692308 0.06490384615384616
0 0.8629807692307693 0.6189903846153846 0.2692307692307692 0.16105769230769232
0 0.6887019230769231 0.8762019230769231 0.22355769230769232 0.22355769230769232
0 0.5649038461538461 0.9242788461538461 0.1201923076923077 0.1201923076923077
0 0.5661057692307693 0.7403846153846154 0.14182692307692307 0.16105769230769232
0 0.6850961538461539 0.6887019230769231 0.1778846153846154 0.20673076923076922