0 0.38221153846153844 0.38461538461538464 0.14903846153846154 0.14903846153846154
0 0.44591346153846156 0.21033653846153846 0.040865384615384616 0.09375
0 0.42788461538461536 0.13581730769230768 0.07692307692307693 0.07932692307692307
0 0.4483173076923077 0.08774038461538461 0.036057692307692304 0.07932692307692307
0 0.3641826923076923 0.21754807692307693 0.1201923076923077 0.11298076923076923
0 0.8293269230769231 0.36778846153846156 0.20673076923076922 0.1875
0 0.6778846153846154 0.36899038461538464 0.28125 0.2692307692307692
0 0.9194711538461539 0.1875 0.1346153846153846 0.125
0 0.6634615384615384 0.02283653846153846 0.15384615384615385 0.04567307692307692
0 0.828125 0.11298076923076923 0.25240384615384615 0.22596153846153846
0 0.9471153846153846 0.016826923076923076 0.10576923076923077 0.03365384615384615
0 0.5048076923076923 0.11778846153846154 0.07211538461538461 0.20673076923076922
0 0.9555288461538461 0.12980769230769232 0.08413461538461539 0.1346153846153846
0 0.4879807692307692 0.7487980769230769 0.038461538461538464 0.12259615384615384
0 0.7800480769230769 0.7439903846153846 0.04567307692307692 0.04807692307692308