0 0.040865384615384616 0.2127403846153846 0.08173076923076923 0.15625
0 0.4735576923076923 0.25 0.30288461538461536 0.2548076923076923
0 0.6742788461538461 0.14182692307692307 0.07211538461538461 0.08653846153846154
0 0.7307692307692307 0.10096153846153846 0.0625 0.07211538461538461
0 0.8954326923076923 0.016826923076923076 0.02403846153846154 0.03125
0 0.921875 0.06490384615384616 0.06971153846153846 0.08173076923076923
0 0.05048076923076923 0.6646634615384616 0.10096153846153846 0.10336538461538461
0 0.02403846153846154 0.6201923076923077 0.04807692307692308 0.09615384615384616
0 0.08413461538461539 0.5661057692307693 0.0673076923076923 0.06490384615384616
0 0.15625 0.5757211538461539 0.0673076923076923 0.0673076923076923
0 0.20793269230769232 0.5360576923076923 0.057692307692307696 0.055288461538461536
0 0.15745192307692307 0.5192307692307693 0.04326923076923077 0.04567307692307692
0 0.24158653846153846 0.5036057692307693 0.04807692307692308 0.05048076923076923
0 0.24879807692307693 0.46153846153846156 0.036057692307692304 0.036057692307692304
0 0.28725961538461536 0.46634615384615385 0.016826923076923076 0.038461538461538464
0 0.26322115384615385 0.43990384615384615 0.03125 0.036057692307692304
0 0.24158653846153846 0.4266826923076923 0.040865384615384616 0.03125
0 0.2848557692307692 0.4362980769230769 0.021634615384615384 0.040865384615384616
0 0.3581730769230769 0.5612980769230769 0.04807692307692308 0.04807692307692308
0 0.46153846153846156 0.6862980769230769 0.0625 0.07211538461538461
0 0.5444711538461539 0.7992788461538461 0.10817307692307693 0.12740384615384615
0 0.6009615384615384 0.9290865384615384 0.14903846153846154 0.13701923076923078