0 0.45552884615384615 0.7079326923076923 0.06009615384615385 0.08413461538461539
0 0.375 0.8173076923076923 0.05048076923076923 0.055288461538461536
0 0.3088942307692308 0.8100961538461539 0.07692307692307693 0.10096153846153846
0 0.2644230769230769 0.5841346153846154 0.08653846153846154 0.09134615384615384
0 0.25 0.7439903846153846 0.06490384615384616 0.07211538461538461
0 0.29086538461538464 0.8774038461538461 0.055288461538461536 0.036057692307692304
0 0.2512019230769231 0.890625 0.04326923076923077 0.040865384615384616
0 0.17067307692307693 0.8173076923076923 0.057692307692307696 0.06971153846153846
0 0.2091346153846154 0.90625 0.03125 0.03125
0 0.9651442307692307 0.5060096153846154 0.06490384615384616 0.11298076923076923
0 0.7572115384615384 0.6478365384615384 0.12259615384615384 0.12740384615384615
0 0.5192307692307693 0.8185096153846154 0.0625 0.06490384615384616
0 0.6165865384615384 0.6586538461538461 0.25721153846153844 0.28365384615384615
0 0.8617788461538461 0.49759615384615385 0.21394230769230768 0.09615384615384616