0 0.9807692307692307 0.22716346153846154 0.03365384615384615 0.06009615384615385
0 0.7139423076923077 0.15144230769230768 0.05048076923076923 0.0625
0 0.65625 0.140625 0.0673076923076923 0.057692307692307696
0 0.9290865384615384 0.16346153846153846 0.08413461538461539 0.09615384615384616
0 0.8497596153846154 0.08413461538461539 0.08173076923076923 0.0985576923076923
0 0.7680288461538461 0.03125 0.11298076923076923 0.0625
0 0.9747596153846154 0.03485576923076923 0.04567307692307692 0.06971153846153846
0 0.9591346153846154 0.3125 0.03125 0.03125
0 0.9158653846153846 0.30649038461538464 0.04326923076923077 0.04807692307692308
0 0.3545673076923077 0.5949519230769231 0.07211538461538461 0.09375
0 0.41225961538461536 0.7716346153846154 0.055288461538461536 0.06971153846153846
0 0.4423076923076923 0.8545673076923077 0.03365384615384615 0.036057692307692304
0 0.36177884615384615 0.8942307692307693 0.021634615384615384 0.021634615384615384
0 0.3737980769230769 0.9242788461538461 0.021634615384615384 0.021634615384615384
0 0.4110576923076923 0.9495192307692307 0.01201923076923077 0.016826923076923076
0 0.4483173076923077 0.9747596153846154 0.016826923076923076 0.016826923076923076
0 0.4651442307692308 0.9939903846153846 0.002403846153846154 0.01201923076923077