0 0.31971153846153844 0.24759615384615385 0.11538461538461539 0.125
0 0.34975961538461536 0.3389423076923077 0.055288461538461536 0.10096153846153846
0 0.28846153846153844 0.5252403846153846 0.04807692307692308 0.021634615384615384
0 0.8762019230769231 0.296875 0.04807692307692308 0.04567307692307692
0 0.7151442307692307 0.33413461538461536 0.06490384615384616 0.07211538461538461
0 0.8653846153846154 0.23677884615384615 0.0889423076923077 0.08653846153846154
0 0.5949519230769231 0.26802884615384615 0.12259615384615384 0.11298076923076923
0 0.7271634615384616 0.4495192307692308 0.040865384615384616 0.040865384615384616
0 0.2403846153846154 0.7932692307692307 0.11538461538461539 0.10576923076923077
0 0.08774038461538461 0.8016826923076923 0.17548076923076922 0.25240384615384615
0 0.16105769230769232 0.6334134615384616 0.20192307692307693 0.18990384615384615
0 0.31971153846153844 0.6538461538461539 0.11538461538461539 0.14903846153846154
0 0.3449519230769231 0.8653846153846154 0.06490384615384616 0.07211538461538461
0 0.35216346153846156 0.7355769230769231 0.05048076923076923 0.125
0 0.07572115384615384 0.6959134615384616 0.15144230769230768 0.21394230769230768
0 0.28846153846153844 0.7319711538461539 0.1346153846153846 0.13221153846153846
0 0.3545673076923077 0.7836538461538461 0.04567307692307692 0.09615384615384616