0 0.27524038461538464 0.09975961538461539 0.06971153846153846 0.06490384615384616
0 0.09375 0.14423076923076922 0.1875 0.28846153846153844
0 0.8605769230769231 0.16466346153846154 0.07211538461538461 0.0673076923076923
0 0.9795673076923077 0.27163461538461536 0.036057692307692304 0.07211538461538461
0 0.9182692307692307 0.3016826923076923 0.0985576923076923 0.09615384615384616
0 0.9543269230769231 0.3473557692307692 0.0889423076923077 0.08413461538461539
0 0.8161057692307693 0.3293269230769231 0.11057692307692307 0.10096153846153846
0 0.8233173076923077 0.39663461538461536 0.125 0.11057692307692307
0 0.2127403846153846 0.5673076923076923 0.07932692307692307 0.038461538461538464
0 0.32572115384615385 0.5600961538461539 0.06971153846153846 0.02403846153846154
0 0.44591346153846156 0.7115384615384616 0.10336538461538461 0.11538461538461539
0 0.9074519230769231 0.5709134615384616 0.08413461538461539 0.04567307692307692
0 0.96875 0.8990384615384616 0.057692307692307696 0.17307692307692307
0 0.6466346153846154 0.5757211538461539 0.1346153846153846 0.055288461538461536
0 0.8161057692307693 0.5949519230769231 0.14182692307692307 0.09375