0 0.09615384615384616 0.12980769230769232 0.19230769230769232 0.25961538461538464
0 0.1658653846153846 0.11899038461538461 0.21634615384615385 0.21634615384615385
0 0.1141826923076923 0.32091346153846156 0.17307692307692307 0.17307692307692307
0 0.056490384615384616 0.39302884615384615 0.11298076923076923 0.19471153846153846
0 0.07091346153846154 0.46033653846153844 0.13221153846153846 0.07451923076923077
0 0.5552884615384616 0.2860576923076923 0.08173076923076923 0.08173076923076923
0 0.5360576923076923 0.3485576923076923 0.06971153846153846 0.06971153846153846
0 0.5384615384615384 0.054086538461538464 0.16826923076923078 0.10817307692307693
0 0.59375 0.0985576923076923 0.11778846153846154 0.11778846153846154
0 0.5048076923076923 0.47475961538461536 0.057692307692307696 0.04567307692307692
0 0.5228365384615384 0.4266826923076923 0.06971153846153846 0.06971153846153846
0 0.49759615384615385 0.3004807692307692 0.0889423076923077 0.0889423076923077
0 0.48197115384615385 0.39663461538461536 0.07692307692307693 0.07932692307692307
0 0.5228365384615384 0.13221153846153846 0.12980769230769232 0.12980769230769232
0 0.14783653846153846 0.984375 0.040865384615384616 0.026442307692307692
0 0.17307692307692307 0.9555288461538461 0.05048076923076923 0.04807692307692308
0 0.15865384615384615 0.9519230769230769 0.04807692307692308 0.04807692307692308
0 0.25240384615384615 0.7932692307692307 0.06971153846153846 0.06971153846153846
0 0.22716346153846154 0.7752403846153846 0.07932692307692307 0.07692307692307693
0 0.08653846153846154 0.8737980769230769 0.07451923076923077 0.07451923076923077
0 0.2620192307692308 0.6826923076923077 0.09134615384615384 0.09134615384615384
0 0.1935096153846154 0.6574519230769231 0.11538461538461539 0.11538461538461539
0 0.3137019230769231 0.5456730769230769 0.11778846153846154 0.09134615384615384
0 0.109375 0.7007211538461539 0.11057692307692307 0.11057692307692307
0 0.025240384615384616 0.6538461538461539 0.05048076923076923 0.14903846153846154
0 0.14302884615384615 0.5216346153846154 0.18990384615384615 0.04326923076923077
0 0.6875 0.7776442307692307 0.14182692307692307 0.13942307692307693
0 0.6862980769230769 0.9555288461538461 0.09375 0.08413461538461539
0 0.7596153846153846 0.7427884615384616 0.15144230769230768 0.15144230769230768