0 0.24519230769230768 0.14783653846153846 0.06009615384615385 0.06009615384615385
0 0.2848557692307692 0.11658653846153846 0.0625 0.06009615384615385
0 0.2956730769230769 0.2283653846153846 0.06971153846153846 0.06971153846153846
0 0.3233173076923077 0.171875 0.08173076923076923 0.07211538461538461
0 0.5060096153846154 0.3088942307692308 0.12740384615384615 0.036057692307692304
0 0.038461538461538464 0.5721153846153846 0.06009615384615385 0.055288461538461536
0 0.7355769230769231 0.6911057692307693 0.019230769230769232 0.019230769230769232
0 0.9098557692307693 0.6838942307692307 0.0889423076923077 0.06490384615384616
0 0.8653846153846154 0.6418269230769231 0.055288461538461536 0.052884615384615384
0 0.8245192307692307 0.75 0.038461538461538464 0.036057692307692304
0 0.8004807692307693 0.7079326923076923 0.04326923076923077 0.036057692307692304
0 0.7908653846153846 0.640625 0.03125 0.03365384615384615
0 0.7896634615384616 0.5889423076923077 0.03125 0.03365384615384615
0 0.7668269230769231 0.6766826923076923 0.028846153846153848 0.028846153846153848
0 0.7680288461538461 0.7475961538461539 0.028846153846153848 0.026442307692307692
0 0.7752403846153846 0.7836538461538461 0.03365384615384615 0.026442307692307692
0 0.7403846153846154 0.7836538461538461 0.019230769230769232 0.019230769230769232
0 0.7247596153846154 0.7980769230769231 0.019230769230769232 0.016826923076923076
0 0.7307692307692307 0.8461538461538461 0.019230769230769232 0.016826923076923076
0 0.7367788461538461 0.7223557692307693 0.019230769230769232 0.019230769230769232
0 0.7283653846153846 0.7439903846153846 0.019230769230769232 0.019230769230769232
0 0.7151442307692307 0.7632211538461539 0.014423076923076924 0.014423076923076924