0 0.4963942307692308 0.030048076923076924 0.07932692307692307 0.06009615384615385
0 0.4206730769230769 0.12740384615384615 0.10817307692307693 0.10817307692307693
0 0.4483173076923077 0.03245192307692308 0.1658653846153846 0.06490384615384616
0 0.4074519230769231 0.27403846153846156 0.07451923076923077 0.04326923076923077
0 0.41225961538461536 0.2127403846153846 0.08413461538461539 0.08413461538461539
0 0.8858173076923077 0.23197115384615385 0.22355769230769232 0.12740384615384615
0 0.6526442307692307 0.23317307692307693 0.2283653846153846 0.125
0 0.6009615384615384 0.15504807692307693 0.125 0.28125
0 0.8689903846153846 0.055288461538461536 0.25721153846153844 0.11057692307692307
0 0.8870192307692307 0.1466346153846154 0.22115384615384615 0.2932692307692308
0 0.5228365384615384 0.5408653846153846 0.026442307692307692 0.0625
0 0.5096153846153846 0.6021634615384616 0.052884615384615384 0.06009615384615385
0 0.5300480769230769 0.5973557692307693 0.01201923076923077 0.05048076923076923
0 0.4963942307692308 0.6394230769230769 0.06971153846153846 0.06971153846153846
0 0.5096153846153846 0.6995192307692307 0.04567307692307692 0.04567307692307692
0 0.1045673076923077 0.9495192307692307 0.06490384615384616 0.06490384615384616
0 0.2283653846153846 0.9110576923076923 0.0625 0.06009615384615385
0 0.1971153846153846 0.9074519230769231 0.06490384615384616 0.06490384615384616
0 0.18389423076923078 0.953125 0.0625 0.06009615384615385
0 0.21153846153846154 0.9519230769230769 0.055288461538461536 0.055288461538461536
0 0.18389423076923078 0.9795673076923077 0.055288461538461536 0.036057692307692304
0 0.15384615384615385 0.9338942307692307 0.0673076923076923 0.0673076923076923
0 0.04807692307692308 0.9314903846153846 0.07932692307692307 0.07932692307692307
0 0.6358173076923077 0.6959134615384616 0.18990384615384615 0.1875
0 0.7391826923076923 0.6887019230769231 0.1875 0.18509615384615385
0 0.6706730769230769 0.9495192307692307 0.11057692307692307 0.09615384615384616