0 0.4651442307692308 0.46634615384615385 0.06490384615384616 0.09134615384615384
0 0.4891826923076923 0.4230769230769231 0.016826923076923076 0.07211538461538461
0 0.4795673076923077 0.35336538461538464 0.036057692307692304 0.09134615384615384
0 0.41466346153846156 0.30528846153846156 0.1346153846153846 0.14423076923076922
0 0.46634615384615385 0.25721153846153844 0.0625 0.1346153846153846
0 0.17427884615384615 0.3233173076923077 0.3125 0.33413461538461536
0 0.7487980769230769 0.5372596153846154 0.06490384615384616 0.036057692307692304
0 0.4795673076923077 0.6742788461538461 0.036057692307692304 0.05048076923076923
0 0.4639423076923077 0.7043269230769231 0.040865384615384616 0.04326923076923077
0 0.18269230769230768 0.8413461538461539 0.04326923076923077 0.05048076923076923
0 0.20072115384615385 0.7163461538461539 0.0625 0.06971153846153846
0 0.21634615384615385 0.6658653846153846 0.07211538461538461 0.07932692307692307
0 0.22355769230769232 0.6129807692307693 0.0889423076923077 0.09615384615384616
0 0.23557692307692307 0.5733173076923077 0.11538461538461539 0.03125
0 0.49278846153846156 0.7584134615384616 0.009615384615384616 0.040865384615384616