0 0.4098557692307692 0.11298076923076923 0.20673076923076922 0.20673076923076922
0 0.5612980769230769 0.25240384615384615 0.0889423076923077 0.125
0 0.484375 0.3233173076923077 0.16105769230769232 0.06490384615384616
0 0.2283653846153846 0.2800480769230769 0.25961538461538464 0.15144230769230768
0 0.8257211538461539 0.11899038461538461 0.16346153846153846 0.15865384615384615
0 0.9735576923076923 0.038461538461538464 0.04807692307692308 0.07692307692307693
0 0.6586538461538461 0.21153846153846154 0.10096153846153846 0.1971153846153846
0 0.5108173076923077 0.8629807692307693 0.12980769230769232 0.13701923076923078
0 0.41586538461538464 0.6971153846153846 0.20673076923076922 0.20432692307692307
0 0.4423076923076923 0.8822115384615384 0.15384615384615385 0.15384615384615385
0 0.5396634615384616 0.9783653846153846 0.11298076923076923 0.038461538461538464
0 0.49278846153846156 0.6742788461538461 0.15144230769230768 0.14903846153846154
0 0.38341346153846156 0.45072115384615385 0.4206730769230769 0.18509615384615385
0 0.35216346153846156 0.8665865384615384 0.20673076923076922 0.19951923076923078