0 0.28125 0.2283653846153846 0.08413461538461539 0.08653846153846154
0 0.39783653846153844 0.2932692307692308 0.0673076923076923 0.06971153846153846
0 0.17427884615384615 0.7800480769230769 0.2980769230769231 0.28365384615384615
0 0.31971153846153844 0.8894230769230769 0.27884615384615385 0.21634615384615385
0 0.3485576923076923 0.6742788461538461 0.15384615384615385 0.15865384615384615
0 0.2920673076923077 0.5348557692307693 0.18028846153846154 0.13221153846153846
0 0.3954326923076923 0.5084134615384616 0.17548076923076922 0.07932692307692307
0 0.7211538461538461 0.6911057692307693 0.06009615384615385 0.06490384615384616
0 0.7403846153846154 0.7620192307692307 0.04807692307692308 0.052884615384615384
0 0.7043269230769231 0.7512019230769231 0.055288461538461536 0.057692307692307696
0 0.6826923076923077 0.7884615384615384 0.07211538461538461 0.07451923076923077
0 0.5528846153846154 0.625 0.04807692307692308 0.08173076923076923
0 0.5769230769230769 0.9266826923076923 0.09615384615384616 0.10817307692307693
0 0.9375 0.90625 0.014423076923076924 0.014423076923076924
0 0.9411057692307693 0.9170673076923077 0.019230769230769232 0.019230769230769232
0 0.9242788461538461 0.9170673076923077 0.026442307692307692 0.026442307692307692
0 0.96875 0.9927884615384616 0.02403846153846154 0.009615384615384616
0 0.8762019230769231 0.84375 0.021634615384615384 0.021634615384615384
0 0.8822115384615384 0.8629807692307693 0.019230769230769232 0.019230769230769232
0 0.8822115384615384 0.8725961538461539 0.016826923076923076 0.019230769230769232
0 0.8629807692307693 0.8533653846153846 0.03365384615384615 0.03365384615384615
0 0.8533653846153846 0.8389423076923077 0.02403846153846154 0.02403846153846154
0 0.7944711538461539 0.7788461538461539 0.028846153846153848 0.03125
0 0.8076923076923077 0.8149038461538461 0.036057692307692304 0.036057692307692304
0 0.8137019230769231 0.8269230769230769 0.036057692307692304 0.036057692307692304