0 0.43509615384615385 0.001201923076923077 0.014423076923076924 0.002403846153846154
0 0.42427884615384615 0.026442307692307692 0.016826923076923076 0.016826923076923076
0 0.42427884615384615 0.04447115384615385 0.02403846153846154 0.02403846153846154
0 0.4807692307692308 0.006009615384615385 0.009615384615384616 0.01201923076923077
0 0.40625 0.0733173076923077 0.02403846153846154 0.02403846153846154
0 0.4098557692307692 0.08774038461538461 0.026442307692307692 0.026442307692307692
0 0.4795673076923077 0.039663461538461536 0.01201923076923077 0.026442307692307692
0 0.41466346153846156 0.17668269230769232 0.04326923076923077 0.04567307692307692
0 0.3485576923076923 0.25240384615384615 0.05048076923076923 0.05048076923076923
0 0.4014423076923077 0.22956730769230768 0.052884615384615384 0.052884615384615384
0 0.29447115384615385 0.3293269230769231 0.06490384615384616 0.06490384615384616
0 0.39903846153846156 0.265625 0.057692307692307696 0.057692307692307696
0 0.2920673076923077 0.38822115384615385 0.07692307692307693 0.07692307692307693
0 0.38461538461538464 0.3112980769230769 0.08413461538461539 0.08653846153846154
0 0.37259615384615385 0.37259615384615385 0.0889423076923077 0.09134615384615384
0 0.20072115384615385 0.5288461538461539 0.08413461538461539 0.08413461538461539
0 0.24639423076923078 0.5144230769230769 0.0985576923076923 0.0985576923076923
0 0.35697115384615385 0.45552884615384615 0.10817307692307693 0.10817307692307693
0 0.20793269230769232 0.7283653846153846 0.11778846153846154 0.11778846153846154
0 0.2620192307692308 0.609375 0.0673076923076923 0.040865384615384616
0 0.15264423076923078 0.9795673076923077 0.17548076923076922 0.036057692307692304
0 0.5108173076923077 0.6766826923076923 0.04567307692307692 0.14182692307692307