0 0.8533653846153846 0.06971153846153846 0.03125 0.03125
0 0.8689903846153846 0.3798076923076923 0.09134615384615384 0.09134615384615384
0 0.8677884615384616 0.30288461538461536 0.07451923076923077 0.07451923076923077
0 0.859375 0.23197115384615385 0.05048076923076923 0.04807692307692308
0 0.8533653846153846 0.20793269230769232 0.04326923076923077 0.04326923076923077
0 0.8665865384615384 0.1201923076923077 0.03125 0.03125
0 0.8629807692307693 0.10817307692307693 0.02403846153846154 0.02403846153846154
0 0.859375 0.09375 0.026442307692307692 0.026442307692307692
0 0.14543269230769232 0.8870192307692307 0.29086538461538464 0.22115384615384615
0 0.5456730769230769 0.7427884615384616 0.23557692307692307 0.3076923076923077
0 0.9302884615384616 0.9447115384615384 0.1346153846153846 0.10576923076923077