0 0.14783653846153846 0.2980769230769231 0.2403846153846154 0.2403846153846154
0 0.3870192307692308 0.29086538461538464 0.16105769230769232 0.16826923076923078
0 0.515625 0.13221153846153846 0.10336538461538461 0.11538461538461539
0 0.703125 0.44350961538461536 0.0625 0.0625
0 0.6959134615384616 0.38100961538461536 0.07932692307692307 0.08173076923076923
0 0.6478365384615384 0.41947115384615385 0.07211538461538461 0.07211538461538461
0 0.7151442307692307 0.4891826923076923 0.04807692307692308 0.04326923076923077
0 0.7223557692307693 0.5504807692307693 0.04567307692307692 0.04807692307692308
0 0.6538461538461539 0.06370192307692307 0.15865384615384615 0.12740384615384615
0 0.671875 0.203125 0.11538461538461539 0.12259615384615384
0 0.6262019230769231 0.30288461538461536 0.11298076923076923 0.125
0 0.6189903846153846 0.14182692307692307 0.0985576923076923 0.1778846153846154
0 0.6706730769230769 0.48197115384615385 0.07692307692307693 0.07451923076923077
0 0.6935096153846154 0.5721153846153846 0.06009615384615385 0.028846153846153848
0 0.7271634615384616 0.5697115384615384 0.05048076923076923 0.03365384615384615
0 0.8221153846153846 0.7524038461538461 0.22115384615384615 0.22355769230769232
0 0.7163461538461539 0.6790865384615384 0.13701923076923078 0.1466346153846154
0 0.6033653846153846 0.8822115384615384 0.0673076923076923 0.16826923076923078
0 0.6899038461538461 0.6298076923076923 0.17307692307692307 0.08173076923076923