0 0.27163461538461536 0.49759615384615385 0.057692307692307696 0.019230769230769232
0 0.8713942307692307 0.09134615384615384 0.19471153846153846 0.18269230769230768
0 0.8774038461538461 0.20793269230769232 0.1658653846153846 0.17067307692307693
0 0.7451923076923077 0.22235576923076922 0.14903846153846154 0.15384615384615385
0 0.7127403846153846 0.36899038461538464 0.11538461538461539 0.125
0 0.6430288461538461 0.43990384615384615 0.0889423076923077 0.09615384615384616
0 0.5877403846153846 0.48197115384615385 0.07932692307692307 0.05048076923076923
0 0.3629807692307692 0.9146634615384616 0.0673076923076923 0.11778846153846154
0 0.8112980769230769 0.9290865384615384 0.03125 0.03125
0 0.84375 0.8088942307692307 0.055288461538461536 0.06009615384615385
0 0.9230769230769231 0.8173076923076923 0.04326923076923077 0.04567307692307692
0 0.7139423076923077 0.9170673076923077 0.038461538461538464 0.036057692307692304
0 0.7391826923076923 0.9206730769230769 0.036057692307692304 0.038461538461538464
0 0.9927884615384616 0.890625 0.009615384615384616 0.03125