0 0.14182692307692307 0.4795673076923077 0.07692307692307693 0.06009615384615385
0 0.06129807692307692 0.7223557692307693 0.12259615384615384 0.10817307692307693
0 0.025240384615384616 0.8125 0.05048076923076923 0.17307692307692307
0 0.7223557692307693 0.5757211538461539 0.07211538461538461 0.07451923076923077
0 0.8461538461538461 0.6298076923076923 0.052884615384615384 0.052884615384615384
0 0.9350961538461539 0.78125 0.05048076923076923 0.04326923076923077
0 0.5721153846153846 0.49038461538461536 0.09615384615384616 0.08173076923076923
0 0.8100961538461539 0.7451923076923077 0.07451923076923077 0.0673076923076923
0 0.9807692307692307 0.7319711538461539 0.03365384615384615 0.040865384615384616
0 0.9903846153846154 0.6370192307692307 0.014423076923076924 0.02403846153846154
0 0.44350961538461536 0.5264423076923077 0.15144230769230768 0.15384615384615385