0 0.6418269230769231 0.13701923076923078 0.03365384615384615 0.036057692307692304
0 0.7367788461538461 0.20072115384615385 0.03125 0.028846153846153848
0 0.9206730769230769 0.3088942307692308 0.08173076923076923 0.016826923076923076
0 0.625 0.003605769230769231 0.009615384615384616 0.007211538461538462
0 0.6358173076923077 0.016826923076923076 0.009615384615384616 0.007211538461538462
0 0.6502403846153846 0.026442307692307692 0.01201923076923077 0.01201923076923077
0 0.6322115384615384 0.021634615384615384 0.01201923076923077 0.01201923076923077
0 0.6322115384615384 0.056490384615384616 0.016826923076923076 0.019230769230769232
0 0.7151442307692307 0.12860576923076922 0.055288461538461536 0.06009615384615385
0 0.6382211538461539 0.09254807692307693 0.02403846153846154 0.028846153846153848
0 0.6983173076923077 0.140625 0.028846153846153848 0.03125
0 0.6658653846153846 0.12860576923076922 0.021634615384615384 0.021634615384615384
0 0.09495192307692307 0.6322115384615384 0.18990384615384615 0.2980769230769231
0 0.7151442307692307 0.3641826923076923 0.04807692307692308 0.04567307692307692
0 0.7680288461538461 0.45913461538461536 0.04807692307692308 0.040865384615384616
0 0.7247596153846154 0.3425480769230769 0.03365384615384615 0.03125
0 0.8257211538461539 0.5036057692307693 0.05048076923076923 0.040865384615384616