0 0.11538461538461539 0.6802884615384616 0.07451923076923077 0.0673076923076923
0 0.19471153846153846 0.5985576923076923 0.0985576923076923 0.0985576923076923
0 0.039663461538461536 0.7584134615384616 0.04807692307692308 0.052884615384615384
0 0.5721153846153846 0.34134615384615385 0.08653846153846154 0.19230769230769232
0 0.9507211538461539 0.48677884615384615 0.05048076923076923 0.057692307692307696
0 0.6694711538461539 0.3870192307692308 0.10576923076923077 0.10336538461538461
0 0.7608173076923077 0.4411057692307692 0.08173076923076923 0.08173076923076923
0 0.8725961538461539 0.49759615384615385 0.055288461538461536 0.0625
0 0.7512019230769231 0.5552884615384616 0.13942307692307693 0.12980769230769232
0 0.9783653846153846 0.59375 0.019230769230769232 0.021634615384615384
0 0.8269230769230769 0.46875 0.0673076923076923 0.06971153846153846
0 0.5600961538461539 0.6225961538461539 0.0625 0.07211538461538461
0 0.9903846153846154 0.5997596153846154 0.014423076923076924 0.021634615384615384
0 0.9963942307692307 0.6081730769230769 0.002403846153846154 0.02403846153846154