0 0.5300480769230769 0.5985576923076923 0.038461538461538464 0.04326923076923077
0 0.5661057692307693 0.6165865384615384 0.03125 0.03365384615384615
0 0.3798076923076923 0.5372596153846154 0.06009615384615385 0.052884615384615384
0 0.5745192307692307 0.5516826923076923 0.04326923076923077 0.06009615384615385
0 0.7115384615384616 0.6117788461538461 0.07692307692307693 0.06971153846153846
0 0.8100961538461539 0.5949519230769231 0.07211538461538461 0.0889423076923077
0 0.859375 0.6237980769230769 0.06490384615384616 0.04567307692307692
0 0.20072115384615385 0.734375 0.055288461538461536 0.0625
0 0.24879807692307693 0.6754807692307693 0.06009615384615385 0.052884615384615384
0 0.4182692307692308 0.9651442307692307 0.01201923076923077 0.014423076923076924
0 0.3557692307692308 0.9543269230769231 0.014423076923076924 0.021634615384615384