0 0.25240384615384615 0.016826923076923076 0.09134615384615384 0.03365384615384615
0 0.16706730769230768 0.013221153846153846 0.07932692307692307 0.026442307692307692
0 0.08052884615384616 0.008413461538461538 0.07451923076923077 0.016826923076923076
0 0.5637019230769231 0.16346153846153846 0.08413461538461539 0.1201923076923077
0 0.036057692307692304 0.1935096153846154 0.07211538461538461 0.15144230769230768
0 0.6971153846153846 0.025240384615384616 0.08653846153846154 0.05048076923076923
0 0.8774038461538461 0.06490384615384616 0.09615384615384616 0.08413461538461539
0 0.7319711538461539 0.06370192307692307 0.10336538461538461 0.11057692307692307
0 0.65625 0.11177884615384616 0.09615384615384616 0.11778846153846154
0 0.8401442307692307 0.25240384615384615 0.18269230769230768 0.1778846153846154
0 0.6346153846153846 0.2512019230769231 0.052884615384615384 0.19951923076923078
0 0.8473557692307693 0.6454326923076923 0.24278846153846154 0.14182692307692307