0 0.25721153846153844 0.53125 0.18269230769230768 0.09134615384615384
0 0.2860576923076923 0.4026442307692308 0.13942307692307693 0.12980769230769232
0 0.4423076923076923 0.40384615384615385 0.11538461538461539 0.1201923076923077
0 0.5432692307692307 0.4831730769230769 0.11778846153846154 0.13221153846153846
0 0.5709134615384616 0.19591346153846154 0.052884615384615384 0.05048076923076923
0 0.6442307692307693 0.20552884615384615 0.055288461538461536 0.055288461538461536
0 0.6802884615384616 0.2283653846153846 0.014423076923076924 0.0673076923076923
0 0.6826923076923077 0.15504807692307693 0.009615384615384616 0.040865384615384616
0 0.6730769230769231 0.12620192307692307 0.028846153846153848 0.040865384615384616
0 0.6358173076923077 0.06610576923076923 0.028846153846153848 0.021634615384615384
0 0.7367788461538461 0.06009615384615385 0.09375 0.1201923076923077
0 0.8786057692307693 0.008413461538461538 0.040865384615384616 0.016826923076923076
0 0.796875 0.013221153846153846 0.05048076923076923 0.026442307692307692