0 0.09014423076923077 0.22716346153846154 0.0625 0.0673076923076923
0 0.47716346153846156 0.26322115384615385 0.08413461538461539 0.08413461538461539
0 0.051682692307692304 0.34134615384615385 0.03125 0.03365384615384615
0 0.028846153846153848 0.390625 0.014423076923076924 0.014423076923076924
0 0.007211538461538462 0.3762019230769231 0.014423076923076924 0.021634615384615384
0 0.004807692307692308 0.40625 0.009615384615384616 0.014423076923076924
0 0.14182692307692307 0.6382211538461539 0.09134615384615384 0.0985576923076923
0 0.09735576923076923 0.6947115384615384 0.09134615384615384 0.07932692307692307
0 0.3401442307692308 0.8918269230769231 0.04326923076923077 0.040865384615384616
0 0.2620192307692308 0.8701923076923077 0.052884615384615384 0.04807692307692308
0 0.5012019230769231 0.9170673076923077 0.08413461538461539 0.10576923076923077
0 0.40865384615384615 0.9483173076923077 0.036057692307692304 0.038461538461538464
0 0.46153846153846156 0.9867788461538461 0.028846153846153848 0.021634615384615384
0 0.9615384615384616 0.8413461538461539 0.07211538461538461 0.3125
0 0.7704326923076923 0.8822115384615384 0.12259615384615384 0.23076923076923078