0 0.3737980769230769 0.3449519230769231 0.08413461538461539 0.1658653846153846
0 0.05889423076923077 0.06129807692307692 0.040865384615384616 0.05048076923076923
0 0.28846153846153844 0.2512019230769231 0.09134615384615384 0.08653846153846154
0 0.22115384615384615 0.16947115384615385 0.06971153846153846 0.07211538461538461
0 0.13581730769230768 0.07692307692307693 0.04567307692307692 0.055288461538461536
0 0.2692307692307692 0.06490384615384616 0.12259615384615384 0.10817307692307693
0 0.16947115384615385 0.1201923076923077 0.057692307692307696 0.06009615384615385
0 0.6658653846153846 0.7644230769230769 0.10096153846153846 0.08413461538461539
0 0.7355769230769231 0.7271634615384616 0.06490384615384616 0.06490384615384616
0 0.7584134615384616 0.7704326923076923 0.08653846153846154 0.08653846153846154
0 0.8221153846153846 0.7211538461538461 0.07692307692307693 0.07692307692307693
0 0.8810096153846154 0.6850961538461539 0.05048076923076923 0.05048076923076923
0 0.9110576923076923 0.6526442307692307 0.052884615384615384 0.04807692307692308
0 0.9302884615384616 0.5949519230769231 0.038461538461538464 0.036057692307692304
0 0.8245192307692307 0.6670673076923077 0.04807692307692308 0.04567307692307692
0 0.9867788461538461 0.5600961538461539 0.021634615384615384 0.03365384615384615