0 0.09495192307692307 0.2692307692307692 0.18990384615384615 0.20192307692307693
0 0.5492788461538461 0.12980769230769232 0.15625 0.15865384615384615
0 0.019230769230769232 0.6658653846153846 0.038461538461538464 0.0673076923076923
0 0.016826923076923076 0.6141826923076923 0.03365384615384615 0.06009615384615385
0 0.12139423076923077 0.9098557692307693 0.2283653846153846 0.17548076923076922
0 0.03365384615384615 0.8954326923076923 0.0673076923076923 0.13701923076923078
0 0.027644230769230768 0.7391826923076923 0.055288461538461536 0.0889423076923077
0 0.039663461538461536 0.6454326923076923 0.052884615384615384 0.052884615384615384
0 0.021634615384615384 0.5540865384615384 0.04326923076923077 0.06971153846153846
0 0.13581730769230768 0.6237980769230769 0.07932692307692307 0.07932692307692307
0 0.014423076923076924 0.5036057692307693 0.028846153846153848 0.036057692307692304
0 0.06009615384615385 0.48677884615384615 0.057692307692307696 0.016826923076923076
0 0.6346153846153846 0.734375 0.11298076923076923 0.11778846153846154
0 0.5649038461538461 0.5516826923076923 0.06009615384615385 0.06490384615384616
0 0.7824519230769231 0.9266826923076923 0.2283653846153846 0.14182692307692307