0 0.4387019230769231 0.5240384615384616 0.08413461538461539 0.04326923076923077
0 0.45552884615384615 0.5012019230769231 0.06009615384615385 0.06009615384615385
0 0.4963942307692308 0.45072115384615385 0.04807692307692308 0.052884615384615384
0 0.5180288461538461 0.41466346153846156 0.055288461538461536 0.06971153846153846
0 0.5324519230769231 0.3762019230769231 0.026442307692307692 0.06009615384615385
0 0.4483173076923077 0.08413461538461539 0.18509615384615385 0.16105769230769232
0 0.35216346153846156 0.06490384615384616 0.25240384615384615 0.12980769230769232
0 0.9459134615384616 0.4699519230769231 0.10336538461538461 0.13221153846153846
0 0.9627403846153846 0.5180288461538461 0.06971153846153846 0.055288461538461536
0 0.8810096153846154 0.48197115384615385 0.14182692307692307 0.12740384615384615
0 0.515625 0.7211538461538461 0.06009615384615385 0.10096153846153846
0 0.15985576923076922 0.8293269230769231 0.16105769230769232 0.13701923076923078