0 0.19110576923076922 0.08533653846153846 0.06490384615384616 0.0673076923076923
0 0.18990384615384615 0.040865384615384616 0.057692307692307696 0.057692307692307696
0 0.15384615384615385 0.03245192307692308 0.07692307692307693 0.06490384615384616
0 0.15504807692307693 0.008413461538461538 0.06009615384615385 0.016826923076923076
0 0.10336538461538461 0.013221153846153846 0.0673076923076923 0.026442307692307692
0 0.9447115384615384 0.040865384615384616 0.10576923076923077 0.08173076923076923
0 0.9627403846153846 0.09735576923076923 0.06971153846153846 0.10336538461538461
0 0.9759615384615384 0.34134615384615385 0.04326923076923077 0.10096153846153846
0 0.44350961538461536 0.7524038461538461 0.0889423076923077 0.20192307692307693
0 0.9579326923076923 0.9122596153846154 0.06490384615384616 0.06490384615384616
0 0.7439903846153846 0.9242788461538461 0.15625 0.1466346153846154
0 0.8834134615384616 0.8870192307692307 0.06971153846153846 0.06971153846153846
0 0.9879807692307693 0.9314903846153846 0.019230769230769232 0.055288461538461536
0 0.46634615384615385 0.6682692307692307 0.11778846153846154 0.12259615384615384
0 0.5841346153846154 0.8173076923076923 0.15625 0.15865384615384615
0 0.9459134615384616 0.8834134615384616 0.04807692307692308 0.04807692307692308
0 0.4182692307692308 0.6850961538461539 0.038461538461538464 0.08653846153846154
0 0.6418269230769231 0.7620192307692307 0.41346153846153844 0.4206730769230769