0 0.23557692307692307 0.03125 0.13942307692307693 0.0625
0 0.3161057692307692 0.03245192307692308 0.10817307692307693 0.06490384615384616
0 0.30528846153846156 0.125 0.09375 0.11538461538461539
0 0.36538461538461536 0.12860576923076922 0.08413461538461539 0.10817307692307693
0 0.36658653846153844 0.2800480769230769 0.10336538461538461 0.12259615384615384
0 0.4098557692307692 0.26802884615384615 0.07211538461538461 0.08173076923076923
0 0.4411057692307692 0.3545673076923077 0.07932692307692307 0.07932692307692307
0 0.4723557692307692 0.46153846153846156 0.038461538461538464 0.04807692307692308
0 0.48677884615384615 0.5132211538461539 0.03365384615384615 0.040865384615384616
0 0.4879807692307692 0.5889423076923077 0.03365384615384615 0.036057692307692304
0 0.5180288461538461 0.6153846153846154 0.03125 0.03125
0 0.5769230769230769 0.8413461538461539 0.038461538461538464 0.10576923076923077
0 0.640625 0.921875 0.08413461538461539 0.15144230769230768