0 0.18509615384615385 0.44471153846153844 0.07692307692307693 0.0625
0 0.09735576923076923 0.4651442307692308 0.06971153846153846 0.021634615384615384
0 0.027644230769230768 0.4651442307692308 0.055288461538461536 0.021634615384615384
0 0.15264423076923078 0.4375 0.0625 0.057692307692307696
0 0.234375 0.39783653846153844 0.0625 0.055288461538461536
0 0.05889423076923077 0.4387019230769231 0.07451923076923077 0.07692307692307693
0 0.1935096153846154 0.38461538461538464 0.08173076923076923 0.07451923076923077
0 0.31009615384615385 0.3293269230769231 0.0625 0.07692307692307693
0 0.25961538461538464 0.3269230769230769 0.11538461538461539 0.11538461538461539
0 0.0985576923076923 0.36658653846153844 0.08653846153846154 0.0889423076923077
0 0.18509615384615385 0.17908653846153846 0.19471153846153846 0.16826923076923078
0 0.10817307692307693 0.08413461538461539 0.2091346153846154 0.12980769230769232
0 0.921875 0.18990384615384615 0.08173076923076923 0.09375
0 0.8401442307692307 0.24158653846153846 0.10576923076923077 0.10817307692307693
0 0.6334134615384616 0.31009615384615385 0.125 0.09375
0 0.9663461538461539 0.057692307692307696 0.0625 0.11538461538461539
0 0.8689903846153846 0.5576923076923077 0.2283653846153846 0.15865384615384615
0 0.7379807692307693 0.5769230769230769 0.27403846153846156 0.1971153846153846
0 0.6153846153846154 0.7439903846153846 0.18990384615384615 0.19471153846153846
0 0.6959134615384616 0.7740384615384616 0.16105769230769232 0.15144230769230768
0 0.5240384615384616 0.9122596153846154 0.15625 0.15625
0 0.5997596153846154 0.9074519230769231 0.12740384615384615 0.1201923076923077
0 0.4483173076923077 0.9783653846153846 0.11778846153846154 0.038461538461538464
0 0.5336538461538461 0.9807692307692307 0.10096153846153846 0.03365384615384615