0 0.06850961538461539 0.5432692307692307 0.05048076923076923 0.02403846153846154
0 0.0985576923076923 0.5192307692307693 0.07451923076923077 0.0625
0 0.13701923076923078 0.5024038461538461 0.06971153846153846 0.052884615384615384
0 0.19110576923076922 0.4735576923076923 0.0625 0.04326923076923077
0 0.18990384615384615 0.5360576923076923 0.07692307692307693 0.038461538461538464
0 0.22956730769230768 0.4387019230769231 0.09615384615384616 0.07692307692307693
0 0.2860576923076923 0.18990384615384615 0.22115384615384615 0.3317307692307692
0 0.25841346153846156 0.5372596153846154 0.10817307692307693 0.036057692307692304
0 0.32091346153846156 0.07451923076923077 0.15144230769230768 0.14903846153846154
0 0.7391826923076923 0.5084134615384616 0.12740384615384615 0.09375
0 0.7211538461538461 0.2536057692307692 0.07211538461538461 0.07692307692307693
0 0.6454326923076923 0.1310096153846154 0.057692307692307696 0.055288461538461536
0 0.5625 0.21514423076923078 0.04567307692307692 0.04807692307692308
0 0.6009615384615384 0.051682692307692304 0.03365384615384615 0.03365384615384615
0 0.5540865384615384 0.0733173076923077 0.026442307692307692 0.026442307692307692
0 0.5204326923076923 0.009615384615384616 0.021634615384615384 0.019230769230769232
0 0.59375 0.006009615384615385 0.038461538461538464 0.01201923076923077
0 0.53125 0.1201923076923077 0.040865384615384616 0.04326923076923077
0 0.27163461538461536 0.890625 0.08653846153846154 0.08413461538461539
0 0.3485576923076923 0.9879807692307693 0.10096153846153846 0.019230769230769232
0 0.3798076923076923 0.9326923076923077 0.03365384615384615 0.12980769230769232
0 0.19591346153846154 0.6502403846153846 0.05048076923076923 0.05048076923076923
0 0.2644230769230769 0.6682692307692307 0.06009615384615385 0.06009615384615385
0 0.9338942307692307 0.7355769230769231 0.12740384615384615 0.1201923076923077
0 0.5865384615384616 0.8665865384615384 0.038461538461538464 0.04326923076923077
0 0.5276442307692307 0.6322115384615384 0.026442307692307692 0.021634615384615384
0 0.5264423076923077 0.5612980769230769 0.02403846153846154 0.007211538461538462