0 0.1814903846153846 0.10096153846153846 0.04567307692307692 0.04567307692307692
0 0.24519230769230768 0.27403846153846156 0.0673076923076923 0.09375
0 0.009615384615384616 0.35697115384615385 0.019230769230769232 0.06009615384615385
0 0.38341346153846156 0.5661057692307693 0.17067307692307693 0.07932692307692307
0 0.21514423076923078 0.006009615384615385 0.040865384615384616 0.01201923076923077
0 0.11538461538461539 0.009615384615384616 0.03365384615384615 0.019230769230769232
0 0.6454326923076923 0.0673076923076923 0.028846153846153848 0.021634615384615384
0 0.8161057692307693 0.0733173076923077 0.026442307692307692 0.026442307692307692
0 0.6153846153846154 0.03485576923076923 0.03125 0.03365384615384615
0 0.9122596153846154 0.004807692307692308 0.01201923076923077 0.009615384615384616
0 0.8942307692307693 0.001201923076923077 0.014423076923076924 0.002403846153846154
0 0.8942307692307693 0.6237980769230769 0.07692307692307693 0.03125
0 0.9699519230769231 0.6274038461538461 0.055288461538461536 0.038461538461538464
0 0.5709134615384616 0.7043269230769231 0.055288461538461536 0.055288461538461536
0 0.5048076923076923 0.7728365384615384 0.07211538461538461 0.06490384615384616
0 0.6346153846153846 0.8173076923076923 0.06490384615384616 0.06490384615384616