0 0.38221153846153844 0.11658653846153846 0.14903846153846154 0.18028846153846154
0 0.3473557692307692 0.3004807692307692 0.14423076923076922 0.14182692307692307
0 0.3317307692307692 0.3918269230769231 0.09134615384615384 0.0673076923076923
0 0.8557692307692307 0.3449519230769231 0.12740384615384615 0.12740384615384615
0 0.8413461538461539 0.38822115384615385 0.1201923076923077 0.07451923076923077
0 0.7524038461538461 0.36538461538461536 0.08173076923076923 0.08173076923076923
0 0.7247596153846154 0.2980769230769231 0.08413461538461539 0.08413461538461539
0 0.6646634615384616 0.27403846153846156 0.06971153846153846 0.06971153846153846
0 0.6754807692307693 0.3269230769230769 0.055288461538461536 0.052884615384615384
0 0.6177884615384616 0.2620192307692308 0.0625 0.06009615384615385
0 0.5793269230769231 0.2776442307692308 0.04567307692307692 0.04567307692307692
0 0.5564903846153846 0.23317307692307693 0.04567307692307692 0.04567307692307692
0 0.5528846153846154 0.2764423076923077 0.04326923076923077 0.040865384615384616
0 0.5516826923076923 0.3016826923076923 0.04326923076923077 0.04807692307692308
0 0.5264423076923077 0.24278846153846154 0.055288461538461536 0.0673076923076923
0 0.4723557692307692 0.20432692307692307 0.026442307692307692 0.03365384615384615
0 0.22355769230769232 0.96875 0.10576923076923077 0.057692307692307696
0 0.5769230769230769 0.8028846153846154 0.07211538461538461 0.0673076923076923
0 0.7223557692307693 0.8810096153846154 0.1346153846153846 0.12740384615384615
0 0.7223557692307693 0.9338942307692307 0.11538461538461539 0.11298076923076923
0 0.6370192307692307 0.8365384615384616 0.10576923076923077 0.10096153846153846
0 0.5985576923076923 0.8689903846153846 0.07692307692307693 0.07692307692307693