0 0.06850961538461539 0.2704326923076923 0.13701923076923078 0.18028846153846154
0 0.1466346153846154 0.12980769230769232 0.09375 0.0889423076923077
0 0.35336538461538464 0.2848557692307692 0.08653846153846154 0.08653846153846154
0 0.24759615384615385 0.15144230769230768 0.0889423076923077 0.09375
0 0.1346153846153846 0.20673076923076922 0.12980769230769232 0.11538461538461539
0 0.43149038461538464 0.23677884615384615 0.06490384615384616 0.07211538461538461
0 0.47836538461538464 0.12259615384615384 0.04326923076923077 0.04807692307692308
0 0.9771634615384616 0.3004807692307692 0.040865384615384616 0.13942307692307693
0 0.9735576923076923 0.036057692307692304 0.04807692307692308 0.0625
0 0.9867788461538461 0.09014423076923077 0.021634615384615384 0.07451923076923077
0 0.953125 0.006009615384615385 0.055288461538461536 0.01201923076923077
0 0.26802884615384615 0.7752403846153846 0.25240384615384615 0.2548076923076923
0 0.1658653846153846 0.5949519230769231 0.1778846153846154 0.11298076923076923
0 0.3581730769230769 0.5685096153846154 0.15865384615384615 0.06009615384615385