0 0.1658653846153846 0.38221153846153844 0.04807692307692308 0.038461538461538464
0 0.04927884615384615 0.054086538461538464 0.0985576923076923 0.10817307692307693
0 0.014423076923076924 0.21514423076923078 0.028846153846153848 0.11298076923076923
0 0.15264423076923078 0.16105769230769232 0.12259615384615384 0.125
0 0.23918269230769232 0.2127403846153846 0.0889423076923077 0.0889423076923077
0 0.0889423076923077 0.20673076923076922 0.11057692307692307 0.11057692307692307
0 0.04927884615384615 0.2548076923076923 0.0985576923076923 0.09615384615384616
0 0.04927884615384615 0.296875 0.07932692307692307 0.07451923076923077
0 0.15384615384615385 0.27884615384615385 0.07692307692307693 0.0673076923076923
0 0.14302884615384615 0.3245192307692308 0.0625 0.055288461538461536
0 0.22115384615384615 0.30528846153846156 0.055288461538461536 0.05048076923076923
0 0.25600961538461536 0.3557692307692308 0.04807692307692308 0.04567307692307692
0 0.2764423076923077 0.3269230769230769 0.05048076923076923 0.05048076923076923
0 0.3112980769230769 0.34134615384615385 0.038461538461538464 0.03365384615384615
0 0.3389423076923077 0.34975961538461536 0.03365384615384615 0.036057692307692304
0 0.3293269230769231 0.3701923076923077 0.040865384615384616 0.036057692307692304
0 0.3293269230769231 0.39783653846153844 0.03365384615384615 0.03365384615384615
0 0.36538461538461536 0.3629807692307692 0.03365384615384615 0.028846153846153848
0 0.41225961538461536 0.39302884615384615 0.026442307692307692 0.03125
0 0.3762019230769231 0.40384615384615385 0.03125 0.02403846153846154
0 0.3942307692307692 0.36899038461538464 0.038461538461538464 0.036057692307692304
0 0.3605769230769231 0.38341346153846156 0.03125 0.028846153846153848
0 0.3870192307692308 0.38822115384615385 0.02403846153846154 0.021634615384615384
0 0.40384615384615385 0.41466346153846156 0.021634615384615384 0.014423076923076924
0 0.8449519230769231 0.4411057692307692 0.15865384615384615 0.14903846153846154
0 0.9567307692307693 0.0889423076923077 0.08173076923076923 0.1778846153846154
0 0.9723557692307693 0.6514423076923077 0.05048076923076923 0.10096153846153846
0 0.9543269230769231 0.7524038461538461 0.08653846153846154 0.14903846153846154
0 0.8329326923076923 0.7283653846153846 0.07692307692307693 0.08173076923076923
0 0.8798076923076923 0.7680288461538461 0.06490384615384616 0.07932692307692307
0 0.921875 0.8197115384615384 0.055288461538461536 0.06490384615384616
0 0.9519230769230769 0.8401442307692307 0.036057692307692304 0.04807692307692308
0 0.9747596153846154 0.859375 0.03365384615384615 0.038461538461538464
0 0.9879807692307693 0.8810096153846154 0.019230769230769232 0.040865384615384616
0 0.9939903846153846 0.8257211538461539 0.007211538461538462 0.03125