0 0.49759615384615385 0.38822115384615385 0.057692307692307696 0.0985576923076923
0 0.8978365384615384 0.40625 0.13701923076923078 0.0625
0 0.07091346153846154 0.9302884615384616 0.14182692307692307 0.1346153846153846
0 0.47596153846153844 0.8461538461538461 0.10096153846153846 0.1778846153846154
0 0.14783653846153846 0.8689903846153846 0.1778846153846154 0.18028846153846154
0 0.36778846153846156 0.8509615384615384 0.15865384615384615 0.15865384615384615
0 0.2091346153846154 0.9326923076923077 0.16826923076923078 0.12980769230769232
0 0.3641826923076923 0.9675480769230769 0.13221153846153846 0.06009615384615385
0 0.8185096153846154 0.8088942307692307 0.028846153846153848 0.028846153846153848
0 0.7199519230769231 0.828125 0.03365384615384615 0.03125
0 0.9206730769230769 0.796875 0.026442307692307692 0.026442307692307692
0 0.9266826923076923 0.7764423076923077 0.019230769230769232 0.019230769230769232
0 0.6237980769230769 0.7572115384615384 0.18990384615384615 0.22115384615384615
0 0.9651442307692307 0.703125 0.0625 0.0625
0 0.8557692307692307 0.8173076923076923 0.0673076923076923 0.0673076923076923
0 0.5360576923076923 0.8016826923076923 0.014423076923076924 0.06971153846153846
0 0.5817307692307693 0.6911057692307693 0.07932692307692307 0.07692307692307693
0 0.7572115384615384 0.6682692307692307 0.05048076923076923 0.05048076923076923
0 0.8870192307692307 0.6418269230769231 0.04567307692307692 0.04567307692307692
0 0.9110576923076923 0.7331730769230769 0.03125 0.03125
0 0.5805288461538461 0.8882211538461539 0.038461538461538464 0.036057692307692304
0 0.9759615384615384 0.7680288461538461 0.016826923076923076 0.016826923076923076
0 0.9927884615384616 0.765625 0.009615384615384616 0.016826923076923076