0 0.5264423076923077 0.3161057692307692 0.21153846153846154 0.07932692307692307
0 0.5264423076923077 0.18870192307692307 0.2403846153846154 0.25240384615384615
0 0.41947115384615385 0.042067307692307696 0.16105769230769232 0.08413461538461539
0 0.4014423076923077 0.140625 0.11538461538461539 0.11778846153846154
0 0.34615384615384615 0.23197115384615385 0.2932692307692308 0.24759615384615385
0 0.6838942307692307 0.06850961538461539 0.06971153846153846 0.13701923076923078
0 0.19110576923076922 0.46274038461538464 0.11298076923076923 0.13221153846153846
0 0.20432692307692307 0.38461538461538464 0.14903846153846154 0.052884615384615384
0 0.08173076923076923 0.5637019230769231 0.08413461538461539 0.09134615384615384
0 0.09615384615384616 0.4567307692307692 0.09375 0.11538461538461539
0 0.09615384615384616 0.39903846153846156 0.10576923076923077 0.08173076923076923
0 0.021634615384615384 0.6418269230769231 0.04326923076923077 0.07692307692307693
0 0.027644230769230768 0.5516826923076923 0.055288461538461536 0.08413461538461539
0 0.03245192307692308 0.47475961538461536 0.06490384615384616 0.08413461538461539
0 0.007211538461538462 0.5288461538461539 0.014423076923076924 0.08173076923076923
0 0.6995192307692307 0.6538461538461539 0.10096153846153846 0.12980769230769232
0 0.7007211538461539 0.7764423076923077 0.10336538461538461 0.1201923076923077
0 0.7872596153846154 0.5697115384615384 0.1466346153846154 0.15144230769230768