0 0.4387019230769231 0.042067307692307696 0.036057692307692304 0.08413461538461539
0 0.046875 0.0829326923076923 0.09375 0.1658653846153846
0 0.15264423076923078 0.054086538461538464 0.16105769230769232 0.10817307692307693
0 0.31009615384615385 0.4206730769230769 0.11057692307692307 0.03365384615384615
0 0.4074519230769231 0.359375 0.0985576923076923 0.13701923076923078
0 0.9182692307692307 0.026442307692307692 0.12980769230769232 0.052884615384615384
0 0.056490384615384616 0.6850961538461539 0.11298076923076923 0.11057692307692307
0 0.43149038461538464 0.5432692307692307 0.028846153846153848 0.02403846153846154
0 0.78125 0.8774038461538461 0.10817307692307693 0.09134615384615384
0 0.8245192307692307 0.9867788461538461 0.038461538461538464 0.021634615384615384
0 0.7908653846153846 0.7992788461538461 0.0625 0.06490384615384616
0 0.7151442307692307 0.7596153846153846 0.0889423076923077 0.09615384615384616
0 0.7271634615384616 0.6418269230769231 0.0985576923076923 0.10576923076923077