0 0.018028846153846152 0.28125 0.036057692307692304 0.11057692307692307
0 0.22355769230769232 0.33413461538461536 0.11298076923076923 0.10576923076923077
0 0.6658653846153846 0.2548076923076923 0.0673076923076923 0.0673076923076923
0 0.8497596153846154 0.16346153846153846 0.052884615384615384 0.04567307692307692
0 0.7740384615384616 0.09975961538461539 0.03125 0.028846153846153848
0 0.6129807692307693 0.08533653846153846 0.0889423076923077 0.11538461538461539
0 0.6418269230769231 0.15625 0.052884615384615384 0.06009615384615385
0 0.7379807692307693 0.10576923076923077 0.0625 0.05048076923076923
0 0.7091346153846154 0.04326923076923077 0.03125 0.02403846153846154
0 0.5805288461538461 0.04326923076923077 0.016826923076923076 0.021634615384615384
0 0.5733173076923077 0.028846153846153848 0.02403846153846154 0.03125
0 0.6165865384615384 0.003605769230769231 0.036057692307692304 0.007211538461538462
0 0.6442307692307693 0.002403846153846154 0.019230769230769232 0.004807692307692308
0 0.6670673076923077 0.036057692307692304 0.03125 0.03365384615384615
0 0.5552884615384616 0.015625 0.021634615384615384 0.019230769230769232
0 0.06610576923076923 0.8137019230769231 0.13221153846153846 0.27163461538461536
0 0.16826923076923078 0.6213942307692307 0.16826923076923078 0.17067307692307693
0 0.3629807692307692 0.5228365384615384 0.12980769230769232 0.11778846153846154
0 0.33653846153846156 0.6286057692307693 0.1466346153846154 0.1466346153846154
0 0.8737980769230769 0.6899038461538461 0.09615384615384616 0.10576923076923077
0 0.8930288461538461 0.5120192307692307 0.04807692307692308 0.04567307692307692
0 0.8401442307692307 0.46033653846153844 0.04326923076923077 0.04326923076923077
0 0.8161057692307693 0.5889423076923077 0.07451923076923077 0.08413461538461539
0 0.7920673076923077 0.421875 0.03365384615384615 0.03365384615384615
0 0.7800480769230769 0.5348557692307693 0.057692307692307696 0.06971153846153846
0 0.8125 0.484375 0.052884615384615384 0.052884615384615384
0 0.7560096153846154 0.4963942307692308 0.052884615384615384 0.06490384615384616
0 0.7295673076923077 0.46274038461538464 0.036057692307692304 0.05048076923076923
0 0.6971153846153846 0.4266826923076923 0.02403846153846154 0.036057692307692304
0 0.7163461538461539 0.43990384615384615 0.03125 0.04326923076923077
0 0.6899038461538461 0.41225961538461536 0.028846153846153848 0.026442307692307692