0 0.2247596153846154 0.018028846153846152 0.04567307692307692 0.036057692307692304
0 0.36658653846153844 0.3918269230769231 0.20673076923076922 0.15865384615384615
0 0.40865384615384615 0.46153846153846156 0.15384615384615385 0.20673076923076922
0 0.6262019230769231 0.11057692307692307 0.13221153846153846 0.10576923076923077
0 0.5264423076923077 0.2283653846153846 0.07692307692307693 0.11057692307692307
0 0.8665865384615384 0.21153846153846154 0.14423076923076922 0.13942307692307693
0 0.9122596153846154 0.46274038461538464 0.17067307692307693 0.2091346153846154
0 0.20673076923076922 0.7680288461538461 0.06971153846153846 0.06971153846153846
0 0.0829326923076923 0.7752403846153846 0.03365384615384615 0.036057692307692304
0 0.13701923076923078 0.7896634615384616 0.04326923076923077 0.040865384615384616
0 0.05048076923076923 0.7644230769230769 0.038461538461538464 0.040865384615384616
0 0.3918269230769231 0.6598557692307693 0.01201923076923077 0.01201923076923077
0 0.18028846153846154 0.7992788461538461 0.057692307692307696 0.057692307692307696
0 0.7572115384615384 0.6117788461538461 0.15384615384615385 0.08413461538461539
0 0.7524038461538461 0.7079326923076923 0.19471153846153846 0.22115384615384615