0 0.31490384615384615 0.3233173076923077 0.1778846153846154 0.1778846153846154
0 0.5060096153846154 0.3629807692307692 0.14182692307692307 0.24519230769230768
0 0.0889423076923077 0.2776442307692308 0.1778846153846154 0.23317307692307693
0 0.6971153846153846 0.027644230769230768 0.23076923076923078 0.055288461538461536
0 0.9783653846153846 0.44350961538461536 0.038461538461538464 0.12740384615384615
0 0.9519230769230769 0.2860576923076923 0.09134615384615384 0.1875
0 0.9483173076923077 0.46875 0.0985576923076923 0.07692307692307693
0 0.9230769230769231 0.36778846153846156 0.14903846153846154 0.15384615384615385
0 0.6935096153846154 0.2536057692307692 0.10576923076923077 0.10336538461538461
0 0.8689903846153846 0.15985576923076922 0.19230769230769232 0.18990384615384615
0 0.026442307692307692 0.9819711538461539 0.052884615384615384 0.03125
0 0.6334134615384616 0.9230769230769231 0.07692307692307693 0.07932692307692307
0 0.6574519230769231 0.734375 0.12980769230769232 0.1346153846153846