0 0.3004807692307692 0.2439903846153846 0.17548076923076922 0.08173076923076923
0 0.014423076923076924 0.203125 0.028846153846153848 0.15144230769230768
0 0.9290865384615384 0.12860576923076922 0.1346153846153846 0.14182692307692307
0 0.71875 0.26322115384615385 0.1875 0.1466346153846154
0 0.3737980769230769 0.9831730769230769 0.04567307692307692 0.028846153846153848
0 0.7848557692307693 0.9795673076923077 0.026442307692307692 0.021634615384615384
0 0.7980769230769231 0.9411057692307693 0.040865384615384616 0.038461538461538464
0 0.9579326923076923 0.43028846153846156 0.07932692307692307 0.1778846153846154
0 0.6658653846153846 0.6274038461538461 0.15384615384615385 0.12980769230769232
0 0.9591346153846154 0.7680288461538461 0.07692307692307693 0.10336538461538461
0 0.7475961538461539 0.9939903846153846 0.02403846153846154 0.007211538461538462
0 0.7415865384615384 0.9819711538461539 0.026442307692307692 0.019230769230769232
0 0.7007211538461539 0.9711538461538461 0.036057692307692304 0.03125
0 0.7235576923076923 0.9711538461538461 0.021634615384615384 0.019230769230769232