0 0.30288461538461536 0.31971153846153844 0.038461538461538464 0.038461538461538464
0 0.3557692307692308 0.24278846153846154 0.11778846153846154 0.12740384615384615
0 0.33653846153846156 0.1971153846153846 0.07451923076923077 0.07692307692307693
0 0.25240384615384615 0.23918269230769232 0.0625 0.0673076923076923
0 0.2776442307692308 0.17548076923076922 0.08653846153846154 0.08413461538461539
0 0.18269230769230768 0.5132211538461539 0.019230769230769232 0.007211538461538462
0 0.20072115384615385 0.5072115384615384 0.009615384615384616 0.009615384615384616
0 0.234375 0.4807692307692308 0.019230769230769232 0.019230769230769232
0 0.24639423076923078 0.46274038461538464 0.021634615384615384 0.021634615384615384
0 0.24759615384615385 0.4495192307692308 0.021634615384615384 0.021634615384615384
0 0.22596153846153846 0.4567307692307692 0.01201923076923077 0.01201923076923077
0 0.26322115384615385 0.41466346153846156 0.028846153846153848 0.03125
0 0.22596153846153846 0.4326923076923077 0.01201923076923077 0.01201923076923077
0 0.234375 0.41466346153846156 0.03365384615384615 0.036057692307692304
0 0.7319711538461539 0.40625 0.10096153846153846 0.10576923076923077
0 0.7379807692307693 0.47475961538461536 0.10096153846153846 0.08413461538461539
0 0.9735576923076923 0.49399038461538464 0.04807692307692308 0.04567307692307692
0 0.4987980769230769 0.90625 0.11778846153846154 0.14423076923076922
0 0.6502403846153846 0.9194711538461539 0.0889423076923077 0.07932692307692307
0 0.84375 0.8774038461538461 0.08653846153846154 0.07692307692307693
0 0.9122596153846154 0.8653846153846154 0.07211538461538461 0.06490384615384616
0 0.96875 0.8605769230769231 0.057692307692307696 0.0673076923076923
0 0.8221153846153846 0.9555288461538461 0.03125 0.03125