0 0.36658653846153844 0.4579326923076923 0.2860576923076923 0.19471153846153846
0 0.6887019230769231 0.3245192307692308 0.021634615384615384 0.0625
0 0.7067307692307693 0.4375 0.057692307692307696 0.0673076923076923
0 0.8112980769230769 0.5120192307692307 0.08413461538461539 0.0889423076923077
0 0.7848557692307693 0.5348557692307693 0.06971153846153846 0.040865384615384616
0 0.9254807692307693 0.12379807692307693 0.14423076923076922 0.16105769230769232
0 0.7175480769230769 0.515625 0.07932692307692307 0.07932692307692307
0 0.7259615384615384 0.5048076923076923 0.055288461538461536 0.06009615384615385
0 0.7391826923076923 0.47836538461538464 0.06971153846153846 0.06971153846153846
0 0.6923076923076923 0.46634615384615385 0.028846153846153848 0.057692307692307696
0 0.09014423076923077 0.9795673076923077 0.06971153846153846 0.036057692307692304
0 0.21514423076923078 0.6538461538461539 0.21394230769230768 0.19230769230769232
0 0.7692307692307693 0.6177884615384616 0.18269230769230768 0.1201923076923077