0 0.07932692307692307 0.019230769230769232 0.15865384615384615 0.038461538461538464
0 0.28846153846153844 0.03125 0.15384615384615385 0.0625
0 0.4963942307692308 0.039663461538461536 0.10336538461538461 0.07932692307692307
0 0.42788461538461536 0.08413461538461539 0.11538461538461539 0.1201923076923077
0 0.5733173076923077 0.1045673076923077 0.06490384615384616 0.0985576923076923
0 0.5420673076923077 0.17307692307692307 0.08173076923076923 0.07692307692307693
0 0.36177884615384615 0.13701923076923078 0.10576923076923077 0.08653846153846154
0 0.4375 0.1778846153846154 0.06971153846153846 0.055288461538461536
0 0.5060096153846154 0.2091346153846154 0.06971153846153846 0.06009615384615385
0 0.5588942307692307 0.23918269230769232 0.05048076923076923 0.04567307692307692
0 0.5901442307692307 0.26322115384615385 0.03125 0.05048076923076923
0 0.2247596153846154 0.052884615384615384 0.1201923076923077 0.10096153846153846
0 0.32211538461538464 0.9543269230769231 0.0673076923076923 0.06009615384615385
0 0.18990384615384615 0.984375 0.04807692307692308 0.026442307692307692
0 0.25841346153846156 0.9603365384615384 0.06971153846153846 0.055288461538461536
0 0.23677884615384615 0.9891826923076923 0.05048076923076923 0.016826923076923076
0 0.33653846153846156 0.7872596153846154 0.15144230769230768 0.0889423076923077
0 0.9086538461538461 0.4579326923076923 0.1778846153846154 0.15625