0 0.7163461538461539 0.5108173076923077 0.052884615384615384 0.055288461538461536
0 0.6911057692307693 0.5300480769230769 0.055288461538461536 0.03125
0 0.6887019230769231 0.46274038461538464 0.057692307692307696 0.057692307692307696
0 0.6514423076923077 0.40384615384615385 0.06971153846153846 0.07932692307692307
0 0.6442307692307693 0.47475961538461536 0.06490384615384616 0.07211538461538461
0 0.5180288461538461 0.49399038461538464 0.0985576923076923 0.0889423076923077
0 0.453125 0.6838942307692307 0.026442307692307692 0.036057692307692304
0 0.45072115384615385 0.6358173076923077 0.03125 0.036057692307692304
0 0.44350961538461536 0.7439903846153846 0.04567307692307692 0.05048076923076923
0 0.4110576923076923 0.765625 0.057692307692307696 0.05048076923076923
0 0.4026442307692308 0.7067307692307693 0.057692307692307696 0.05048076923076923
0 0.40024038461538464 0.6430288461538461 0.0625 0.04807692307692308
0 0.04567307692307692 0.5973557692307693 0.09134615384615384 0.0985576923076923
0 0.46033653846153844 0.7247596153846154 0.01201923076923077 0.040865384615384616