0 0.2548076923076923 0.48677884615384615 0.07692307692307693 0.06971153846153846
0 0.2283653846153846 0.5865384615384616 0.04326923076923077 0.019230769230769232
0 0.1201923076923077 0.5697115384615384 0.040865384615384616 0.038461538461538464
0 0.09375 0.5336538461538461 0.055288461538461536 0.055288461538461536
0 0.12620192307692307 0.5889423076923077 0.03125 0.014423076923076924
0 0.15985576923076922 0.5444711538461539 0.052884615384615384 0.055288461538461536
0 0.16706730769230768 0.5829326923076923 0.026442307692307692 0.026442307692307692
0 0.1814903846153846 0.5889423076923077 0.036057692307692304 0.014423076923076924
0 0.9543269230769231 0.5 0.08653846153846154 0.13942307692307693
0 0.11057692307692307 0.9663461538461539 0.05048076923076923 0.05048076923076923
0 0.16947115384615385 0.8858173076923077 0.055288461538461536 0.057692307692307696
0 0.47836538461538464 0.9795673076923077 0.04326923076923077 0.036057692307692304
0 0.7019230769230769 0.8545673076923077 0.0625 0.07451923076923077
0 0.8149038461538461 0.6502403846153846 0.13942307692307693 0.10336538461538461
0 0.5384615384615384 0.9302884615384616 0.05048076923076923 0.055288461538461536
0 0.5288461538461539 0.8329326923076923 0.06490384615384616 0.06490384615384616