0 0.5973557692307693 0.265625 0.13942307692307693 0.1346153846153846
0 0.6538461538461539 0.23197115384615385 0.04326923076923077 0.07451923076923077
0 0.6370192307692307 0.3605769230769231 0.04807692307692308 0.052884615384615384
0 0.6382211538461539 0.453125 0.04567307692307692 0.052884615384615384
0 0.6574519230769231 0.40024038461538464 0.036057692307692304 0.06009615384615385
0 0.6574519230769231 0.3389423076923077 0.036057692307692304 0.057692307692307696
0 0.625 0.15384615384615385 0.10096153846153846 0.11538461538461539
0 0.6550480769230769 0.13221153846153846 0.040865384615384616 0.08653846153846154
0 0.6574519230769231 0.7115384615384616 0.02403846153846154 0.021634615384615384
0 0.8088942307692307 0.28846153846153844 0.2620192307692308 0.21634615384615385
0 0.9242788461538461 0.6646634615384616 0.1466346153846154 0.15625
0 0.9855769230769231 0.7019230769230769 0.02403846153846154 0.125
0 0.8377403846153846 0.07451923076923077 0.24278846153846154 0.14903846153846154
0 0.5432692307692307 0.8954326923076923 0.07451923076923077 0.07211538461538461
0 0.5528846153846154 0.8473557692307693 0.03125 0.028846153846153848
0 0.5540865384615384 0.8221153846153846 0.040865384615384616 0.038461538461538464
0 0.5456730769230769 0.9350961538461539 0.03365384615384615 0.028846153846153848
0 0.5420673076923077 0.9723557692307693 0.02403846153846154 0.02403846153846154
0 0.5564903846153846 0.8653846153846154 0.028846153846153848 0.02403846153846154