0 0.26322115384615385 0.3233173076923077 0.06971153846153846 0.07451923076923077
0 0.40024038461538464 0.4543269230769231 0.036057692307692304 0.040865384615384616
0 0.23317307692307693 0.41466346153846156 0.09134615384615384 0.07932692307692307
0 0.3870192307692308 0.5132211538461539 0.04807692307692308 0.040865384615384616
0 0.8365384615384616 0.052884615384615384 0.10576923076923077 0.10576923076923077
0 0.9290865384615384 0.1778846153846154 0.06971153846153846 0.07932692307692307
0 0.35697115384615385 0.984375 0.12740384615384615 0.026442307692307692
0 0.6610576923076923 0.8016826923076923 0.009615384615384616 0.05048076923076923
0 0.18269230769230768 0.8762019230769231 0.21634615384615385 0.15144230769230768
0 0.6177884615384616 0.7391826923076923 0.057692307692307696 0.052884615384615384
0 0.44471153846153844 0.9495192307692307 0.0985576923076923 0.09134615384615384
0 0.5673076923076923 0.8137019230769231 0.06490384615384616 0.07692307692307693
0 0.5144230769230769 0.9627403846153846 0.11538461538461539 0.06971153846153846
0 0.5216346153846154 0.8461538461538461 0.07932692307692307 0.08173076923076923
0 0.5709134615384616 0.7884615384615384 0.0625 0.0673076923076923
0 0.5709134615384616 0.8798076923076923 0.08173076923076923 0.08173076923076923
0 0.6021634615384616 0.8305288461538461 0.0625 0.0625
0 0.640625 0.6923076923076923 0.05048076923076923 0.052884615384615384
0 0.6478365384615384 0.9495192307692307 0.036057692307692304 0.07211538461538461