0 0.546875 0.042067307692307696 0.06009615384615385 0.08413461538461539
0 0.7043269230769231 0.1502403846153846 0.04807692307692308 0.052884615384615384
0 0.7512019230769231 0.06009615384615385 0.055288461538461536 0.06009615384615385
0 0.7307692307692307 0.09735576923076923 0.052884615384615384 0.055288461538461536
0 0.8617788461538461 0.28125 0.021634615384615384 0.02403846153846154
0 0.8822115384615384 0.11177884615384616 0.040865384615384616 0.04326923076923077
0 0.8389423076923077 0.21995192307692307 0.03365384615384615 0.036057692307692304
0 0.8629807692307693 0.18990384615384615 0.03365384615384615 0.036057692307692304
0 0.8365384615384616 0.18269230769230768 0.040865384615384616 0.04326923076923077
0 0.78125 0.040865384615384616 0.04567307692307692 0.052884615384615384
0 0.8605769230769231 0.125 0.03365384615384615 0.036057692307692304
0 0.8617788461538461 0.15985576923076922 0.026442307692307692 0.028846153846153848
0 0.8894230769230769 0.07932692307692307 0.028846153846153848 0.03365384615384615
0 0.8713942307692307 0.31009615384615385 0.021634615384615384 0.02403846153846154
0 0.8185096153846154 0.4206730769230769 0.016826923076923076 0.014423076923076924
0 0.8269230769230769 0.44471153846153844 0.016826923076923076 0.014423076923076924
0 0.7175480769230769 0.0625 0.038461538461538464 0.04807692307692308
0 0.25841346153846156 0.7163461538461539 0.0985576923076923 0.0985576923076923
0 0.359375 0.8353365384615384 0.0673076923076923 0.052884615384615384
0 0.24879807692307693 0.9723557692307693 0.11298076923076923 0.05048076923076923
0 0.3401442307692308 0.9807692307692307 0.06009615384615385 0.03365384615384615
0 0.40384615384615385 0.9591346153846154 0.040865384615384616 0.038461538461538464
0 0.4699519230769231 0.8569711538461539 0.040865384615384616 0.04326923076923077
0 0.5060096153846154 0.9038461538461539 0.038461538461538464 0.038461538461538464
0 0.5444711538461539 0.8858173076923077 0.026442307692307692 0.028846153846153848
0 0.625 0.9014423076923077 0.07692307692307693 0.07932692307692307
0 0.6322115384615384 0.5733173076923077 0.10576923076923077 0.06971153846153846
0 0.7391826923076923 0.5841346153846154 0.12740384615384615 0.09134615384615384
0 0.6778846153846154 0.5637019230769231 0.19230769230769232 0.05048076923076923