0 0.2800480769230769 0.6911057692307693 0.03125 0.12740384615384615
0 0.039663461538461536 0.7043269230769231 0.07932692307692307 0.10576923076923077
0 0.640625 0.6814903846153846 0.07211538461538461 0.07211538461538461
0 0.8942307692307693 0.21153846153846154 0.13942307692307693 0.13942307692307693
0 0.38341346153846156 0.3293269230769231 0.17067307692307693 0.32211538461538464
0 0.9867788461538461 0.6033653846153846 0.016826923076923076 0.016826923076923076
0 0.9915865384615384 0.5925480769230769 0.01201923076923077 0.016826923076923076
0 0.9747596153846154 0.6069711538461539 0.014423076923076924 0.014423076923076924
0 0.9771634615384616 0.5949519230769231 0.016826923076923076 0.016826923076923076
0 0.9579326923076923 0.5985576923076923 0.021634615384615384 0.021634615384615384
0 0.9314903846153846 0.6165865384615384 0.021634615384615384 0.021634615384615384
0 0.9891826923076923 0.5240384615384616 0.019230769230769232 0.019230769230769232
0 0.9627403846153846 0.5036057692307693 0.036057692307692304 0.036057692307692304
0 0.8353365384615384 0.6177884615384616 0.038461538461538464 0.038461538461538464