0 0.32091346153846156 0.49278846153846156 0.02403846153846154 0.02403846153846154
0 0.3641826923076923 0.41947115384615385 0.040865384615384616 0.03365384615384615
0 0.3581730769230769 0.5492788461538461 0.03125 0.03365384615384615
0 0.27884615384615385 0.5276442307692307 0.02403846153846154 0.02403846153846154
0 0.28125 0.46033653846153844 0.03365384615384615 0.028846153846153848
0 0.38461538461538464 0.5048076923076923 0.02403846153846154 0.03365384615384615
0 0.24639423076923078 0.6033653846153846 0.021634615384615384 0.02403846153846154
0 0.2932692307692308 0.484375 0.02403846153846154 0.02403846153846154
0 0.27163461538461536 0.5793269230769231 0.02403846153846154 0.019230769230769232
0 0.16105769230769232 0.4483173076923077 0.0673076923076923 0.05048076923076923
0 0.5096153846153846 0.4206730769230769 0.22115384615384615 0.28365384615384615
0 0.4362980769230769 0.8605769230769231 0.07451923076923077 0.08653846153846154
0 0.5649038461538461 0.9278846153846154 0.0673076923076923 0.06490384615384616
0 0.5516826923076923 0.9927884615384616 0.04567307692307692 0.009615384615384616