0 0.39663461538461536 0.22956730769230768 0.019230769230769232 0.0889423076923077
0 0.5997596153846154 0.1935096153846154 0.27403846153846156 0.28125
0 0.7175480769230769 0.12740384615384615 0.25240384615384615 0.2548076923076923
0 0.8377403846153846 0.10096153846153846 0.24759615384615385 0.20192307692307693
0 0.7572115384615384 0.4411057692307692 0.34615384615384615 0.06971153846153846
0 0.8665865384615384 0.3762019230769231 0.2620192307692308 0.19951923076923078
0 0.9278846153846154 0.3389423076923077 0.13942307692307693 0.25961538461538464
0 0.7884615384615384 0.49158653846153844 0.028846153846153848 0.026442307692307692
0 0.6634615384615384 0.6117788461538461 0.10576923076923077 0.10336538461538461
0 0.7247596153846154 0.6141826923076923 0.07211538461538461 0.07211538461538461
0 0.6826923076923077 0.5060096153846154 0.05048076923076923 0.05048076923076923
0 0.7283653846153846 0.5216346153846154 0.055288461538461536 0.052884615384615384
0 0.78125 0.5649038461538461 0.04567307692307692 0.04567307692307692
0 0.8161057692307693 0.6033653846153846 0.04567307692307692 0.04567307692307692
0 0.7740384615384616 0.5216346153846154 0.040865384615384616 0.040865384615384616
0 0.7271634615384616 0.484375 0.040865384615384616 0.01201923076923077