0 0.11899038461538461 0.16826923076923078 0.055288461538461536 0.040865384615384616
0 0.08173076923076923 0.2548076923076923 0.06971153846153846 0.0673076923076923
0 0.2860576923076923 0.2536057692307692 0.07451923076923077 0.055288461538461536
0 0.006009615384615385 0.18509615384615385 0.01201923076923077 0.0625
0 0.10096153846153846 0.2091346153846154 0.06971153846153846 0.055288461538461536
0 0.018028846153846152 0.10817307692307693 0.036057692307692304 0.057692307692307696
0 0.15865384615384615 0.24639423076923078 0.0889423076923077 0.07692307692307693
0 0.030048076923076924 0.21754807692307693 0.055288461538461536 0.0625
0 0.7884615384615384 0.4387019230769231 0.19471153846153846 0.18990384615384615
0 0.9675480769230769 0.054086538461538464 0.06009615384615385 0.06971153846153846
0 0.5336538461538461 0.5865384615384616 0.06009615384615385 0.055288461538461536
0 0.6213942307692307 0.8161057692307693 0.12980769230769232 0.13942307692307693
0 0.8617788461538461 0.8990384615384616 0.16346153846153846 0.14903846153846154
0 0.875 0.7932692307692307 0.13221153846153846 0.11057692307692307
0 0.9555288461538461 0.7680288461538461 0.08413461538461539 0.12259615384615384
0 0.6862980769230769 0.7572115384615384 0.10817307692307693 0.10096153846153846
0 0.7091346153846154 0.7019230769230769 0.0985576923076923 0.08413461538461539
0 0.5540865384615384 0.6682692307692307 0.08413461538461539 0.07692307692307693
0 0.6165865384615384 0.6382211538461539 0.08413461538461539 0.06490384615384616
0 0.7908653846153846 0.578125 0.07692307692307693 0.040865384615384616
0 0.8365384615384616 0.5673076923076923 0.057692307692307696 0.019230769230769232