0 0.026442307692307692 0.04807692307692308 0.040865384615384616 0.04326923076923077
0 0.018028846153846152 0.09134615384615384 0.036057692307692304 0.08653846153846154
0 0.06490384615384616 0.06610576923076923 0.055288461538461536 0.06009615384615385
0 0.47596153846153844 0.24278846153846154 0.0625 0.18269230769230768
0 0.15144230769230768 0.23918269230769232 0.18028846153846154 0.15384615384615385
0 0.21754807692307693 0.042067307692307696 0.0985576923076923 0.08413461538461539
0 0.013221153846153846 0.030048076923076924 0.026442307692307692 0.04567307692307692
0 0.4579326923076923 0.7980769230769231 0.0985576923076923 0.3605769230769231
0 0.37259615384615385 0.8713942307692307 0.2692307692307692 0.25240384615384615
0 0.0829326923076923 0.6971153846153846 0.11538461538461539 0.1201923076923077
0 0.019230769230769232 0.671875 0.038461538461538464 0.07451923076923077
0 0.018028846153846152 0.5649038461538461 0.016826923076923076 0.016826923076923076
0 0.03245192307692308 0.5252403846153846 0.026442307692307692 0.028846153846153848
0 0.046875 0.5360576923076923 0.014423076923076924 0.014423076923076924
0 0.9290865384615384 0.8209134615384616 0.13701923076923078 0.2283653846153846
0 0.9735576923076923 0.5865384615384616 0.04807692307692308 0.1346153846153846
0 0.7415865384615384 0.7632211538461539 0.4639423076923077 0.46875
0 0.7560096153846154 0.4963942307692308 0.09615384615384616 0.08173076923076923