0 0.4723557692307692 0.014423076923076924 0.15625 0.028846153846153848
0 0.7992788461538461 0.1971153846153846 0.23317307692307693 0.1875
0 0.6850961538461539 0.04326923076923077 0.1346153846153846 0.08653846153846154
0 0.7524038461538461 0.10216346153846154 0.21394230769230768 0.14903846153846154
0 0.9290865384615384 0.04927884615384615 0.13701923076923078 0.0985576923076923
0 0.9915865384615384 0.12379807692307693 0.01201923076923077 0.11298076923076923
0 0.046875 0.5300480769230769 0.03125 0.02403846153846154
0 0.3581730769230769 0.5745192307692307 0.06009615384615385 0.04567307692307692
0 0.5276442307692307 0.5961538461538461 0.10817307692307693 0.08413461538461539
0 0.9483173076923077 0.6550480769230769 0.0985576923076923 0.22355769230769232
0 0.9230769230769231 0.7836538461538461 0.14903846153846154 0.2932692307692308
0 0.8653846153846154 0.4879807692307692 0.16346153846153846 0.12980769230769232
0 0.765625 0.3762019230769231 0.11778846153846154 0.036057692307692304
0 0.8858173076923077 0.5528846153846154 0.17067307692307693 0.12740384615384615
0 0.6959134615384616 0.46875 0.14423076923076922 0.12259615384615384
0 0.6550480769230769 0.5144230769230769 0.07451923076923077 0.1201923076923077
0 0.7355769230769231 0.6141826923076923 0.10336538461538461 0.10336538461538461