0 0.38100961538461536 0.17427884615384615 0.0985576923076923 0.09375
0 0.34375 0.08173076923076923 0.09134615384615384 0.06971153846153846
0 0.5612980769230769 0.22235576923076922 0.03125 0.10817307692307693
0 0.28846153846153844 0.17427884615384615 0.0985576923076923 0.09615384615384616
0 0.46274038461538464 0.013221153846153846 0.06490384615384616 0.026442307692307692
0 0.18028846153846154 0.003605769230769231 0.03365384615384615 0.007211538461538462
0 0.8052884615384616 0.04567307692307692 0.07451923076923077 0.06009615384615385
0 0.8653846153846154 0.052884615384615384 0.06971153846153846 0.055288461538461536
0 0.9735576923076923 0.057692307692307696 0.04807692307692308 0.057692307692307696
0 0.78125 0.027644230769230768 0.08173076923076923 0.055288461538461536
0 0.9591346153846154 0.018028846153846152 0.0625 0.036057692307692304
0 0.6658653846153846 0.06009615384615385 0.09134615384615384 0.06490384615384616
0 0.9891826923076923 0.016826923076923076 0.016826923076923076 0.03365384615384615
0 0.9290865384615384 0.051682692307692304 0.06490384615384616 0.05048076923076923
0 0.9182692307692307 0.014423076923076924 0.1201923076923077 0.028846153846153848
0 0.8762019230769231 0.008413461538461538 0.040865384615384616 0.016826923076923076
0 0.17307692307692307 0.7475961538461539 0.10817307692307693 0.09134615384615384
0 0.039663461538461536 0.8641826923076923 0.07932692307692307 0.13701923076923078
0 0.29447115384615385 0.6706730769230769 0.0889423076923077 0.07451923076923077
0 0.17427884615384615 0.6766826923076923 0.09375 0.0889423076923077
0 0.30288461538461536 0.6057692307692307 0.06490384615384616 0.055288461538461536
0 0.39663461538461536 0.6021634615384616 0.06490384615384616 0.052884615384615384
0 0.42908653846153844 0.84375 0.09615384615384616 0.125
0 0.05889423076923077 0.7560096153846154 0.11778846153846154 0.13221153846153846
0 0.4495192307692308 0.5757211538461539 0.0625 0.01201923076923077
0 0.6610576923076923 0.9459134615384616 0.16346153846153846 0.10336538461538461