0 0.03245192307692308 0.10697115384615384 0.06490384615384616 0.10336538461538461
0 0.037259615384615384 0.15384615384615385 0.07451923076923077 0.07692307692307693
0 0.5276442307692307 0.07211538461538461 0.07451923076923077 0.06971153846153846
0 0.23076923076923078 0.7596153846153846 0.08173076923076923 0.06971153846153846
0 0.15625 0.7584134615384616 0.09134615384615384 0.08173076923076923
0 0.27163461538461536 0.8942307692307693 0.009615384615384616 0.019230769230769232
0 0.42788461538461536 0.828125 0.12980769230769232 0.1201923076923077
0 0.44711538461538464 0.90625 0.08173076923076923 0.07692307692307693
0 0.3076923076923077 0.6911057692307693 0.057692307692307696 0.10336538461538461
0 0.3605769230769231 0.8209134615384616 0.0985576923076923 0.0889423076923077
0 0.6069711538461539 0.8581730769230769 0.10817307692307693 0.10817307692307693
0 0.5216346153846154 0.7415865384615384 0.12740384615384615 0.13701923076923078
0 0.5769230769230769 0.9230769230769231 0.08653846153846154 0.08173076923076923
0 0.5252403846153846 0.8497596153846154 0.10096153846153846 0.10336538461538461
0 0.6826923076923077 0.9579326923076923 0.06971153846153846 0.07451923076923077
0 0.5072115384615384 0.9146634615384616 0.09134615384615384 0.08413461538461539
0 0.7151442307692307 0.9146634615384616 0.04326923076923077 0.0625
0 0.65625 0.9903846153846154 0.07692307692307693 0.014423076923076924
0 0.5925480769230769 0.9795673076923077 0.06971153846153846 0.036057692307692304
0 0.328125 0.5853365384615384 0.0985576923076923 0.15625
0 0.29447115384615385 0.7211538461538461 0.03125 0.10096153846153846
0 0.39663461538461536 0.7235576923076923 0.13701923076923078 0.1346153846153846
0 0.3762019230769231 0.53125 0.19471153846153846 0.1971153846153846