0 0.0829326923076923 0.2920673076923077 0.1658653846153846 0.19951923076923078
0 0.6502403846153846 0.24158653846153846 0.10817307692307693 0.1201923076923077
0 0.8125 0.20793269230769232 0.0673076923076923 0.0673076923076923
0 0.7632211538461539 0.24519230769230768 0.0673076923076923 0.06971153846153846
0 0.71875 0.22956730769230768 0.06009615384615385 0.0625
0 0.6899038461538461 0.20673076923076922 0.04326923076923077 0.04807692307692308
0 0.65625 0.1971153846153846 0.038461538461538464 0.040865384615384616
0 0.5997596153846154 0.2283653846153846 0.02403846153846154 0.03125
0 0.5877403846153846 0.2091346153846154 0.03125 0.03365384615384615
0 0.6778846153846154 0.12860576923076922 0.026442307692307692 0.026442307692307692
0 0.9675480769230769 0.13822115384615385 0.06009615384615385 0.07932692307692307