0 0.020432692307692308 0.08413461538461539 0.040865384615384616 0.052884615384615384
0 0.22956730769230768 0.34975961538461536 0.13942307692307693 0.13942307692307693
0 0.078125 0.05048076923076923 0.05048076923076923 0.05048076923076923
0 0.17668269230769232 0.01201923076923077 0.04567307692307692 0.02403846153846154
0 0.9495192307692307 0.02403846153846154 0.09615384615384616 0.04807692307692308
0 0.3894230769230769 0.4807692307692308 0.019230769230769232 0.02403846153846154
0 0.4050480769230769 0.5084134615384616 0.05048076923076923 0.06009615384615385
0 0.43509615384615385 0.5036057692307693 0.052884615384615384 0.052884615384615384
0 0.40865384615384615 0.5444711538461539 0.057692307692307696 0.06971153846153846
0 0.3918269230769231 0.6033653846153846 0.02403846153846154 0.0673076923076923
0 0.4807692307692308 0.5096153846153846 0.09134615384615384 0.08173076923076923
0 0.4519230769230769 0.5540865384615384 0.07211538461538461 0.07211538461538461
0 0.41947115384615385 0.6177884615384616 0.07932692307692307 0.08653846153846154
0 0.4831730769230769 0.6189903846153846 0.09134615384615384 0.09134615384615384
0 0.43028846153846156 0.6875 0.09134615384615384 0.09134615384615384
0 0.5829326923076923 0.640625 0.14423076923076922 0.14423076923076922
0 0.5168269230769231 0.7091346153846154 0.13221153846153846 0.13221153846153846
0 0.8100961538461539 0.5997596153846154 0.33653846153846156 0.2620192307692308