0 0.26802884615384615 0.6033653846153846 0.06009615384615385 0.04807692307692308
0 0.32211538461538464 0.6201923076923077 0.0673076923076923 0.014423076923076924
0 0.1971153846153846 0.109375 0.3076923076923077 0.21875
0 0.8209134615384616 0.171875 0.15384615384615385 0.15144230769230768
0 0.390625 0.7127403846153846 0.13221153846153846 0.13701923076923078
0 0.14182692307692307 0.703125 0.055288461538461536 0.052884615384615384
0 0.375 0.7932692307692307 0.08173076923076923 0.07932692307692307
0 0.3894230769230769 0.84375 0.07932692307692307 0.08413461538461539
0 0.22355769230769232 0.7872596153846154 0.03365384615384615 0.03365384615384615
0 0.38221153846153844 0.8737980769230769 0.052884615384615384 0.052884615384615384
0 0.3269230769230769 0.9110576923076923 0.028846153846153848 0.03125
0 0.4254807692307692 0.9194711538461539 0.0625 0.08413461538461539
0 0.3918269230769231 0.9507211538461539 0.04567307692307692 0.04567307692307692
0 0.42908653846153844 0.8064903846153846 0.055288461538461536 0.17548076923076922
0 0.44591346153846156 0.8894230769230769 0.021634615384615384 0.0625
0 0.3701923076923077 0.9603365384615384 0.08173076923076923 0.07451923076923077
0 0.36899038461538464 0.8990384615384616 0.038461538461538464 0.036057692307692304
0 0.3485576923076923 0.9098557692307693 0.03365384615384615 0.03365384615384615
0 0.19471153846153846 0.7920673076923077 0.04326923076923077 0.04326923076923077
0 0.1935096153846154 0.8353365384615384 0.052884615384615384 0.055288461538461536
0 0.4675480769230769 0.8894230769230769 0.016826923076923076 0.0625