0 0.953125 0.13942307692307693 0.0889423076923077 0.2548076923076923
0 0.8197115384615384 0.2800480769230769 0.19230769230769232 0.11298076923076923
0 0.7896634615384616 0.06490384615384616 0.10817307692307693 0.12980769230769232
0 0.5709134615384616 0.24158653846153846 0.07451923076923077 0.07692307692307693
0 0.5925480769230769 0.29086538461538464 0.07211538461538461 0.08653846153846154
0 0.05048076923076923 0.43509615384615385 0.10096153846153846 0.19230769230769232
0 0.13822115384615385 0.7860576923076923 0.21634615384615385 0.25961538461538464
0 0.34134615384615385 0.44711538461538464 0.21153846153846154 0.21634615384615385
0 0.0985576923076923 0.5649038461538461 0.1971153846153846 0.2644230769230769
0 0.6418269230769231 0.3485576923076923 0.08653846153846154 0.019230769230769232
0 0.45552884615384615 0.5108173076923077 0.01201923076923077 0.055288461538461536