0 0.41466346153846156 0.36899038461538464 0.07692307692307693 0.0673076923076923
0 0.16346153846153846 0.35096153846153844 0.14903846153846154 0.14182692307692307
0 0.44471153846153844 0.5384615384615384 0.04326923076923077 0.07211538461538461
0 0.7728365384615384 0.3161057692307692 0.16105769230769232 0.20673076923076922
0 0.12379807692307693 0.7764423076923077 0.0889423076923077 0.09375
0 0.31490384615384615 0.7259615384615384 0.04326923076923077 0.05048076923076923
0 0.24158653846153846 0.7680288461538461 0.057692307692307696 0.0673076923076923
0 0.19591346153846154 0.9230769230769231 0.08413461538461539 0.09615384615384616
0 0.32211538461538464 0.8930288461538461 0.055288461538461536 0.0625
0 0.2824519230769231 0.9747596153846154 0.06971153846153846 0.04567307692307692
0 0.22235576923076922 0.8497596153846154 0.0673076923076923 0.07932692307692307
0 0.33413461538461536 0.8185096153846154 0.055288461538461536 0.057692307692307696
0 0.8858173076923077 0.8389423076923077 0.028846153846153848 0.03365384615384615
0 0.8858173076923077 0.9591346153846154 0.036057692307692304 0.040865384615384616
0 0.8004807692307693 0.7872596153846154 0.057692307692307696 0.05048076923076923
0 0.7548076923076923 0.8653846153846154 0.07692307692307693 0.06971153846153846
0 0.8701923076923077 0.9278846153846154 0.040865384615384616 0.04807692307692308
0 0.8293269230769231 0.7427884615384616 0.036057692307692304 0.036057692307692304
0 0.859375 0.6899038461538461 0.026442307692307692 0.02403846153846154
0 0.7259615384615384 0.7824519230769231 0.0673076923076923 0.0625
0 0.7800480769230769 0.7211538461538461 0.05048076923076923 0.04326923076923077
0 0.8485576923076923 0.7247596153846154 0.03365384615384615 0.03125
0 0.8137019230769231 0.6947115384615384 0.03365384615384615 0.03365384615384615
0 0.9086538461538461 0.7355769230769231 0.028846153846153848 0.026442307692307692
0 0.8966346153846154 0.7932692307692307 0.021634615384615384 0.02403846153846154
0 0.9110576923076923 0.8137019230769231 0.02403846153846154 0.02403846153846154
0 0.5300480769230769 0.9651442307692307 0.12259615384615384 0.06490384615384616
0 0.7043269230769231 0.9495192307692307 0.10096153846153846 0.09615384615384616
0 0.9110576923076923 0.7752403846153846 0.02403846153846154 0.02403846153846154
0 0.9134615384615384 0.6850961538461539 0.019230769230769232 0.014423076923076924