0 0.15865384615384615 0.08413461538461539 0.2644230769230769 0.16826923076923078
0 0.2536057692307692 0.10817307692307693 0.2860576923076923 0.21634615384615385
0 0.8245192307692307 0.04927884615384615 0.22596153846153846 0.0985576923076923
0 0.8882211538461539 0.08173076923076923 0.21875 0.16346153846153846
0 0.38221153846153844 0.7560096153846154 0.028846153846153848 0.07451923076923077
0 0.3786057692307692 0.6995192307692307 0.036057692307692304 0.07211538461538461
0 0.37259615384615385 0.6598557692307693 0.04807692307692308 0.09375
0 0.9435096153846154 0.7560096153846154 0.052884615384615384 0.052884615384615384
0 0.8846153846153846 0.7920673076923077 0.06971153846153846 0.07451923076923077
0 0.8028846153846154 0.8221153846153846 0.07692307692307693 0.07692307692307693
0 0.8197115384615384 0.7524038461538461 0.07451923076923077 0.07451923076923077
0 0.8798076923076923 0.6622596153846154 0.08413461538461539 0.08653846153846154
0 0.7091346153846154 0.7271634615384616 0.10096153846153846 0.10336538461538461
0 0.4699519230769231 0.6538461538461539 0.14182692307692307 0.16826923076923078
0 0.9603365384615384 0.9122596153846154 0.019230769230769232 0.019230769230769232
0 0.9783653846153846 0.8497596153846154 0.026442307692307692 0.026442307692307692
0 0.9314903846153846 0.8425480769230769 0.036057692307692304 0.036057692307692304
0 0.9362980769230769 0.8028846153846154 0.052884615384615384 0.055288461538461536