0 0.6117788461538461 0.05048076923076923 0.0889423076923077 0.10096153846153846
0 0.5600961538461539 0.19471153846153846 0.13221153846153846 0.125
0 0.6153846153846154 0.1814903846153846 0.08173076923076923 0.10817307692307693
0 0.49278846153846156 0.3485576923076923 0.10096153846153846 0.09615384615384616
0 0.45072115384615385 0.421875 0.09134615384615384 0.08653846153846154
0 0.49759615384615385 0.44350961538461536 0.07692307692307693 0.06971153846153846
0 0.36899038461538464 0.5649038461538461 0.05048076923076923 0.04807692307692308
0 0.3485576923076923 0.5985576923076923 0.04326923076923077 0.040865384615384616
0 0.8461538461538461 0.051682692307692304 0.12980769230769232 0.10336538461538461
0 0.7668269230769231 0.18509615384615385 0.14903846153846154 0.12980769230769232
0 0.08413461538461539 0.8569711538461539 0.07451923076923077 0.07692307692307693
0 0.025240384615384616 0.9507211538461539 0.05048076923076923 0.06490384615384616
0 0.2668269230769231 0.7295673076923077 0.10336538461538461 0.10576923076923077