0 0.2247596153846154 0.15384615384615385 0.12259615384615384 0.11298076923076923
0 0.3701923076923077 0.2956730769230769 0.08653846153846154 0.08173076923076923
0 0.018028846153846152 0.14423076923076922 0.036057692307692304 0.057692307692307696
0 0.04927884615384615 0.1346153846153846 0.0673076923076923 0.0625
0 0.04807692307692308 0.17067307692307693 0.06009615384615385 0.05048076923076923
0 0.8076923076923077 0.3401442307692308 0.14182692307692307 0.12980769230769232
0 0.8533653846153846 0.2764423076923077 0.18028846153846154 0.17548076923076922
0 0.9375 0.40865384615384615 0.1201923076923077 0.1346153846153846
0 0.9134615384615384 0.46153846153846156 0.1201923076923077 0.11057692307692307
0 0.6526442307692307 0.1658653846153846 0.2668269230769231 0.2548076923076923
0 0.7007211538461539 0.08653846153846154 0.24759615384615385 0.17307692307692307
0 0.8401442307692307 0.11658653846153846 0.23798076923076922 0.23317307692307693