0 0.2920673076923077 0.09735576923076923 0.1201923076923077 0.11538461538461539
0 0.02283653846153846 0.4014423076923077 0.04567307692307692 0.1346153846153846
0 0.7848557692307693 0.010817307692307692 0.055288461538461536 0.021634615384615384
0 0.9375 0.026442307692307692 0.057692307692307696 0.052884615384615384
0 0.8569711538461539 0.007211538461538462 0.055288461538461536 0.014423076923076924
0 0.4338942307692308 0.6634615384615384 0.026442307692307692 0.04807692307692308
0 0.07451923076923077 0.8858173076923077 0.11298076923076923 0.09375
0 0.27524038461538464 0.8930288461538461 0.1466346153846154 0.18028846153846154
0 0.2439903846153846 0.7740384615384616 0.10817307692307693 0.0889423076923077
0 0.38341346153846156 0.703125 0.06490384615384616 0.0625
0 0.09254807692307693 0.9759615384615384 0.18509615384615385 0.04326923076923077