0 0.07091346153846154 0.5769230769230769 0.09134615384615384 0.08653846153846154
0 0.4699519230769231 0.5072115384615384 0.04326923076923077 0.04326923076923077
0 0.26802884615384615 0.5492788461538461 0.057692307692307696 0.052884615384615384
0 0.5396634615384616 0.5084134615384616 0.01201923076923077 0.036057692307692304
0 0.5024038461538461 0.5168269230769231 0.036057692307692304 0.036057692307692304
0 0.4891826923076923 0.5360576923076923 0.03125 0.028846153846153848
0 0.3894230769230769 0.4098557692307692 0.06009615384615385 0.0625
0 0.12620192307692307 0.6033653846153846 0.08413461538461539 0.04807692307692308
0 0.3918269230769231 0.5600961538461539 0.040865384615384616 0.040865384615384616
0 0.4567307692307692 0.5625 0.026442307692307692 0.026442307692307692
0 0.45072115384615385 0.5757211538461539 0.019230769230769232 0.019230769230769232
0 0.47475961538461536 0.5817307692307693 0.02403846153846154 0.02403846153846154
0 0.5216346153846154 0.5288461538461539 0.019230769230769232 0.016826923076923076
0 0.5384615384615384 0.5240384615384616 0.016826923076923076 0.019230769230769232
0 0.515625 0.5552884615384616 0.014423076923076924 0.014423076923076924
0 0.5288461538461539 0.5384615384615384 0.014423076923076924 0.014423076923076924
0 0.5408653846153846 0.5372596153846154 0.009615384615384616 0.016826923076923076
0 0.5420673076923077 0.5516826923076923 0.007211538461538462 0.01201923076923077
0 0.5300480769230769 0.5600961538461539 0.014423076923076924 0.014423076923076924
0 0.6069711538461539 0.11899038461538461 0.11778846153846154 0.23798076923076922
0 0.6298076923076923 0.24759615384615385 0.16346153846153846 0.1875
0 0.8401442307692307 0.2512019230769231 0.14423076923076922 0.14182692307692307
0 0.6334134615384616 0.052884615384615384 0.17067307692307693 0.10576923076923077
0 0.21033653846153846 0.9338942307692307 0.13701923076923078 0.12740384615384615
0 0.5072115384615384 0.8425480769230769 0.07692307692307693 0.07451923076923077
0 0.056490384615384616 0.9471153846153846 0.06009615384615385 0.057692307692307696
0 0.12259615384615384 0.9302884615384616 0.055288461538461536 0.055288461538461536
0 0.37740384615384615 0.8810096153846154 0.026442307692307692 0.026442307692307692
0 0.7259615384615384 0.6598557692307693 0.036057692307692304 0.036057692307692304
0 0.6213942307692307 0.6814903846153846 0.055288461538461536 0.05048076923076923
0 0.5625 0.6971153846153846 0.028846153846153848 0.0625
0 0.8137019230769231 0.6550480769230769 0.055288461538461536 0.05048076923076923
0 0.8677884615384616 0.6490384615384616 0.057692307692307696 0.038461538461538464