0 0.4651442307692308 0.3954326923076923 0.08413461538461539 0.08653846153846154
0 0.5036057692307693 0.40625 0.06971153846153846 0.07692307692307693
0 0.5408653846153846 0.42427884615384615 0.0673076923076923 0.07211538461538461
0 0.5685096153846154 0.43509615384615385 0.06009615384615385 0.06490384615384616
0 0.5877403846153846 0.44350961538461536 0.04326923076923077 0.04807692307692308
0 0.5997596153846154 0.4483173076923077 0.03125 0.04567307692307692
0 0.609375 0.45913461538461536 0.01201923076923077 0.04326923076923077
0 0.4014423076923077 0.4387019230769231 0.07932692307692307 0.08413461538461539
0 0.44471153846153844 0.4495192307692308 0.07451923076923077 0.07692307692307693
0 0.4807692307692308 0.45913461538461536 0.0625 0.0625
0 0.5120192307692307 0.4699519230769231 0.0625 0.0625
0 0.5396634615384616 0.4675480769230769 0.040865384615384616 0.040865384615384616
0 0.5588942307692307 0.47596153846153844 0.036057692307692304 0.036057692307692304
0 0.5721153846153846 0.47836538461538464 0.036057692307692304 0.036057692307692304
0 0.5889423076923077 0.484375 0.040865384615384616 0.04326923076923077
0 0.6021634615384616 0.4855769230769231 0.026442307692307692 0.038461538461538464
0 0.3389423076923077 0.48197115384615385 0.09375 0.09134615384615384
0 0.3918269230769231 0.4891826923076923 0.07451923076923077 0.07451923076923077
0 0.42908653846153844 0.4891826923076923 0.06009615384615385 0.06009615384615385
0 0.4651442307692308 0.5 0.06009615384615385 0.06009615384615385
0 0.4963942307692308 0.5012019230769231 0.04807692307692308 0.05048076923076923
0 0.5216346153846154 0.5060096153846154 0.04567307692307692 0.04567307692307692
0 0.5396634615384616 0.5048076923076923 0.038461538461538464 0.038461538461538464
0 0.5625 0.5060096153846154 0.038461538461538464 0.038461538461538464
0 0.5805288461538461 0.5084134615384616 0.03365384615384615 0.03365384615384615
0 0.59375 0.5096153846153846 0.028846153846153848 0.026442307692307692
0 0.6021634615384616 0.5096153846153846 0.026442307692307692 0.03365384615384615
0 0.6081730769230769 0.5144230769230769 0.014423076923076924 0.028846153846153848
0 0.3954326923076923 0.5444711538461539 0.06971153846153846 0.04567307692307692
0 0.5276442307692307 0.5432692307692307 0.03365384615384615 0.028846153846153848
0 0.609375 0.5408653846153846 0.01201923076923077 0.028846153846153848
0 0.22956730769230768 0.9759615384615384 0.17548076923076922 0.04326923076923077
0 0.9350961538461539 0.9170673076923077 0.125 0.16105769230769232