0 0.20192307692307693 0.46875 0.1201923076923077 0.07692307692307693
0 0.5889423076923077 0.12980769230769232 0.04326923076923077 0.04807692307692308
0 0.5132211538461539 0.1875 0.02403846153846154 0.03365384615384615
0 0.6129807692307693 0.025240384615384616 0.0673076923076923 0.05048076923076923
0 0.5420673076923077 0.36899038461538464 0.03365384615384615 0.03365384615384615
0 0.6502403846153846 0.2860576923076923 0.07451923076923077 0.06009615384615385
0 0.6105769230769231 0.390625 0.04807692307692308 0.03365384615384615
0 0.48197115384615385 0.234375 0.03125 0.028846153846153848
0 0.5384615384615384 0.19951923076923078 0.03365384615384615 0.03365384615384615
0 0.5048076923076923 0.39663461538461536 0.03125 0.021634615384615384
0 0.47716346153846156 0.4074519230769231 0.019230769230769232 0.016826923076923076
0 0.4567307692307692 0.2860576923076923 0.014423076923076924 0.019230769230769232
0 0.5925480769230769 0.328125 0.052884615384615384 0.040865384615384616
0 0.5360576923076923 0.4254807692307692 0.02403846153846154 0.026442307692307692
0 0.5564903846153846 0.421875 0.028846153846153848 0.021634615384615384
0 0.46033653846153844 0.3088942307692308 0.021634615384615384 0.021634615384615384
0 0.4579326923076923 0.4182692307692308 0.016826923076923076 0.014423076923076924
0 0.5733173076923077 0.4026442307692308 0.03365384615384615 0.028846153846153848
0 0.47716346153846156 0.44591346153846156 0.019230769230769232 0.019230769230769232
0 0.46634615384615385 0.4411057692307692 0.019230769230769232 0.016826923076923076
0 0.5084134615384616 0.43149038461538464 0.03365384615384615 0.028846153846153848
0 0.5216346153846154 0.3798076923076923 0.03365384615384615 0.028846153846153848
0 0.609375 0.5637019230769231 0.03365384615384615 0.036057692307692304
0 0.6766826923076923 0.9507211538461539 0.0673076923076923 0.0673076923076923
0 0.5456730769230769 0.5709134615384616 0.028846153846153848 0.03365384615384615
0 0.5673076923076923 0.8088942307692307 0.04567307692307692 0.04807692307692308
0 0.5757211538461539 0.7620192307692307 0.03365384615384615 0.038461538461538464
0 0.5264423076923077 0.7259615384615384 0.04326923076923077 0.028846153846153848
0 0.4855769230769231 0.6370192307692307 0.04326923076923077 0.04326923076923077
0 0.5504807692307693 0.5372596153846154 0.057692307692307696 0.038461538461538464
0 0.46153846153846156 0.5637019230769231 0.02403846153846154 0.026442307692307692
0 0.47475961538461536 0.5673076923076923 0.019230769230769232 0.01201923076923077
0 0.4891826923076923 0.5973557692307693 0.019230769230769232 0.014423076923076924
0 0.4951923076923077 0.6141826923076923 0.019230769230769232 0.01201923076923077
0 0.5144230769230769 0.5348557692307693 0.019230769230769232 0.019230769230769232
0 0.5 0.5216346153846154 0.016826923076923076 0.014423076923076924