0 0.2920673076923077 0.4074519230769231 0.04326923076923077 0.04807692307692308
0 0.20192307692307693 0.15144230769230768 0.052884615384615384 0.055288461538461536
0 0.33653846153846156 0.4110576923076923 0.07451923076923077 0.07932692307692307
0 0.33774038461538464 0.4495192307692308 0.0625 0.06490384615384616
0 0.6394230769230769 0.06850961538461539 0.1346153846153846 0.13701923076923078
0 0.6310096153846154 0.21514423076923078 0.10817307692307693 0.10817307692307693
0 0.6213942307692307 0.3233173076923077 0.07692307692307693 0.08173076923076923
0 0.5600961538461539 0.38822115384615385 0.06490384615384616 0.07451923076923077
0 0.6117788461538461 0.3894230769230769 0.07211538461538461 0.07211538461538461
0 0.32211538461538464 0.9338942307692307 0.1201923076923077 0.12740384615384615
0 0.8665865384615384 0.5709134615384616 0.2620192307692308 0.10336538461538461
0 0.796875 0.8161057692307693 0.25240384615384615 0.25240384615384615
0 0.6201923076923077 0.9807692307692307 0.09134615384615384 0.03365384615384615
0 0.6899038461538461 0.8942307692307693 0.1346153846153846 0.1346153846153846
0 0.6442307692307693 0.7163461538461539 0.1658653846153846 0.17548076923076922
0 0.7451923076923077 0.6358173076923077 0.21153846153846154 0.22596153846153846