0 0.38822115384615385 0.6490384615384616 0.07932692307692307 0.014423076923076924
0 0.5108173076923077 0.6189903846153846 0.13221153846153846 0.07451923076923077
0 0.6418269230769231 0.5889423076923077 0.14182692307692307 0.13701923076923078
0 0.6802884615384616 0.6358173076923077 0.16346153846153846 0.040865384615384616
0 0.8665865384615384 0.4423076923076923 0.22115384615384615 0.21153846153846154
0 0.859375 0.4543269230769231 0.2764423076923077 0.40384615384615385
0 0.2247596153846154 0.9230769230769231 0.14182692307692307 0.14903846153846154
0 0.1778846153846154 0.9519230769230769 0.1971153846153846 0.09134615384615384
0 0.18389423076923078 0.7608173076923077 0.14423076923076922 0.14423076923076922
0 0.052884615384615384 0.7211538461538461 0.06009615384615385 0.06971153846153846
0 0.11899038461538461 0.8028846153846154 0.14903846153846154 0.15865384615384615
0 0.052884615384615384 0.8161057692307693 0.10096153846153846 0.10817307692307693
0 0.03485576923076923 0.6754807692307693 0.06971153846153846 0.03365384615384615
0 0.08413461538461539 0.9314903846153846 0.12980769230769232 0.13221153846153846
0 0.33774038461538464 0.9711538461538461 0.06490384615384616 0.052884615384615384