0 0.30528846153846156 0.38822115384615385 0.25961538461538464 0.2764423076923077
0 0.13221153846153846 0.34975961538461536 0.23317307692307693 0.2692307692307692
0 0.0733173076923077 0.40865384615384615 0.1466346153846154 0.23557692307692307
0 0.20552884615384615 0.11538461538461539 0.29086538461538464 0.23076923076923078
0 0.08653846153846154 0.10817307692307693 0.17307692307692307 0.21634615384615385
0 0.5240384615384616 0.21514423076923078 0.07211538461538461 0.07451923076923077
0 0.5060096153846154 0.234375 0.036057692307692304 0.06009615384615385
0 0.7451923076923077 0.9819711538461539 0.07211538461538461 0.03125
0 0.8016826923076923 0.9831730769230769 0.06971153846153846 0.028846153846153848
0 0.8413461538461539 0.9795673076923077 0.09134615384615384 0.036057692307692304
0 0.7247596153846154 0.5901442307692307 0.3389423076923077 0.12259615384615384