0 0.32211538461538464 0.3137019230769231 0.19951923076923078 0.19951923076923078
0 0.3641826923076923 0.06370192307692307 0.34375 0.12740384615384615
0 0.24879807692307693 0.04807692307692308 0.21394230769230768 0.09615384615384616
0 0.4182692307692308 0.37259615384615385 0.3076923076923077 0.22596153846153846
0 0.7716346153846154 0.20552884615384615 0.22596153846153846 0.35336538461538464
0 0.828125 0.24278846153846154 0.3389423076923077 0.4855769230769231
0 0.7403846153846154 0.4651442307692308 0.10096153846153846 0.040865384615384616
0 0.3389423076923077 0.5420673076923077 0.14903846153846154 0.10817307692307693
0 0.40384615384615385 0.53125 0.19230769230769232 0.08653846153846154
0 0.4483173076923077 0.6358173076923077 0.14903846153846154 0.14903846153846154
0 0.390625 0.6754807692307693 0.125 0.125
0 0.4723557692307692 0.7716346153846154 0.11057692307692307 0.11057692307692307
0 0.4963942307692308 0.9783653846153846 0.05048076923076923 0.038461538461538464
0 0.4831730769230769 0.9278846153846154 0.07211538461538461 0.07211538461538461
0 0.46274038461538464 0.8762019230769231 0.09615384615384616 0.09615384615384616
0 0.5300480769230769 0.9423076923076923 0.06009615384615385 0.06009615384615385
0 0.5036057692307693 0.8834134615384616 0.08413461538461539 0.08413461538461539
0 0.43509615384615385 0.8040865384615384 0.09375 0.09375