0 0.16466346153846154 0.15985576923076922 0.10096153846153846 0.08413461538461539
0 0.36658653846153844 0.24158653846153846 0.040865384615384616 0.055288461538461536
0 0.21875 0.0733173076923077 0.09615384615384616 0.09134615384615384
0 0.38100961538461536 0.18269230769230768 0.01201923076923077 0.04807692307692308
0 0.3245192307692308 0.9483173076923077 0.125 0.0985576923076923
0 0.33052884615384615 0.8341346153846154 0.11298076923076923 0.21634615384615385
0 0.3329326923076923 0.6826923076923077 0.10817307692307693 0.21153846153846154
0 0.10216346153846154 0.9711538461538461 0.20432692307692307 0.052884615384615384
0 0.36538461538461536 0.5072115384615384 0.04326923076923077 0.11538461538461539
0 0.13701923076923078 0.8173076923076923 0.27403846153846156 0.3605769230769231
0 0.8401442307692307 0.5048076923076923 0.09134615384615384 0.09615384615384616
0 0.6129807692307693 0.8918269230769231 0.14903846153846154 0.15865384615384615
0 0.7536057692307693 0.7668269230769231 0.1201923076923077 0.13221153846153846
0 0.9471153846153846 0.5552884615384616 0.06009615384615385 0.06971153846153846
0 0.8293269230769231 0.6670673076923077 0.0889423076923077 0.10096153846153846
0 0.9543269230769231 0.7055288461538461 0.057692307692307696 0.06490384615384616
0 0.8245192307692307 0.8882211538461539 0.07451923076923077 0.09134615384615384
0 0.8689903846153846 0.7728365384615384 0.06971153846153846 0.0889423076923077
0 0.8894230769230769 0.6177884615384616 0.07211538461538461 0.08173076923076923
0 0.9855769230769231 0.6466346153846154 0.02403846153846154 0.0625