0 0.5637019230769231 0.19471153846153846 0.06490384615384616 0.11057692307692307
0 0.4987980769230769 0.18509615384615385 0.06490384615384616 0.0625
0 0.45913461538461536 0.2608173076923077 0.09615384615384616 0.0889423076923077
0 0.34134615384615385 0.24879807692307693 0.10576923076923077 0.0985576923076923
0 0.8016826923076923 0.04326923076923077 0.11298076923076923 0.08653846153846154
0 0.8305288461538461 0.05889423076923077 0.06009615384615385 0.05048076923076923
0 0.8689903846153846 0.0829326923076923 0.052884615384615384 0.052884615384615384
0 0.96875 0.12980769230769232 0.057692307692307696 0.0673076923076923
0 0.1045673076923077 0.5997596153846154 0.08413461538461539 0.021634615384615384
0 0.3269230769230769 0.6225961538461539 0.1201923076923077 0.0673076923076923
0 0.6742788461538461 0.8112980769230769 0.10336538461538461 0.125
0 0.7584134615384616 0.7295673076923077 0.09615384615384616 0.11778846153846154
0 0.8581730769230769 0.6574519230769231 0.057692307692307696 0.07211538461538461
0 0.8064903846153846 0.6346153846153846 0.057692307692307696 0.07211538461538461
0 0.9002403846153846 0.6237980769230769 0.05048076923076923 0.06009615384615385