0 0.2247596153846154 0.16105769230769232 0.1201923076923077 0.12259615384615384
0 0.4266826923076923 0.5060096153846154 0.08173076923076923 0.08173076923076923
0 0.3557692307692308 0.5588942307692307 0.03125 0.03125
0 0.3389423076923077 0.4519230769230769 0.0673076923076923 0.06971153846153846
0 0.32572115384615385 0.49038461538461536 0.055288461538461536 0.057692307692307696
0 0.390625 0.5721153846153846 0.0985576923076923 0.028846153846153848
0 0.22355769230769232 0.2283653846153846 0.09375 0.09615384615384616
0 0.3004807692307692 0.3485576923076923 0.07692307692307693 0.07932692307692307
0 0.8473557692307693 0.390625 0.1875 0.18990384615384615
0 0.8161057692307693 0.4543269230769231 0.15384615384615385 0.15865384615384615
0 0.90625 0.47836538461538464 0.0985576923076923 0.09134615384615384
0 0.6478365384615384 0.33052884615384615 0.13221153846153846 0.13221153846153846
0 0.6514423076923077 0.38100961538461536 0.125 0.125
0 0.5336538461538461 0.33533653846153844 0.08653846153846154 0.0889423076923077
0 0.5264423076923077 0.28125 0.10096153846153846 0.10336538461538461
0 0.47836538461538464 0.29447115384615385 0.019230769230769232 0.07932692307692307
0 0.859375 0.14182692307692307 0.21394230769230768 0.21394230769230768
0 0.9591346153846154 0.7439903846153846 0.07692307692307693 0.18509615384615385
0 0.8209134615384616 0.7091346153846154 0.15384615384615385 0.15625
0 0.9711538461538461 0.9362980769230769 0.052884615384615384 0.12259615384615384
0 0.9711538461538461 0.9819711538461539 0.052884615384615384 0.03125