0 0.1310096153846154 0.484375 0.026442307692307692 0.026442307692307692
0 0.16706730769230768 0.3918269230769231 0.03125 0.038461538461538464
0 0.4387019230769231 0.13942307692307693 0.08173076923076923 0.09375
0 0.2824519230769231 0.27524038461538464 0.04567307692307692 0.057692307692307696
0 0.2247596153846154 0.36658653846153844 0.052884615384615384 0.057692307692307696
0 0.23317307692307693 0.31009615384615385 0.038461538461538464 0.05048076923076923
0 0.13581730769230768 0.4362980769230769 0.02403846153846154 0.026442307692307692
0 0.15985576923076922 0.29927884615384615 0.038461538461538464 0.052884615384615384
0 0.22716346153846154 0.18629807692307693 0.028846153846153848 0.028846153846153848
0 0.18509615384615385 0.10576923076923077 0.019230769230769232 0.019230769230769232
0 0.15625 0.051682692307692304 0.02403846153846154 0.019230769230769232
0 0.09735576923076923 0.11057692307692307 0.02403846153846154 0.019230769230769232
0 0.08653846153846154 0.0889423076923077 0.009615384615384616 0.009615384615384616
0 0.4495192307692308 0.9699519230769231 0.20673076923076922 0.055288461538461536
0 0.15504807692307693 0.6862980769230769 0.11778846153846154 0.11778846153846154
0 0.16346153846153846 0.8245192307692307 0.0985576923076923 0.11778846153846154
0 0.9230769230769231 0.6622596153846154 0.07451923076923077 0.07451923076923077
0 0.9411057692307693 0.7283653846153846 0.06009615384615385 0.0625
0 0.7139423076923077 0.9807692307692307 0.014423076923076924 0.019230769230769232
0 0.8894230769230769 0.7752403846153846 0.06490384615384616 0.04807692307692308
0 0.9170673076923077 0.8293269230769231 0.08173076923076923 0.055288461538461536
0 0.703125 0.9915865384615384 0.01201923076923077 0.01201923076923077
0 0.8677884615384616 0.7367788461538461 0.052884615384615384 0.04807692307692308
0 0.8088942307692307 0.7992788461538461 0.04567307692307692 0.040865384615384616
0 0.8305288461538461 0.7692307692307693 0.04326923076923077 0.038461538461538464
0 0.8485576923076923 0.8040865384615384 0.052884615384615384 0.040865384615384616