0 0.2091346153846154 0.15144230769230768 0.0673076923076923 0.0673076923076923
0 0.24158653846153846 0.41466346153846156 0.03125 0.03125
0 0.26322115384615385 0.2956730769230769 0.040865384615384616 0.04326923076923077
0 0.28966346153846156 0.36778846153846156 0.02403846153846154 0.026442307692307692
0 0.22235576923076922 0.43990384615384615 0.02403846153846154 0.026442307692307692
0 0.2848557692307692 0.4098557692307692 0.026442307692307692 0.028846153846153848
0 0.90625 0.109375 0.08413461538461539 0.08413461538461539
0 0.8521634615384616 0.12740384615384615 0.09134615384615384 0.09134615384615384
0 0.9206730769230769 0.2548076923076923 0.036057692307692304 0.036057692307692304
0 0.8425480769230769 0.46634615384615385 0.026442307692307692 0.019230769230769232
0 0.8822115384615384 0.18870192307692307 0.08173076923076923 0.08173076923076923
0 0.8317307692307693 0.21514423076923078 0.06971153846153846 0.06971153846153846
0 0.19230769230769232 0.8305288461538461 0.1346153846153846 0.1346153846153846
0 0.21754807692307693 0.7415865384615384 0.14903846153846154 0.15144230769230768
0 0.05048076923076923 0.9098557692307693 0.10096153846153846 0.17548076923076922
0 0.18389423076923078 0.9002403846153846 0.125 0.125
0 0.28725961538461536 0.8846153846153846 0.08653846153846154 0.08653846153846154
0 0.2860576923076923 0.828125 0.07692307692307693 0.07451923076923077
0 0.4266826923076923 0.8641826923076923 0.06009615384615385 0.06009615384615385
0 0.06850961538461539 0.7127403846153846 0.13701923076923078 0.20432692307692307
0 0.375 0.8221153846153846 0.06971153846153846 0.06971153846153846
0 0.359375 0.8713942307692307 0.07451923076923077 0.07692307692307693
0 0.33653846153846156 0.9038461538461539 0.055288461538461536 0.055288461538461536
0 0.28125 0.9362980769230769 0.15865384615384615 0.12259615384615384
0 0.08413461538461539 0.9795673076923077 0.10576923076923077 0.036057692307692304
0 0.10336538461538461 0.9459134615384616 0.13942307692307693 0.10336538461538461
0 0.05889423076923077 0.8401442307692307 0.11778846153846154 0.1466346153846154
0 0.21033653846153846 0.9663461538461539 0.11298076923076923 0.0625
0 0.38822115384615385 0.9026442307692307 0.05048076923076923 0.04807692307692308
0 0.3870192307692308 0.9302884615384616 0.05048076923076923 0.04807692307692308
0 0.8894230769230769 0.9254807692307693 0.06009615384615385 0.06009615384615385