0 0.33653846153846156 0.05048076923076923 0.0625 0.0625
0 0.23918269230769232 0.06610576923076923 0.07451923076923077 0.07451923076923077
0 0.359375 0.17548076923076922 0.04807692307692308 0.04567307692307692
0 0.32211538461538464 0.01201923076923077 0.08173076923076923 0.02403846153846154
0 0.9795673076923077 0.04807692307692308 0.036057692307692304 0.09615384615384616
0 0.8293269230769231 0.11538461538461539 0.11298076923076923 0.11298076923076923
0 0.9783653846153846 0.2848557692307692 0.038461538461538464 0.04567307692307692
0 0.34615384615384615 0.6730769230769231 0.0985576923076923 0.0985576923076923
0 0.3112980769230769 0.8100961538461539 0.0673076923076923 0.0673076923076923
0 0.3233173076923077 0.7524038461538461 0.0889423076923077 0.0889423076923077
0 0.40865384615384615 0.6213942307692307 0.0985576923076923 0.10096153846153846
0 0.28365384615384615 0.8978365384615384 0.04326923076923077 0.04326923076923077
0 0.3137019230769231 0.9134615384615384 0.05048076923076923 0.05048076923076923
0 0.2920673076923077 0.8689903846153846 0.057692307692307696 0.057692307692307696
0 0.27524038461538464 0.9230769230769231 0.03125 0.03125
0 0.9879807692307693 0.6911057692307693 0.019230769230769232 0.09375
0 0.7608173076923077 0.6466346153846154 0.1658653846153846 0.16346153846153846