0 0.04447115384615385 0.5733173076923077 0.07932692307692307 0.06490384615384616
0 0.15504807692307693 0.21153846153846154 0.09134615384615384 0.08653846153846154
0 0.046875 0.27283653846153844 0.0625 0.0673076923076923
0 0.3161057692307692 0.4519230769230769 0.125 0.13221153846153846
0 0.6490384615384616 0.11177884615384616 0.04326923076923077 0.04326923076923077
0 0.6778846153846154 0.10697115384615384 0.04807692307692308 0.040865384615384616
0 0.6490384615384616 0.36778846153846156 0.04807692307692308 0.03125
0 0.7596153846153846 0.43028846153846156 0.0625 0.04807692307692308
0 0.8016826923076923 0.46274038461538464 0.06971153846153846 0.057692307692307696
0 0.8473557692307693 0.4879807692307692 0.08413461538461539 0.06971153846153846
0 0.9230769230769231 0.5300480769230769 0.10576923076923077 0.0889423076923077
0 0.6959134615384616 0.6754807692307693 0.04567307692307692 0.057692307692307696
0 0.609375 0.6742788461538461 0.03365384615384615 0.06009615384615385
0 0.6634615384615384 0.8016826923076923 0.04567307692307692 0.052884615384615384
0 0.6826923076923077 0.7764423076923077 0.04567307692307692 0.057692307692307696
0 0.6514423076923077 0.7415865384615384 0.04567307692307692 0.052884615384615384
0 0.6370192307692307 0.765625 0.04326923076923077 0.04326923076923077
0 0.6225961538461539 0.7235576923076923 0.038461538461538464 0.04807692307692308
0 0.6838942307692307 0.7271634615384616 0.05048076923076923 0.06009615384615385
0 0.7427884615384616 0.6394230769230769 0.0673076923076923 0.0625
0 0.6286057692307693 0.625 0.04567307692307692 0.03365384615384615