0 0.16706730769230768 0.27403846153846156 0.02403846153846154 0.021634615384615384
0 0.038461538461538464 0.23197115384615385 0.03365384615384615 0.04807692307692308
0 0.057692307692307696 0.2403846153846154 0.021634615384615384 0.026442307692307692
0 0.23918269230769232 0.29086538461538464 0.016826923076923076 0.016826923076923076
0 0.12860576923076922 0.25841346153846156 0.021634615384615384 0.03125
0 0.1466346153846154 0.265625 0.021634615384615384 0.021634615384615384
0 0.2247596153846154 0.28725961538461536 0.01201923076923077 0.02403846153846154
0 0.8341346153846154 0.2956730769230769 0.08173076923076923 0.0673076923076923
0 0.9747596153846154 0.21394230769230768 0.04567307692307692 0.09134615384615384
0 0.5540865384615384 0.31971153846153844 0.11538461538461539 0.07211538461538461
0 0.28725961538461536 0.96875 0.02403846153846154 0.021634615384615384
0 0.2247596153846154 0.8846153846153846 0.036057692307692304 0.03365384615384615
0 0.3317307692307692 0.9122596153846154 0.03125 0.03125
0 0.359375 0.8966346153846154 0.04326923076923077 0.038461538461538464
0 0.3701923076923077 0.9158653846153846 0.040865384615384616 0.038461538461538464
0 0.3016826923076923 0.9362980769230769 0.03125 0.026442307692307692
0 0.5216346153846154 0.8341346153846154 0.16346153846153846 0.27884615384615385
0 0.5132211538461539 0.9447115384615384 0.1466346153846154 0.10576923076923077