0 0.20552884615384615 0.14543269230769232 0.0673076923076923 0.06490384615384616
0 0.109375 0.021634615384615384 0.026442307692307692 0.026442307692307692
0 0.2127403846153846 0.27524038461538464 0.0985576923076923 0.0985576923076923
0 0.1502403846153846 0.16706730769230768 0.06009615384615385 0.06009615384615385
0 0.140625 0.3762019230769231 0.10336538461538461 0.0985576923076923
0 0.057692307692307696 0.19471153846153846 0.05048076923076923 0.05048076923076923
0 0.09975961538461539 0.051682692307692304 0.026442307692307692 0.026442307692307692
0 0.03485576923076923 0.2127403846153846 0.036057692307692304 0.038461538461538464
0 0.09375 0.07572115384615384 0.026442307692307692 0.026442307692307692
0 0.028846153846153848 0.34975961538461536 0.057692307692307696 0.0889423076923077
0 0.020432692307692308 0.33774038461538464 0.040865384615384616 0.11298076923076923
0 0.03245192307692308 0.2824519230769231 0.06490384615384616 0.06971153846153846
0 0.018028846153846152 0.2704326923076923 0.036057692307692304 0.06009615384615385
0 0.04326923076923077 0.16346153846153846 0.05048076923076923 0.05048076923076923
0 0.06850961538461539 0.16346153846153846 0.026442307692307692 0.026442307692307692
0 0.08653846153846154 0.039663461538461536 0.026442307692307692 0.026442307692307692
0 0.07932692307692307 0.06610576923076923 0.028846153846153848 0.028846153846153848
0 0.11538461538461539 0.004807692307692308 0.03365384615384615 0.009615384615384616
0 0.09735576923076923 0.018028846153846152 0.040865384615384616 0.036057692307692304
0 0.08052884615384616 0.109375 0.05048076923076923 0.05048076923076923
0 0.0673076923076923 0.10336538461538461 0.04567307692307692 0.04807692307692308
0 0.5673076923076923 0.23076923076923078 0.09134615384615384 0.09134615384615384
0 0.5348557692307693 0.19831730769230768 0.06971153846153846 0.06971153846153846
0 0.2536057692307692 0.4963942307692308 0.052884615384615384 0.05048076923076923
0 0.11538461538461539 0.546875 0.040865384615384616 0.040865384615384616
0 0.32211538461538464 0.734375 0.3269230769230769 0.43028846153846156
0 0.19831730769230768 0.6081730769230769 0.057692307692307696 0.057692307692307696
0 0.15745192307692307 0.5805288461538461 0.057692307692307696 0.057692307692307696
0 0.22235576923076922 0.5420673076923077 0.06490384615384616 0.0625
0 0.25600961538461536 0.45072115384615385 0.07932692307692307 0.04567307692307692
0 0.14783653846153846 0.5084134615384616 0.0625 0.0625
0 0.13942307692307693 0.4723557692307692 0.03125 0.03125
0 0.09615384615384616 0.46875 0.028846153846153848 0.028846153846153848
0 0.21875 0.45072115384615385 0.052884615384615384 0.04567307692307692
0 0.18990384615384615 0.4483173076923077 0.04326923076923077 0.040865384615384616
0 0.3004807692307692 0.4543269230769231 0.0625 0.052884615384615384
0 0.06370192307692307 0.5120192307692307 0.028846153846153848 0.026442307692307692
0 0.037259615384615384 0.5024038461538461 0.021634615384615384 0.021634615384615384
0 0.0829326923076923 0.5336538461538461 0.03365384615384615 0.03365384615384615
0 0.0985576923076923 0.5408653846153846 0.03365384615384615 0.03365384615384615
0 0.78125 0.6117788461538461 0.10576923076923077 0.10817307692307693
0 0.5949519230769231 0.671875 0.13701923076923078 0.1346153846153846
0 0.5649038461538461 0.9002403846153846 0.15384615384615385 0.18990384615384615