0 0.5709134615384616 0.13221153846153846 0.03125 0.09134615384615384
0 0.4951923076923077 0.03125 0.09615384615384616 0.0625
0 0.49038461538461536 0.10336538461538461 0.13221153846153846 0.13221153846153846
0 0.5288461538461539 0.21033653846153846 0.11538461538461539 0.1658653846153846
0 0.2848557692307692 0.0985576923076923 0.13942307692307693 0.1466346153846154
0 0.3557692307692308 0.34615384615384615 0.27403846153846156 0.22115384615384615
0 0.9110576923076923 0.265625 0.11778846153846154 0.11057692307692307
0 0.5300480769230769 0.5 0.06490384615384616 0.0673076923076923
0 0.5649038461538461 0.5384615384615384 0.04326923076923077 0.052884615384615384
0 0.4855769230769231 0.4795673076923077 0.0625 0.040865384615384616
0 0.5709134615384616 0.5216346153846154 0.03125 0.07211538461538461
0 0.578125 0.5564903846153846 0.016826923076923076 0.04567307692307692
0 0.9891826923076923 0.8617788461538461 0.016826923076923076 0.06490384615384616
0 0.8894230769230769 0.8269230769230769 0.09615384615384616 0.09615384615384616
0 0.9891826923076923 0.8004807692307693 0.016826923076923076 0.0625
0 0.8137019230769231 0.7271634615384616 0.0985576923076923 0.10096153846153846
0 0.9927884615384616 0.7043269230769231 0.009615384615384616 0.052884615384615384
0 0.78125 0.5552884615384616 0.09134615384615384 0.0985576923076923
0 0.9915865384615384 0.6790865384615384 0.01201923076923077 0.040865384615384616
0 0.7560096153846154 0.5072115384615384 0.10336538461538461 0.09615384615384616
0 0.8353365384615384 0.5516826923076923 0.08413461538461539 0.0889423076923077
0 0.8810096153846154 0.6153846153846154 0.08173076923076923 0.0889423076923077
0 0.9014423076923077 0.5889423076923077 0.11057692307692307 0.10817307692307693
0 0.9399038461538461 0.6502403846153846 0.06490384615384616 0.0673076923076923
0 0.9579326923076923 0.6322115384615384 0.052884615384615384 0.057692307692307696