0 0.07572115384615384 0.42427884615384615 0.05048076923076923 0.05048076923076923
0 0.21754807692307693 0.6117788461538461 0.04807692307692308 0.04807692307692308
0 0.3449519230769231 0.6514423076923077 0.06971153846153846 0.06971153846153846
0 0.1778846153846154 0.5504807692307693 0.05048076923076923 0.05048076923076923
0 0.11778846153846154 0.4579326923076923 0.04326923076923077 0.04326923076923077
0 0.07211538461538461 0.5336538461538461 0.026442307692307692 0.026442307692307692
0 0.0829326923076923 0.578125 0.038461538461538464 0.040865384615384616
0 0.04807692307692308 0.5793269230769231 0.019230769230769232 0.019230769230769232
0 0.008413461538461538 0.53125 0.016826923076923076 0.02403846153846154
0 0.003605769230769231 0.5072115384615384 0.007211538461538462 0.02403846153846154
0 0.07451923076923077 0.5949519230769231 0.02403846153846154 0.02403846153846154
0 0.06009615384615385 0.5961538461538461 0.014423076923076924 0.014423076923076924
0 0.056490384615384616 0.6081730769230769 0.014423076923076924 0.014423076923076924
0 0.042067307692307696 0.5961538461538461 0.014423076923076924 0.014423076923076924
0 0.037259615384615384 0.6069711538461539 0.014423076923076924 0.014423076923076924
0 0.052884615384615384 0.6165865384615384 0.014423076923076924 0.014423076923076924
0 0.002403846153846154 0.5709134615384616 0.004807692307692308 0.021634615384615384
0 0.47115384615384615 0.39903846153846156 0.06490384615384616 0.0673076923076923
0 0.5432692307692307 0.5997596153846154 0.06009615384615385 0.057692307692307696
0 0.6382211538461539 0.5637019230769231 0.07932692307692307 0.08173076923076923
0 0.6850961538461539 0.34975961538461536 0.15384615384615385 0.15384615384615385
0 0.6334134615384616 0.6730769230769231 0.06490384615384616 0.04807692307692308
0 0.47475961538461536 0.8064903846153846 0.13221153846153846 0.18990384615384615