0 0.052884615384615384 0.4182692307692308 0.040865384615384616 0.040865384615384616
0 0.09615384615384616 0.3762019230769231 0.04326923076923077 0.04326923076923077
0 0.1971153846153846 0.2932692307692308 0.0673076923076923 0.0673076923076923
0 0.08413461538461539 0.4230769230769231 0.04807692307692308 0.04807692307692308
0 0.12259615384615384 0.39302884615384615 0.057692307692307696 0.057692307692307696
0 0.2848557692307692 0.24278846153846154 0.07692307692307693 0.07932692307692307
0 0.11538461538461539 0.44471153846153844 0.055288461538461536 0.055288461538461536
0 0.171875 0.3918269230769231 0.07211538461538461 0.07211538461538461
0 0.14182692307692307 0.45072115384615385 0.0673076923076923 0.05048076923076923
0 0.2283653846153846 0.3918269230769231 0.09615384615384616 0.09615384615384616
0 0.17908653846153846 0.4495192307692308 0.09375 0.052884615384615384
0 0.4375 0.20192307692307693 0.11298076923076923 0.11298076923076923
0 0.5625 0.22956730769230768 0.1466346153846154 0.1466346153846154
0 0.007211538461538462 0.31850961538461536 0.014423076923076924 0.021634615384615384
0 0.009615384615384616 0.3329326923076923 0.019230769230769232 0.021634615384615384
0 0.042067307692307696 0.29927884615384615 0.026442307692307692 0.026442307692307692
0 0.007211538461538462 0.3701923076923077 0.014423076923076924 0.028846153846153848
0 0.019230769230769232 0.3701923076923077 0.03365384615384615 0.03365384615384615
0 0.03485576923076923 0.3713942307692308 0.03365384615384615 0.03365384615384615
0 0.006009615384615385 0.4338942307692308 0.01201923076923077 0.040865384615384616
0 0.018028846153846152 0.4074519230769231 0.028846153846153848 0.028846153846153848
0 0.054086538461538464 0.3701923076923077 0.04326923076923077 0.04326923076923077
0 0.15985576923076922 0.2692307692307692 0.052884615384615384 0.052884615384615384
0 0.03125 0.4098557692307692 0.038461538461538464 0.038461538461538464
0 0.07572115384615384 0.375 0.040865384615384616 0.040865384615384616
0 0.028846153846153848 0.640625 0.057692307692307696 0.19471153846153846
0 0.18269230769230768 0.6177884615384616 0.27403846153846156 0.27403846153846156
0 0.5396634615384616 0.625 0.31490384615384615 0.2932692307692308
0 0.5336538461538461 0.5144230769230769 0.32211538461538464 0.07211538461538461