0 0.038461538461538464 0.0733173076923077 0.07692307692307693 0.1466346153846154
0 0.15865384615384615 0.09014423076923077 0.21153846153846154 0.18028846153846154
0 0.1466346153846154 0.22235576923076922 0.18028846153846154 0.18028846153846154
0 0.42427884615384615 0.5600961538461539 0.06490384615384616 0.052884615384615384
0 0.39663461538461536 0.5252403846153846 0.05048076923076923 0.057692307692307696
0 0.3641826923076923 0.4795673076923077 0.09134615384615384 0.08653846153846154
0 0.39783653846153844 0.45913461538461536 0.0889423076923077 0.08413461538461539
0 0.8557692307692307 0.04567307692307692 0.28365384615384615 0.09134615384615384
0 0.7776442307692307 0.06850961538461539 0.21394230769230768 0.13701923076923078
0 0.6550480769230769 0.06370192307692307 0.19471153846153846 0.12740384615384615
0 0.7668269230769231 0.17427884615384615 0.16826923076923078 0.16346153846153846
0 0.46634615384615385 0.9783653846153846 0.052884615384615384 0.038461538461538464
0 0.4014423076923077 0.9783653846153846 0.09615384615384616 0.038461538461538464
0 0.3329326923076923 0.953125 0.06490384615384616 0.07451923076923077
0 0.35336538461538464 0.9927884615384616 0.04326923076923077 0.009615384615384616
0 0.17307692307692307 0.9579326923076923 0.10096153846153846 0.07932692307692307
0 0.14182692307692307 0.8209134615384616 0.08413461538461539 0.07932692307692307
0 0.028846153846153848 0.7055288461538461 0.057692307692307696 0.0889423076923077
0 0.042067307692307696 0.6213942307692307 0.08413461538461539 0.06490384615384616