0 0.3713942307692308 0.38221153846153844 0.04326923076923077 0.04326923076923077
0 0.38221153846153844 0.42427884615384615 0.04326923076923077 0.026442307692307692
0 0.12860576923076922 0.3762019230769231 0.08413461538461539 0.08413461538461539
0 0.9819711538461539 0.10697115384615384 0.03125 0.13221153846153846
0 0.6947115384615384 0.32572115384615385 0.24519230769230768 0.22355769230769232
0 0.7740384615384616 0.08052884615384616 0.1971153846153846 0.16105769230769232
0 0.9543269230769231 0.018028846153846152 0.08653846153846154 0.036057692307692304
0 0.8689903846153846 0.17668269230769232 0.22355769230769232 0.22355769230769232
0 0.5588942307692307 0.23076923076923078 0.21875 0.22596153846153846
0 0.9254807692307693 0.34375 0.14423076923076922 0.1875
0 0.8401442307692307 0.39663461538461536 0.2668269230769231 0.08173076923076923
0 0.6262019230769231 0.5913461538461539 0.19471153846153846 0.19471153846153846
0 0.5456730769230769 0.5216346153846154 0.19230769230769232 0.16346153846153846
0 0.9038461538461539 0.5444711538461539 0.13942307692307693 0.13942307692307693