0 0.2283653846153846 0.6478365384615384 0.0673076923076923 0.06009615384615385
0 0.40625 0.6694711538461539 0.08173076923076923 0.055288461538461536
0 0.33774038461538464 0.6574519230769231 0.08413461538461539 0.08173076923076923
0 0.019230769230769232 0.6478365384615384 0.036057692307692304 0.036057692307692304
0 0.06850961538461539 0.6658653846153846 0.028846153846153848 0.03125
0 0.2860576923076923 0.6478365384615384 0.057692307692307696 0.057692307692307696
0 0.14903846153846154 0.6550480769230769 0.05048076923076923 0.04807692307692308
0 0.31971153846153844 0.09375 0.28365384615384615 0.1875
0 0.1814903846153846 0.1045673076923077 0.25721153846153844 0.2091346153846154
0 0.3641826923076923 0.6850961538461539 0.06971153846153846 0.02403846153846154
0 0.27283653846153844 0.671875 0.06490384615384616 0.05048076923076923
0 0.1778846153846154 0.6754807692307693 0.04326923076923077 0.040865384615384616
0 0.2439903846153846 0.6887019230769231 0.05048076923076923 0.016826923076923076
0 0.22115384615384615 0.6778846153846154 0.04807692307692308 0.038461538461538464
0 0.20432692307692307 0.6911057692307693 0.04326923076923077 0.01201923076923077
0 0.34975961538461536 0.671875 0.06971153846153846 0.05048076923076923
0 0.3004807692307692 0.6850961538461539 0.057692307692307696 0.02403846153846154
0 0.9326923076923077 0.3942307692307692 0.12980769230769232 0.21634615384615385
0 0.7920673076923077 0.48677884615384615 0.19471153846153846 0.21394230769230768
0 0.7223557692307693 0.5805288461538461 0.12740384615384615 0.13942307692307693
0 0.609375 0.17908653846153846 0.18028846153846154 0.3581730769230769
0 0.5901442307692307 0.4254807692307692 0.14182692307692307 0.21153846153846154
0 0.5817307692307693 0.5264423076923077 0.125 0.14903846153846154
0 0.5985576923076923 0.5889423076923077 0.08173076923076923 0.09134615384615384
0 0.5336538461538461 0.6009615384615384 0.028846153846153848 0.10096153846153846
0 0.5324519230769231 0.6237980769230769 0.026442307692307692 0.055288461538461536
0 0.5757211538461539 0.6454326923076923 0.0625 0.0673076923076923
0 0.9723557692307693 0.8305288461538461 0.052884615384615384 0.052884615384615384
0 0.8473557692307693 0.9855769230769231 0.02403846153846154 0.02403846153846154
0 0.953125 0.9555288461538461 0.04567307692307692 0.04567307692307692
0 0.8557692307692307 0.9326923076923077 0.038461538461538464 0.038461538461538464
0 0.8269230769230769 0.9567307692307693 0.03125 0.03125
0 0.796875 0.8137019230769231 0.057692307692307696 0.055288461538461536
0 0.9615384615384616 0.7620192307692307 0.07211538461538461 0.11057692307692307
0 0.9675480769230769 0.8641826923076923 0.06009615384615385 0.06971153846153846
0 0.9675480769230769 0.9086538461538461 0.057692307692307696 0.06009615384615385