0 0.5901442307692307 0.3894230769230769 0.07451923076923077 0.11538461538461539
0 0.4699519230769231 0.3737980769230769 0.2091346153846154 0.1466346153846154
0 0.47836538461538464 0.25600961538461536 0.1778846153846154 0.1778846153846154
0 0.25600961538461536 0.02403846153846154 0.09375 0.04807692307692308
0 0.22235576923076922 0.03365384615384615 0.0889423076923077 0.0673076923076923
0 0.7644230769230769 0.2668269230769231 0.05048076923076923 0.04326923076923077
0 0.8713942307692307 0.33533653846153844 0.0673076923076923 0.057692307692307696
0 0.7079326923076923 0.1971153846153846 0.028846153846153848 0.028846153846153848
0 0.640625 0.15504807692307693 0.021634615384615384 0.03125
0 0.6899038461538461 0.3112980769230769 0.07211538461538461 0.06490384615384616
0 0.7427884615384616 0.3762019230769231 0.09615384615384616 0.10817307692307693
0 0.7980769230769231 0.375 0.09134615384615384 0.09134615384615384
0 0.4387019230769231 0.49759615384615385 0.13221153846153846 0.09615384615384616
0 0.15264423076923078 0.46274038461538464 0.09375 0.026442307692307692
0 0.19471153846153846 0.6346153846153846 0.17067307692307693 0.18509615384615385
0 0.29447115384615385 0.5817307692307693 0.17067307692307693 0.14903846153846154