0 0.5805288461538461 0.33774038461538464 0.04807692307692308 0.040865384615384616
0 0.5661057692307693 0.014423076923076924 0.07932692307692307 0.028846153846153848
0 0.47836538461538464 0.36658653846153844 0.11057692307692307 0.0889423076923077
0 0.20072115384615385 0.5060096153846154 0.17548076923076922 0.14182692307692307
0 0.11298076923076923 0.056490384615384616 0.22596153846153846 0.11298076923076923
0 0.06009615384615385 0.42908653846153844 0.1201923076923077 0.2956730769230769
0 0.9855769230769231 0.171875 0.02403846153846154 0.036057692307692304
0 0.9927884615384616 0.20793269230769232 0.009615384615384616 0.036057692307692304
0 0.9362980769230769 0.5120192307692307 0.04807692307692308 0.03125
0 0.8509615384615384 0.4182692307692308 0.0625 0.04807692307692308
0 0.8209134615384616 0.3737980769230769 0.06971153846153846 0.057692307692307696
0 0.7848557692307693 0.33533653846153844 0.08413461538461539 0.06971153846153846
0 0.7259615384615384 0.27283653846153844 0.10576923076923077 0.0889423076923077
0 0.8161057692307693 0.6766826923076923 0.04807692307692308 0.04567307692307692
0 0.7295673076923077 0.6911057692307693 0.07451923076923077 0.055288461538461536
0 0.7932692307692307 0.7560096153846154 0.06009615384615385 0.055288461538461536
0 0.8629807692307693 0.71875 0.04326923076923077 0.038461538461538464
0 0.890625 0.6610576923076923 0.04326923076923077 0.03365384615384615
0 0.9302884615384616 0.6526442307692307 0.026442307692307692 0.026442307692307692
0 0.9627403846153846 0.6478365384615384 0.021634615384615384 0.02403846153846154
0 0.9735576923076923 0.75 0.021634615384615384 0.016826923076923076
0 0.6658653846153846 0.8185096153846154 0.09134615384615384 0.07932692307692307
0 0.9915865384615384 0.6634615384615384 0.01201923076923077 0.019230769230769232