0 0.171875 0.4639423076923077 0.0985576923076923 0.09615384615384616
0 0.20673076923076922 0.3269230769230769 0.08413461538461539 0.07932692307692307
0 0.421875 0.5192307692307693 0.007211538461538462 0.04326923076923077
0 0.41947115384615385 0.44591346153846156 0.01201923076923077 0.05048076923076923
0 0.30408653846153844 0.5516826923076923 0.10336538461538461 0.06971153846153846
0 0.8305288461538461 0.33653846153846156 0.06971153846153846 0.07211538461538461
0 0.6286057692307693 0.15504807692307693 0.11538461538461539 0.11778846153846154
0 0.6899038461538461 0.3112980769230769 0.10576923076923077 0.10096153846153846
0 0.9591346153846154 0.4098557692307692 0.04567307692307692 0.04567307692307692
0 0.9915865384615384 0.4411057692307692 0.01201923076923077 0.036057692307692304
0 0.9411057692307693 0.5588942307692307 0.06971153846153846 0.055288461538461536
0 0.9242788461538461 0.4362980769230769 0.040865384615384616 0.04326923076923077
0 0.3954326923076923 0.7415865384615384 0.06009615384615385 0.22355769230769232
0 0.9819711538461539 0.9326923076923077 0.03125 0.09134615384615384
0 0.8233173076923077 0.6634615384615384 0.11538461538461539 0.12980769230769232
0 0.8701923076923077 0.7884615384615384 0.2548076923076923 0.2932692307692308
0 0.6814903846153846 0.6454326923076923 0.27163461538461536 0.11298076923076923