0 0.1466346153846154 0.009615384615384616 0.07692307692307693 0.019230769230769232
0 0.16346153846153846 0.056490384615384616 0.07451923076923077 0.07451923076923077
0 0.1346153846153846 0.11177884615384616 0.06490384615384616 0.0625
0 0.11899038461538461 0.039663461538461536 0.06971153846153846 0.06971153846153846
0 0.08774038461538461 0.109375 0.055288461538461536 0.06490384615384616
0 0.042067307692307696 0.09014423076923077 0.04326923076923077 0.052884615384615384
0 0.17548076923076922 0.22115384615384615 0.13942307692307693 0.09615384615384616
0 0.006009615384615385 0.37740384615384615 0.01201923076923077 0.028846153846153848
0 0.009615384615384616 0.34134615384615385 0.019230769230769232 0.038461538461538464
0 0.4699519230769231 0.9711538461538461 0.16105769230769232 0.052884615384615384
0 0.9038461538461539 0.96875 0.1875 0.057692307692307696
0 0.7235576923076923 0.953125 0.13942307692307693 0.0889423076923077
0 0.6706730769230769 0.9675480769230769 0.0625 0.06009615384615385
0 0.7079326923076923 0.8473557692307693 0.13701923076923078 0.16105769230769232