0 0.4675480769230769 0.22596153846153846 0.06009615384615385 0.1346153846153846
0 0.23798076923076922 0.1658653846153846 0.16346153846153846 0.14903846153846154
0 0.15625 0.22596153846153846 0.19951923076923078 0.20192307692307693
0 0.23557692307692307 0.037259615384615384 0.1346153846153846 0.07451923076923077
0 0.11899038461538461 0.078125 0.2283653846153846 0.15625
0 0.5168269230769231 0.4495192307692308 0.03365384615384615 0.052884615384615384
0 0.5709134615384616 0.19951923076923078 0.026442307692307692 0.028846153846153848
0 0.5132211538461539 0.3004807692307692 0.026442307692307692 0.04326923076923077
0 0.5108173076923077 0.2247596153846154 0.021634615384615384 0.026442307692307692
0 0.5985576923076923 0.18269230769230768 0.021634615384615384 0.02403846153846154
0 0.5300480769230769 0.18629807692307693 0.021634615384615384 0.026442307692307692
0 0.25 0.5793269230769231 0.05048076923076923 0.04567307692307692
0 0.1502403846153846 0.6009615384615384 0.057692307692307696 0.05048076923076923
0 0.19230769230769232 0.59375 0.052884615384615384 0.05048076923076923
0 0.10817307692307693 0.484375 0.04326923076923077 0.01201923076923077
0 0.11658653846153846 0.5901442307692307 0.05048076923076923 0.04326923076923077
0 0.1310096153846154 0.4855769230769231 0.036057692307692304 0.014423076923076924
0 0.07572115384615384 0.4879807692307692 0.036057692307692304 0.019230769230769232
0 0.15384615384615385 0.7668269230769231 0.13701923076923078 0.12259615384615384
0 0.41225961538461536 0.8990384615384616 0.17067307692307693 0.1971153846153846
0 0.17307692307692307 0.6262019230769231 0.04567307692307692 0.036057692307692304