0 0.3629807692307692 0.5552884615384616 0.06009615384615385 0.06009615384615385
0 0.36177884615384615 0.17548076923076922 0.18990384615384615 0.18990384615384615
0 0.5288461538461539 0.08052884615384616 0.1346153846153846 0.16105769230769232
0 0.9711538461538461 0.37740384615384615 0.052884615384615384 0.14903846153846154
0 0.984375 0.4795673076923077 0.026442307692307692 0.055288461538461536
0 0.9507211538461539 0.5576923076923077 0.052884615384615384 0.05048076923076923
0 0.984375 0.5288461538461539 0.026442307692307692 0.057692307692307696
0 0.5564903846153846 0.8509615384615384 0.07932692307692307 0.08173076923076923
0 0.5901442307692307 0.8521634615384616 0.01201923076923077 0.06009615384615385
0 0.5012019230769231 0.8641826923076923 0.06971153846153846 0.06490384615384616
0 0.15264423076923078 0.8689903846153846 0.17548076923076922 0.1778846153846154
0 0.5697115384615384 0.8882211538461539 0.052884615384615384 0.06009615384615385
0 0.8137019230769231 0.9795673076923077 0.1466346153846154 0.036057692307692304
0 0.7079326923076923 0.9026442307692307 0.21875 0.18990384615384615
0 0.8629807692307693 0.6478365384615384 0.2692307692307692 0.11778846153846154