0 0.039663461538461536 0.40865384615384615 0.04326923076923077 0.04326923076923077
0 0.09014423076923077 0.41225961538461536 0.07692307692307693 0.08173076923076923
0 0.13221153846153846 0.46634615384615385 0.04807692307692308 0.04807692307692308
0 0.15384615384615385 0.4206730769230769 0.07451923076923077 0.07692307692307693
0 0.12379807692307693 0.4891826923076923 0.05048076923076923 0.052884615384615384
0 0.039663461538461536 0.36538461538461536 0.06009615384615385 0.0625
0 0.07572115384615384 0.46875 0.036057692307692304 0.038461538461538464
0 0.027644230769230768 0.4675480769230769 0.040865384615384616 0.04326923076923077
0 0.15985576923076922 0.21394230769230768 0.1778846153846154 0.16826923076923078
0 0.03245192307692308 0.43509615384615385 0.04326923076923077 0.04326923076923077
0 0.028846153846153848 0.48677884615384615 0.028846153846153848 0.03125
0 0.02283653846153846 0.5108173076923077 0.03365384615384615 0.03365384615384615
0 0.020432692307692308 0.5300480769230769 0.019230769230769232 0.019230769230769232
0 0.07932692307692307 0.5612980769230769 0.028846153846153848 0.028846153846153848
0 0.09254807692307693 0.5444711538461539 0.02403846153846154 0.02403846153846154
0 0.1045673076923077 0.5216346153846154 0.036057692307692304 0.038461538461538464
0 0.0625 0.48677884615384615 0.036057692307692304 0.036057692307692304
0 0.057692307692307696 0.5048076923076923 0.03125 0.028846153846153848
0 0.06129807692307692 0.5180288461538461 0.04326923076923077 0.04326923076923077
0 0.020432692307692308 0.5408653846153846 0.028846153846153848 0.03125
0 0.04567307692307692 0.5396634615384616 0.026442307692307692 0.02403846153846154
0 0.04447115384615385 0.5528846153846154 0.036057692307692304 0.038461538461538464
0 0.9134615384615384 0.33533653846153844 0.09134615384615384 0.0889423076923077
0 0.5865384615384616 0.2764423076923077 0.038461538461538464 0.038461538461538464
0 0.6550480769230769 0.27403846153846156 0.06971153846153846 0.07211538461538461
0 0.9639423076923077 0.40865384615384615 0.0673076923076923 0.3125
0 0.18509615384615385 0.7451923076923077 0.10817307692307693 0.10817307692307693
0 0.09134615384615384 0.9230769230769231 0.06490384615384616 0.0625
0 0.038461538461538464 0.6766826923076923 0.07692307692307693 0.07451923076923077
0 0.12379807692307693 0.8762019230769231 0.07451923076923077 0.07451923076923077
0 0.4182692307692308 0.921875 0.09375 0.0985576923076923
0 0.6454326923076923 0.7596153846153846 0.06009615384615385 0.057692307692307696
0 0.5853365384615384 0.6682692307692307 0.07451923076923077 0.057692307692307696
0 0.6971153846153846 0.84375 0.052884615384615384 0.05048076923076923
0 0.734375 0.9146634615384616 0.055288461538461536 0.052884615384615384
0 0.7860576923076923 0.984375 0.04326923076923077 0.026442307692307692