0 0.44350961538461536 0.15865384615384615 0.10336538461538461 0.10096153846153846
0 0.5709134615384616 0.018028846153846152 0.07451923076923077 0.036057692307692304
0 0.5733173076923077 0.19110576923076922 0.052884615384615384 0.0673076923076923
0 0.27163461538461536 0.28966346153846156 0.19471153846153846 0.1971153846153846
0 0.31490384615384615 0.33533653846153844 0.1346153846153846 0.12259615384615384
0 0.35336538461538464 0.3641826923076923 0.12980769230769232 0.06490384615384616
0 0.09375 0.46634615384615385 0.1875 0.1346153846153846
0 0.18990384615384615 0.4519230769230769 0.23557692307692307 0.10576923076923077
0 0.20072115384615385 0.6298076923076923 0.20673076923076922 0.19230769230769232
0 0.3269230769230769 0.6418269230769231 0.1778846153846154 0.1778846153846154
0 0.33413461538461536 0.8137019230769231 0.1658653846153846 0.15384615384615385
0 0.4098557692307692 0.9158653846153846 0.10336538461538461 0.09615384615384616