0 0.28725961538461536 0.38100961538461536 0.07932692307692307 0.07451923076923077
0 0.42908653846153844 0.5745192307692307 0.016826923076923076 0.0625
0 0.35336538461538464 0.46634615384615385 0.10096153846153846 0.08173076923076923
0 0.3942307692307692 0.5216346153846154 0.06971153846153846 0.06009615384615385
0 0.4050480769230769 0.546875 0.06490384615384616 0.06009615384615385
0 0.9302884615384616 0.19471153846153846 0.1346153846153846 0.16826923076923078
0 0.7620192307692307 0.3076923076923077 0.25 0.24278846153846154
0 0.5288461538461539 0.48197115384615385 0.1778846153846154 0.24759615384615385
0 0.5625 0.5612980769230769 0.24519230769230768 0.0889423076923077
0 0.3737980769230769 0.8521634615384616 0.12740384615384615 0.17067307692307693
0 0.5096153846153846 0.7319711538461539 0.13942307692307693 0.24759615384615385
0 0.6814903846153846 0.6430288461538461 0.17067307692307693 0.06971153846153846
0 0.8161057692307693 0.6887019230769231 0.1201923076923077 0.13701923076923078