0 0.38822115384615385 0.1658653846153846 0.18028846153846154 0.27884615384615385
0 0.028846153846153848 0.9002403846153846 0.057692307692307696 0.19471153846153846
0 0.6262019230769231 0.4807692307692308 0.06009615384615385 0.02403846153846154
0 0.6346153846153846 0.4951923076923077 0.05048076923076923 0.052884615384615384
0 0.5889423076923077 0.4855769230769231 0.0673076923076923 0.03365384615384615
0 0.6394230769230769 0.5408653846153846 0.0889423076923077 0.0889423076923077
0 0.5853365384615384 0.5192307692307693 0.07211538461538461 0.07211538461538461
0 0.9579326923076923 0.8112980769230769 0.07932692307692307 0.07451923076923077
0 0.5192307692307693 0.5024038461538461 0.08653846153846154 0.0673076923076923
0 0.5252403846153846 0.5564903846153846 0.09134615384615384 0.09134615384615384
0 0.4519230769230769 0.515625 0.09134615384615384 0.09375
0 0.515625 0.6586538461538461 0.14182692307692307 0.1466346153846154
0 0.43990384615384615 0.6021634615384616 0.12980769230769232 0.1346153846153846
0 0.6213942307692307 0.8521634615384616 0.3293269230769231 0.29086538461538464