0 0.6911057692307693 0.515625 0.11298076923076923 0.021634615384615384
0 0.703125 0.15625 0.09134615384615384 0.08173076923076923
0 0.7175480769230769 0.08052884615384616 0.07692307692307693 0.07451923076923077
0 0.6490384615384616 0.20192307692307693 0.07211538461538461 0.06971153846153846
0 0.6141826923076923 0.234375 0.052884615384615384 0.04807692307692308
0 0.6201923076923077 0.30288461538461536 0.07692307692307693 0.0625
0 0.5528846153846154 0.17427884615384615 0.036057692307692304 0.038461538461538464
0 0.5204326923076923 0.2439903846153846 0.03365384615384615 0.03365384615384615
0 0.4891826923076923 0.2932692307692308 0.02403846153846154 0.028846153846153848
0 0.4879807692307692 0.2692307692307692 0.021634615384615384 0.021634615384615384
0 0.4699519230769231 0.29927884615384615 0.02403846153846154 0.026442307692307692
0 0.4651442307692308 0.32211538461538464 0.021634615384615384 0.021634615384615384
0 0.4951923076923077 0.39903846153846156 0.028846153846153848 0.028846153846153848
0 0.421875 0.45552884615384615 0.021634615384615384 0.021634615384615384
0 0.39903846153846156 0.42908653846153844 0.016826923076923076 0.016826923076923076
0 0.3870192307692308 0.4495192307692308 0.01201923076923077 0.01201923076923077
0 0.42908653846153844 0.36177884615384615 0.016826923076923076 0.016826923076923076
0 0.8257211538461539 0.17067307692307693 0.12740384615384615 0.11298076923076923
0 0.5865384615384616 0.4723557692307692 0.052884615384615384 0.021634615384615384
0 0.41225961538461536 0.37740384615384615 0.014423076923076924 0.016826923076923076
0 0.10697115384615384 0.9819711538461539 0.12259615384615384 0.03125
0 0.06129807692307692 0.875 0.07692307692307693 0.08653846153846154
0 0.006009615384615385 0.6598557692307693 0.01201923076923077 0.06009615384615385
0 0.42427884615384615 0.9026442307692307 0.125 0.1346153846153846