0 0.29447115384615385 0.40024038461538464 0.18990384615384615 0.11298076923076923
0 0.25240384615384615 0.054086538461538464 0.14423076923076922 0.10817307692307693
0 0.1778846153846154 0.4050480769230769 0.10576923076923077 0.10336538461538461
0 0.24278846153846154 0.23317307692307693 0.14182692307692307 0.14423076923076922
0 0.23557692307692307 0.44350961538461536 0.09615384615384616 0.026442307692307692
0 0.17548076923076922 0.2127403846153846 0.35096153846153844 0.39663461538461536
0 0.9855769230769231 0.16346153846153846 0.02403846153846154 0.07211538461538461
0 0.9819711538461539 0.04927884615384615 0.03125 0.06009615384615385
0 0.9507211538461539 0.3786057692307692 0.09375 0.0985576923076923
0 0.8569711538461539 0.006009615384615385 0.040865384615384616 0.01201923076923077
0 0.09735576923076923 0.4987980769230769 0.07211538461538461 0.07692307692307693
0 0.05889423076923077 0.5204326923076923 0.057692307692307696 0.06009615384615385
0 0.06129807692307692 0.4795673076923077 0.04567307692307692 0.040865384615384616
0 0.05048076923076923 0.5348557692307693 0.10096153846153846 0.15144230769230768
0 0.02283653846153846 0.6322115384615384 0.04567307692307692 0.07692307692307693
0 0.01201923076923077 0.7680288461538461 0.02403846153846154 0.09375
0 0.8918269230769231 0.8713942307692307 0.1201923076923077 0.12259615384615384
0 0.8353365384615384 0.9074519230769231 0.11057692307692307 0.11298076923076923
0 0.8064903846153846 0.8112980769230769 0.07692307692307693 0.07932692307692307
0 0.8353365384615384 0.7439903846153846 0.07932692307692307 0.07932692307692307
0 0.8100961538461539 0.6850961538461539 0.06490384615384616 0.0673076923076923
0 0.7800480769230769 0.7283653846153846 0.052884615384615384 0.05048076923076923
0 0.7872596153846154 0.6430288461538461 0.06009615384615385 0.057692307692307696
0 0.7487980769230769 0.625 0.04326923076923077 0.04326923076923077
0 0.7644230769230769 0.578125 0.04326923076923077 0.04326923076923077
0 0.7319711538461539 0.6057692307692307 0.040865384615384616 0.038461538461538464
0 0.7127403846153846 0.6237980769230769 0.040865384615384616 0.04567307692307692
0 0.7379807692307693 0.5637019230769231 0.05048076923076923 0.06490384615384616
0 0.7259615384615384 0.4951923076923077 0.03125 0.03125
0 0.703125 0.4735576923076923 0.026442307692307692 0.028846153846153848