0 0.5564903846153846 0.3701923076923077 0.5552884615384616 0.17307692307692307
0 0.8064903846153846 0.3629807692307692 0.2283653846153846 0.1875
0 0.9158653846153846 0.28365384615384615 0.16346153846153846 0.34615384615384615
0 0.8245192307692307 0.49278846153846156 0.0625 0.0673076923076923
0 0.8341346153846154 0.5769230769230769 0.057692307692307696 0.06490384615384616
0 0.8401442307692307 0.6430288461538461 0.057692307692307696 0.06009615384615385
0 0.8665865384615384 0.6009615384615384 0.04807692307692308 0.057692307692307696
0 0.8425480769230769 0.703125 0.03365384615384615 0.040865384615384616
0 0.8509615384615384 0.8028846153846154 0.02403846153846154 0.03125
0 0.8521634615384616 0.8293269230769231 0.02403846153846154 0.019230769230769232
0 0.8701923076923077 0.7848557692307693 0.028846153846153848 0.028846153846153848
0 0.8689903846153846 0.5024038461538461 0.12740384615384615 0.08653846153846154
0 0.8713942307692307 0.6658653846153846 0.07692307692307693 0.08413461538461539
0 0.8401442307692307 0.7331730769230769 0.02403846153846154 0.02403846153846154
0 0.8725961538461539 0.8100961538461539 0.028846153846153848 0.028846153846153848
0 0.8665865384615384 0.7475961538461539 0.026442307692307692 0.028846153846153848
0 0.8533653846153846 0.7752403846153846 0.026442307692307692 0.03365384615384615