0 0.5420673076923077 0.3858173076923077 0.06009615384615385 0.0625
0 0.45552884615384615 0.3317307692307692 0.06009615384615385 0.06490384615384616
0 0.35697115384615385 0.17307692307692307 0.06971153846153846 0.07692307692307693
0 0.44471153846153844 0.2932692307692308 0.0625 0.06490384615384616
0 0.5745192307692307 0.41466346153846156 0.04326923076923077 0.04567307692307692
0 0.609375 0.4170673076923077 0.040865384615384616 0.040865384615384616
0 0.2403846153846154 0.054086538461538464 0.1346153846153846 0.10817307692307693
0 0.33533653846153844 0.44471153846153844 0.12259615384615384 0.13221153846153846
0 0.53125 0.33653846153846156 0.0985576923076923 0.10576923076923077
0 0.6153846153846154 0.44471153846153844 0.04567307692307692 0.04807692307692308
0 0.6382211538461539 0.46153846153846156 0.040865384615384616 0.040865384615384616
0 0.6598557692307693 0.44471153846153844 0.028846153846153848 0.03125
0 0.6670673076923077 0.4795673076923077 0.016826923076923076 0.03125
0 0.6694711538461539 0.46153846153846156 0.01201923076923077 0.028846153846153848
0 0.3954326923076923 0.6959134615384616 0.0985576923076923 0.09375
0 0.27884615384615385 0.9819711538461539 0.15865384615384615 0.03125
0 0.6129807692307693 0.9290865384615384 0.07211538461538461 0.0673076923076923
0 0.53125 0.9795673076923077 0.08653846153846154 0.036057692307692304
0 0.8822115384615384 0.8822115384615384 0.07451923076923077 0.07692307692307693
0 0.7475961538461539 0.90625 0.13942307692307693 0.14903846153846154