0 0.08533653846153846 0.1622596153846154 0.038461538461538464 0.040865384615384616
0 0.24879807692307693 0.3389423076923077 0.052884615384615384 0.055288461538461536
0 0.07091346153846154 0.21514423076923078 0.036057692307692304 0.036057692307692304
0 0.14423076923076922 0.23197115384615385 0.052884615384615384 0.052884615384615384
0 0.9387019230769231 0.4338942307692308 0.11778846153846154 0.2668269230769231
0 0.3473557692307692 0.9699519230769231 0.07932692307692307 0.055288461538461536
0 0.44350961538461536 0.96875 0.12259615384615384 0.057692307692307696
0 0.42788461538461536 0.8798076923076923 0.12740384615384615 0.11057692307692307
0 0.5108173076923077 0.7644230769230769 0.13942307692307693 0.13221153846153846
0 0.5721153846153846 0.8269230769230769 0.11057692307692307 0.13942307692307693
0 0.6935096153846154 0.9122596153846154 0.0985576923076923 0.09134615384615384