0 0.27403846153846156 0.4254807692307692 0.0673076923076923 0.0625
0 0.4831730769230769 0.36538461538461536 0.15144230769230768 0.15384615384615385
0 0.6225961538461539 0.40625 0.028846153846153848 0.038461538461538464
0 0.6646634615384616 0.34375 0.06009615384615385 0.06009615384615385
0 0.7115384615384616 0.36778846153846156 0.0673076923076923 0.06971153846153846
0 0.7103365384615384 0.40865384615384615 0.05048076923076923 0.05048076923076923
0 0.7127403846153846 0.43509615384615385 0.055288461538461536 0.04326923076923077
0 0.5564903846153846 0.7295673076923077 0.0985576923076923 0.19951923076923078
0 0.5180288461538461 0.8016826923076923 0.16826923076923078 0.16346153846153846
0 0.3473557692307692 0.7127403846153846 0.16105769230769232 0.15865384615384615
0 0.20192307692307693 0.7451923076923077 0.09375 0.09134615384615384
0 0.20192307692307693 0.6875 0.11298076923076923 0.10817307692307693