0 0.17668269230769232 0.36658653846153844 0.06490384615384616 0.0673076923076923
0 0.17668269230769232 0.10096153846153846 0.028846153846153848 0.03125
0 0.140625 0.21634615384615385 0.040865384615384616 0.04326923076923077
0 0.12379807692307693 0.14182692307692307 0.02403846153846154 0.02403846153846154
0 0.19951923076923078 0.078125 0.02403846153846154 0.02403846153846154
0 0.13341346153846154 0.09975961538461539 0.02403846153846154 0.028846153846153848
0 0.484375 0.20192307692307693 0.05048076923076923 0.09615384615384616
0 0.5240384615384616 0.019230769230769232 0.0625 0.038461538461538464
0 0.8966346153846154 0.6430288461538461 0.19230769230769232 0.19230769230769232
0 0.8689903846153846 0.48677884615384615 0.15625 0.11778846153846154
0 0.7475961538461539 0.49038461538461536 0.11298076923076923 0.10576923076923077
0 0.9447115384615384 0.5384615384615384 0.10576923076923077 0.21634615384615385
0 0.5492788461538461 0.5060096153846154 0.07692307692307693 0.07451923076923077
0 0.4951923076923077 0.5132211538461539 0.07211538461538461 0.07211538461538461
0 0.6298076923076923 0.4951923076923077 0.0985576923076923 0.09375
0 0.5168269230769231 0.6069711538461539 0.10096153846153846 0.10096153846153846
0 0.4675480769230769 0.5216346153846154 0.016826923076923076 0.052884615384615384
0 0.96875 0.4807692307692308 0.057692307692307696 0.10576923076923077