0 0.5877403846153846 0.12139423076923077 0.055288461538461536 0.1658653846153846
0 0.5733173076923077 0.3076923076923077 0.08413461538461539 0.14903846153846154
0 0.6033653846153846 0.38461538461538464 0.02403846153846154 0.1201923076923077
0 0.578125 0.46153846153846156 0.07451923076923077 0.10096153846153846
0 0.6009615384615384 0.47475961538461536 0.028846153846153848 0.0889423076923077
0 0.5769230769230769 0.546875 0.07692307692307693 0.09375
0 0.9447115384615384 0.13581730769230768 0.10576923076923077 0.11778846153846154
0 0.9735576923076923 0.23798076923076922 0.04807692307692308 0.10576923076923077
0 0.9182692307692307 0.2247596153846154 0.11298076923076923 0.11057692307692307
0 0.578125 0.8894230769230769 0.07451923076923077 0.18269230769230768
0 0.6862980769230769 0.9326923076923077 0.13701923076923078 0.12980769230769232