0 0.29927884615384615 0.004807692307692308 0.055288461538461536 0.009615384615384616
0 0.21875 0.036057692307692304 0.07692307692307693 0.07211538461538461
0 0.15384615384615385 0.0829326923076923 0.07211538461538461 0.057692307692307696
0 0.2980769230769231 0.05889423076923077 0.125 0.11778846153846154
0 0.11057692307692307 0.21875 0.11538461538461539 0.1346153846153846
0 0.2403846153846154 0.18269230769230768 0.0985576923076923 0.10096153846153846
0 0.3245192307692308 0.27283653846153844 0.18269230769230768 0.1658653846153846
0 0.8040865384615384 0.13341346153846154 0.026442307692307692 0.026442307692307692
0 0.7992788461538461 0.23076923076923078 0.028846153846153848 0.03125
0 0.8894230769230769 0.14302884615384615 0.028846153846153848 0.03125
0 0.7572115384615384 0.1346153846153846 0.02403846153846154 0.02403846153846154
0 0.8581730769230769 0.12860576923076922 0.028846153846153848 0.028846153846153848
0 0.7247596153846154 0.1466346153846154 0.02403846153846154 0.02403846153846154
0 0.6850961538461539 0.14302884615384615 0.02403846153846154 0.021634615384615384
0 0.09975961538461539 0.38341346153846156 0.038461538461538464 0.040865384615384616
0 0.09014423076923077 0.5144230769230769 0.06971153846153846 0.06971153846153846
0 0.53125 0.5625 0.20192307692307693 0.1778846153846154
0 0.14543269230769232 0.9134615384615384 0.2091346153846154 0.16826923076923078
0 0.609375 0.7151442307692307 0.11298076923076923 0.24278846153846154
0 0.6165865384615384 0.8221153846153846 0.0985576923076923 0.23557692307692307
0 0.7271634615384616 0.6911057692307693 0.07692307692307693 0.08413461538461539