0 0.1935096153846154 0.026442307692307692 0.07451923076923077 0.052884615384615384
0 0.04927884615384615 0.9423076923076923 0.03125 0.028846153846153848
0 0.19230769230769232 0.8798076923076923 0.08653846153846154 0.10096153846153846
0 0.9675480769230769 0.6490384615384616 0.06009615384615385 0.08653846153846154
0 0.5853365384615384 0.48677884615384615 0.11298076923076923 0.11778846153846154
0 0.7091346153846154 0.5985576923076923 0.12259615384615384 0.10817307692307693
0 0.9567307692307693 0.84375 0.04807692307692308 0.040865384615384616
0 0.9459134615384616 0.7596153846153846 0.06490384615384616 0.055288461538461536
0 0.8197115384615384 0.6598557692307693 0.09375 0.07932692307692307
0 0.7992788461538461 0.7872596153846154 0.0625 0.05048076923076923
0 0.5997596153846154 0.6850961538461539 0.08653846153846154 0.06490384615384616
0 0.7199519230769231 0.7127403846153846 0.08413461538461539 0.0625
0 0.8762019230769231 0.7115384615384616 0.07692307692307693 0.0625
0 0.8641826923076923 0.8269230769230769 0.055288461538461536 0.052884615384615384