0 0.203125 0.4567307692307692 0.3701923076923077 0.3173076923076923
0 0.40024038461538464 0.5625 0.11298076923076923 0.10096153846153846
0 0.2920673076923077 0.5901442307692307 0.10336538461538461 0.07451923076923077
0 0.31490384615384615 0.6189903846153846 0.09134615384615384 0.016826923076923076
0 0.16346153846153846 0.5949519230769231 0.10096153846153846 0.06490384615384616
0 0.7091346153846154 0.6141826923076923 0.0673076923076923 0.026442307692307692
0 0.3088942307692308 0.6670673076923077 0.040865384615384616 0.036057692307692304
0 0.35697115384615385 0.6658653846153846 0.036057692307692304 0.03365384615384615
0 0.19230769230769232 0.6670673076923077 0.04326923076923077 0.040865384615384616
0 0.421875 0.6694711538461539 0.06009615384615385 0.057692307692307696
0 0.5612980769230769 0.6526442307692307 0.06009615384615385 0.04567307692307692
0 0.8774038461538461 0.6838942307692307 0.24519230769230768 0.10817307692307693