0 0.13221153846153846 0.109375 0.13221153846153846 0.13221153846153846
0 0.42427884615384615 0.3293269230769231 0.03365384615384615 0.03365384615384615
0 0.3713942307692308 0.2644230769230769 0.11298076923076923 0.11298076923076923
0 0.47836538461538464 0.29086538461538464 0.026442307692307692 0.026442307692307692
0 0.10216346153846154 0.2644230769230769 0.11778846153846154 0.11778846153846154
0 0.9795673076923077 0.328125 0.036057692307692304 0.036057692307692304
0 0.6165865384615384 0.29086538461538464 0.19471153846153846 0.11057692307692307
0 0.4735576923076923 0.8990384615384616 0.07932692307692307 0.07932692307692307
0 0.5096153846153846 0.9663461538461539 0.014423076923076924 0.03365384615384615
0 0.9855769230769231 0.5612980769230769 0.02403846153846154 0.10336538461538461
0 0.984375 0.7788461538461539 0.026442307692307692 0.052884615384615384
0 0.9495192307692307 0.9110576923076923 0.03365384615384615 0.03365384615384615
0 0.9086538461538461 0.7463942307692307 0.06971153846153846 0.06971153846153846
0 0.8569711538461539 0.6730769230769231 0.13701923076923078 0.13701923076923078
0 0.8485576923076923 0.9194711538461539 0.04807692307692308 0.04807692307692308
0 0.8822115384615384 0.9579326923076923 0.038461538461538464 0.038461538461538464
0 0.9783653846153846 0.8197115384615384 0.038461538461538464 0.04326923076923077
0 0.859375 0.9771634615384616 0.03125 0.03125