0 0.8329326923076923 0.19831730769230768 0.07932692307692307 0.07932692307692307
0 0.8810096153846154 0.25721153846153844 0.07451923076923077 0.07451923076923077
0 0.8221153846153846 0.1310096153846154 0.06009615384615385 0.0625
0 0.8810096153846154 0.22235576923076922 0.05048076923076923 0.05048076923076923
0 0.9375 0.28125 0.057692307692307696 0.057692307692307696
0 0.9435096153846154 0.21875 0.04326923076923077 0.04326923076923077
0 0.7692307692307693 0.07932692307692307 0.07451923076923077 0.07451923076923077
0 0.9254807692307693 0.2439903846153846 0.055288461538461536 0.055288461538461536
0 0.9110576923076923 0.21033653846153846 0.04567307692307692 0.04567307692307692
0 0.9819711538461539 0.23798076923076922 0.03125 0.038461538461538464
0 0.9855769230769231 0.2668269230769231 0.02403846153846154 0.052884615384615384
0 0.9639423076923077 0.25721153846153844 0.040865384615384616 0.040865384615384616
0 0.2608173076923077 0.5901442307692307 0.038461538461538464 0.038461538461538464
0 0.2608173076923077 0.5420673076923077 0.026442307692307692 0.026442307692307692
0 0.20432692307692307 0.8377403846153846 0.09615384615384616 0.09375
0 0.8713942307692307 0.7752403846153846 0.04326923076923077 0.04326923076923077
0 0.9627403846153846 0.7776442307692307 0.04326923076923077 0.04326923076923077
0 0.8221153846153846 0.7644230769230769 0.07932692307692307 0.07932692307692307
0 0.7884615384615384 0.7055288461538461 0.04807692307692308 0.04807692307692308
0 0.7596153846153846 0.7475961538461539 0.07692307692307693 0.07692307692307693
0 0.7992788461538461 0.6838942307692307 0.05048076923076923 0.05048076923076923
0 0.8653846153846154 0.8185096153846154 0.0625 0.06009615384615385
0 0.8425480769230769 0.7103365384615384 0.038461538461538464 0.038461538461538464
0 0.9711538461538461 0.7271634615384616 0.03125 0.03125
0 0.890625 0.71875 0.04326923076923077 0.04326923076923077
0 0.7259615384615384 0.9302884615384616 0.1778846153846154 0.1346153846153846
0 0.9362980769230769 0.9519230769230769 0.0985576923076923 0.09134615384615384
0 0.8810096153846154 0.75 0.04326923076923077 0.04326923076923077
0 0.8930288461538461 0.6995192307692307 0.03125 0.03125
0 0.9014423076923077 0.6754807692307693 0.03365384615384615 0.03365384615384615
0 0.9074519230769231 0.6574519230769231 0.019230769230769232 0.019230769230769232
0 0.8533653846153846 0.6189903846153846 0.028846153846153848 0.028846153846153848
0 0.8377403846153846 0.6334134615384616 0.02403846153846154 0.02403846153846154
0 0.8233173076923077 0.6550480769230769 0.038461538461538464 0.038461538461538464
0 0.859375 0.6947115384615384 0.036057692307692304 0.036057692307692304
0 0.8665865384615384 0.6778846153846154 0.03125 0.03125
0 0.8653846153846154 0.6646634615384616 0.04326923076923077 0.04326923076923077
0 0.9086538461538461 0.6466346153846154 0.03125 0.03125
0 0.8834134615384616 0.6454326923076923 0.026442307692307692 0.026442307692307692
0 0.8858173076923077 0.6322115384615384 0.038461538461538464 0.038461538461538464