0 0.20552884615384615 0.05048076923076923 0.04326923076923077 0.05048076923076923
0 0.09735576923076923 0.09375 0.052884615384615384 0.055288461538461536
0 0.0829326923076923 0.04447115384615385 0.052884615384615384 0.057692307692307696
0 0.21995192307692307 0.09134615384615384 0.05048076923076923 0.052884615384615384
0 0.16706730769230768 0.08774038461538461 0.0625 0.0673076923076923
0 0.12860576923076922 0.018028846153846152 0.04567307692307692 0.036057692307692304
0 0.17668269230769232 0.020432692307692308 0.04567307692307692 0.040865384615384616
0 0.13822115384615385 0.04567307692307692 0.038461538461538464 0.04807692307692308
0 0.10576923076923077 0.003605769230769231 0.038461538461538464 0.007211538461538462
0 0.06971153846153846 0.01201923076923077 0.052884615384615384 0.02403846153846154
0 0.4375 0.5516826923076923 0.0625 0.0673076923076923
0 0.5216346153846154 0.4831730769230769 0.028846153846153848 0.04807692307692308
0 0.6706730769230769 0.6105769230769231 0.16346153846153846 0.15144230769230768
0 0.625 0.3737980769230769 0.17307692307692307 0.19951923076923078
0 0.5564903846153846 0.3762019230769231 0.036057692307692304 0.10336538461538461
0 0.6838942307692307 0.4338942307692308 0.09134615384615384 0.11778846153846154
0 0.7391826923076923 0.30528846153846156 0.12259615384615384 0.07211538461538461
0 0.7427884615384616 0.3173076923076923 0.05048076923076923 0.057692307692307696