0 0.5420673076923077 0.7307692307692307 0.12740384615384615 0.17307692307692307
0 0.47716346153846156 0.34975961538461536 0.0889423076923077 0.08653846153846154
0 0.47716346153846156 0.7091346153846154 0.18990384615384615 0.18990384615384615
0 0.3858173076923077 0.4675480769230769 0.14182692307692307 0.14182692307692307
0 0.3389423076923077 0.3701923076923077 0.11538461538461539 0.11538461538461539
0 0.3004807692307692 0.2800480769230769 0.10096153846153846 0.10576923076923077
0 0.49399038461538464 0.5432692307692307 0.13221153846153846 0.12980769230769232
0 0.5480769230769231 0.5132211538461539 0.11538461538461539 0.12259615384615384
0 0.5889423076923077 0.59375 0.03365384615384615 0.15384615384615385
0 0.6935096153846154 0.18870192307692307 0.07932692307692307 0.07451923076923077
0 0.7524038461538461 0.14423076923076922 0.06490384615384616 0.06009615384615385
0 0.8100961538461539 0.19471153846153846 0.0625 0.0625
0 0.6694711538461539 0.15264423076923078 0.07692307692307693 0.07211538461538461
0 0.8389423076923077 0.15865384615384615 0.040865384615384616 0.038461538461538464
0 0.8365384615384616 0.140625 0.05048076923076923 0.04326923076923077
0 0.6694711538461539 0.10096153846153846 0.04807692307692308 0.04567307692307692
0 0.640625 0.10336538461538461 0.06490384615384616 0.10096153846153846
0 0.6887019230769231 0.12740384615384615 0.06490384615384616 0.06009615384615385
0 0.7956730769230769 0.15264423076923078 0.055288461538461536 0.05048076923076923
0 0.9795673076923077 0.1875 0.03125 0.028846153846153848
0 0.9459134615384616 0.15625 0.03365384615384615 0.03365384615384615
0 0.8882211538461539 0.14543269230769232 0.03125 0.026442307692307692
0 0.4254807692307692 0.8305288461538461 0.04807692307692308 0.021634615384615384
0 0.4795673076923077 0.8425480769230769 0.040865384615384616 0.040865384615384616
0 0.5817307692307693 0.8978365384615384 0.04807692307692308 0.05048076923076923
0 0.5841346153846154 0.9338942307692307 0.04326923076923077 0.055288461538461536
0 0.7475961538461539 0.8377403846153846 0.11538461538461539 0.036057692307692304