0 0.3605769230769231 0.06370192307692307 0.21153846153846154 0.12740384615384615
0 0.22235576923076922 0.16826923076923078 0.3918269230769231 0.33653846153846156
0 0.23798076923076922 0.39663461538461536 0.08653846153846154 0.019230769230769232
0 0.5036057692307693 0.15745192307692307 0.06971153846153846 0.12259615384615384
0 0.078125 0.6875 0.14903846153846154 0.1466346153846154
0 0.5853365384615384 0.6262019230769231 0.14903846153846154 0.15625
0 0.5192307692307693 0.8689903846153846 0.10096153846153846 0.10817307692307693
0 0.5769230769230769 0.8473557692307693 0.09615384615384616 0.0985576923076923
0 0.6586538461538461 0.765625 0.13942307692307693 0.13942307692307693
0 0.5661057692307693 0.9579326923076923 0.07211538461538461 0.07211538461538461
0 0.7415865384615384 0.4567307692307692 0.3389423076923077 0.09615384615384616
0 0.5216346153846154 0.9651442307692307 0.0673076923076923 0.06490384615384616