0 0.32091346153846156 0.10817307692307693 0.055288461538461536 0.055288461538461536
0 0.06971153846153846 0.3918269230769231 0.10576923076923077 0.10576923076923077
0 0.3245192307692308 0.008413461538461538 0.038461538461538464 0.016826923076923076
0 0.03485576923076923 0.5360576923076923 0.06971153846153846 0.1201923076923077
0 0.25 0.006009615384615385 0.028846153846153848 0.01201923076923077
0 0.14903846153846154 0.21514423076923078 0.0673076923076923 0.0673076923076923
0 0.12740384615384615 0.19230769230769232 0.11057692307692307 0.10576923076923077
0 0.28846153846153844 0.3605769230769231 0.11778846153846154 0.11778846153846154
0 0.5817307692307693 0.5396634615384616 0.0673076923076923 0.0673076923076923
0 0.5552884615384616 0.27884615384615385 0.014423076923076924 0.03365384615384615
0 0.8461538461538461 0.5793269230769231 0.15865384615384615 0.03365384615384615
0 0.5649038461538461 0.2512019230769231 0.026442307692307692 0.026442307692307692
0 0.5817307692307693 0.8173076923076923 0.0673076923076923 0.07211538461538461
0 0.5733173076923077 0.9423076923076923 0.05048076923076923 0.11057692307692307
0 0.5853365384615384 0.9002403846153846 0.07451923076923077 0.10817307692307693