0 0.03245192307692308 0.3088942307692308 0.06490384615384616 0.19471153846153846
0 0.08653846153846154 0.3233173076923077 0.17307692307692307 0.1658653846153846
0 0.19110576923076922 0.3425480769230769 0.11057692307692307 0.1201923076923077
0 0.24759615384615385 0.3786057692307692 0.0673076923076923 0.055288461538461536
0 0.3269230769230769 0.25841346153846156 0.10096153846153846 0.1346153846153846
0 0.8894230769230769 0.3858173076923077 0.10096153846153846 0.040865384615384616
0 0.9795673076923077 0.27163461538461536 0.036057692307692304 0.04807692307692308
0 0.3016826923076923 0.9639423076923077 0.0673076923076923 0.06971153846153846
0 0.5901442307692307 0.7055288461538461 0.20432692307692307 0.28125
0 0.9399038461538461 0.9014423076923077 0.03365384615384615 0.03125
0 0.9254807692307693 0.9867788461538461 0.052884615384615384 0.021634615384615384
0 0.8882211538461539 0.9807692307692307 0.040865384615384616 0.03365384615384615