0 0.15985576923076922 0.19110576923076922 0.07211538461538461 0.07451923076923077
0 0.08533653846153846 0.09254807692307693 0.0889423076923077 0.09375
0 0.3401442307692308 0.4182692307692308 0.06490384615384616 0.057692307692307696
0 0.17908653846153846 0.15985576923076922 0.0625 0.06009615384615385
0 0.054086538461538464 0.296875 0.10096153846153846 0.10336538461538461
0 0.11057692307692307 0.39903846153846156 0.10336538461538461 0.0985576923076923
0 0.3161057692307692 0.3605769230769231 0.04567307692307692 0.04807692307692308
0 0.06850961538461539 0.052884615384615384 0.07692307692307693 0.07451923076923077
0 0.11658653846153846 0.08052884615384616 0.23317307692307693 0.16105769230769232
0 0.42427884615384615 0.453125 0.040865384615384616 0.026442307692307692
0 0.26802884615384615 0.22115384615384615 0.052884615384615384 0.052884615384615384
0 0.23076923076923078 0.1935096153846154 0.0673076923076923 0.0673076923076923
0 0.41225961538461536 0.2956730769230769 0.038461538461538464 0.038461538461538464
0 0.375 0.24158653846153846 0.03365384615384615 0.036057692307692304
0 0.3473557692307692 0.25841346153846156 0.040865384615384616 0.04326923076923077
0 0.45552884615384615 0.4483173076923077 0.026442307692307692 0.026442307692307692
0 0.44350961538461536 0.33533653846153844 0.026442307692307692 0.028846153846153848
0 0.4675480769230769 0.390625 0.02403846153846154 0.02403846153846154
0 0.3713942307692308 0.3762019230769231 0.04326923076923077 0.040865384615384616
0 0.3942307692307692 0.4182692307692308 0.028846153846153848 0.03125
0 0.19471153846153846 0.13581730769230768 0.06971153846153846 0.07451923076923077
0 0.25721153846153844 0.15745192307692307 0.04807692307692308 0.04567307692307692
0 0.23317307692307693 0.12740384615384615 0.04807692307692308 0.052884615384615384
0 0.5024038461538461 0.44350961538461536 0.019230769230769232 0.019230769230769232
0 0.4987980769230769 0.4206730769230769 0.019230769230769232 0.016826923076923076
0 0.47115384615384615 0.3401442307692308 0.019230769230769232 0.021634615384615384
0 0.5048076923076923 0.4014423076923077 0.019230769230769232 0.019230769230769232
0 0.5192307692307693 0.4230769230769231 0.01201923076923077 0.01201923076923077
0 0.33052884615384615 0.21033653846153846 0.03365384615384615 0.036057692307692304
0 0.28966346153846156 0.171875 0.038461538461538464 0.03125
0 0.5300480769230769 0.4423076923076923 0.016826923076923076 0.016826923076923076
0 0.5264423076923077 0.4074519230769231 0.014423076923076924 0.014423076923076924
0 0.5 0.34975961538461536 0.01201923076923077 0.01201923076923077
0 0.5120192307692307 0.35697115384615385 0.01201923076923077 0.01201923076923077
0 0.5336538461538461 0.3798076923076923 0.01201923076923077 0.01201923076923077
0 0.859375 0.04326923076923077 0.019230769230769232 0.016826923076923076
0 0.7199519230769231 0.36899038461538464 0.11538461538461539 0.10576923076923077
0 0.7632211538461539 0.20673076923076922 0.0673076923076923 0.0625
0 0.8293269230769231 0.20793269230769232 0.040865384615384616 0.04567307692307692
0 0.8701923076923077 0.15384615384615385 0.03125 0.028846153846153848
0 0.9122596153846154 0.19110576923076922 0.021634615384615384 0.02403846153846154
0 0.9615384615384616 0.23677884615384615 0.02403846153846154 0.02403846153846154
0 0.8485576923076923 0.03365384615384615 0.038461538461538464 0.03365384615384615
0 0.36778846153846156 0.8040865384615384 0.13942307692307693 0.1466346153846154
0 0.9459134615384616 0.5865384615384616 0.028846153846153848 0.026442307692307692
0 0.8713942307692307 0.5408653846153846 0.05048076923076923 0.06490384615384616
0 0.9110576923076923 0.6875 0.04807692307692308 0.057692307692307696
0 0.9387019230769231 0.6887019230769231 0.040865384615384616 0.05048076923076923
0 0.9459134615384616 0.7980769230769231 0.05048076923076923 0.06490384615384616
0 0.9543269230769231 0.7740384615384616 0.036057692307692304 0.05048076923076923
0 0.9699519230769231 0.7608173076923077 0.036057692307692304 0.05048076923076923
0 0.9603365384615384 0.8822115384615384 0.04807692307692308 0.057692307692307696
0 0.9747596153846154 0.8737980769230769 0.04326923076923077 0.057692307692307696
0 0.9855769230769231 0.8677884615384616 0.02403846153846154 0.052884615384615384
0 0.9795673076923077 0.6201923076923077 0.026442307692307692 0.026442307692307692