0 0.5372596153846154 0.16826923076923078 0.06490384615384616 0.0625
0 0.5721153846153846 0.328125 0.04807692307692308 0.09375
0 0.2848557692307692 0.3798076923076923 0.20432692307692307 0.11538461538461539
0 0.5841346153846154 0.6021634615384616 0.02403846153846154 0.055288461538461536
0 0.5661057692307693 0.5961538461538461 0.05048076923076923 0.05048076923076923
0 0.5901442307692307 0.6334134615384616 0.01201923076923077 0.05048076923076923
0 0.5372596153846154 0.5997596153846154 0.06009615384615385 0.06009615384615385
0 0.5673076923076923 0.6382211538461539 0.05048076923076923 0.05048076923076923
0 0.53125 0.6298076923076923 0.0673076923076923 0.0673076923076923
0 0.5769230769230769 0.6730769230769231 0.038461538461538464 0.052884615384615384
0 0.45072115384615385 0.5925480769230769 0.06971153846153846 0.06971153846153846
0 0.46274038461538464 0.6322115384615384 0.0673076923076923 0.0673076923076923
0 0.3954326923076923 0.5889423076923077 0.07451923076923077 0.07451923076923077
0 0.484375 0.6814903846153846 0.08653846153846154 0.0889423076923077
0 0.32572115384615385 0.5889423076923077 0.09615384615384616 0.09375
0 0.38100961538461536 0.6334134615384616 0.0889423076923077 0.08653846153846154
0 0.31009615384615385 0.7764423076923077 0.14903846153846154 0.16105769230769232
0 0.13581730769230768 0.9699519230769231 0.2620192307692308 0.055288461538461536
0 0.7932692307692307 0.5865384615384616 0.04567307692307692 0.04567307692307692
0 0.7055288461538461 0.5324519230769231 0.07932692307692307 0.07692307692307693
0 0.6550480769230769 0.4963942307692308 0.0673076923076923 0.06490384615384616
0 0.7548076923076923 0.5805288461538461 0.057692307692307696 0.055288461538461536
0 0.6189903846153846 0.484375 0.040865384615384616 0.07932692307692307
0 0.7055288461538461 0.5733173076923077 0.0673076923076923 0.0673076923076923
0 0.7632211538461539 0.6298076923076923 0.08413461538461539 0.08653846153846154
0 0.6358173076923077 0.5288461538461539 0.07451923076923077 0.07692307692307693
0 0.6514423076923077 0.5709134615384616 0.07932692307692307 0.07932692307692307
0 0.6550480769230769 0.7439903846153846 0.11298076923076923 0.12259615384615384
0 0.9951923076923077 0.6033653846153846 0.004807692307692308 0.02403846153846154
0 0.9939903846153846 0.6165865384615384 0.007211538461538462 0.026442307692307692
0 0.9278846153846154 0.5985576923076923 0.026442307692307692 0.026442307692307692
0 0.9471153846153846 0.6237980769230769 0.03125 0.03125
0 0.9170673076923077 0.6141826923076923 0.02403846153846154 0.02403846153846154
0 0.8233173076923077 0.5456730769230769 0.040865384615384616 0.040865384615384616
0 0.9026442307692307 0.6117788461538461 0.03365384615384615 0.03365384615384615
0 0.7764423076923077 0.5144230769230769 0.10336538461538461 0.10576923076923077
0 0.8461538461538461 0.5757211538461539 0.040865384615384616 0.040865384615384616
0 0.8810096153846154 0.6057692307692307 0.036057692307692304 0.038461538461538464
0 0.8064903846153846 0.5637019230769231 0.05048076923076923 0.05048076923076923
0 0.8497596153846154 0.6009615384615384 0.040865384615384616 0.040865384615384616
0 0.7692307692307693 0.5528846153846154 0.06009615384615385 0.057692307692307696
0 0.8209134615384616 0.5949519230769231 0.038461538461538464 0.038461538461538464