0 0.038461538461538464 0.4519230769230769 0.02403846153846154 0.009615384615384616
0 0.02403846153846154 0.4230769230769231 0.021634615384615384 0.019230769230769232
0 0.08533653846153846 0.34975961538461536 0.028846153846153848 0.03125
0 0.09615384615384616 0.3125 0.02403846153846154 0.03125
0 0.02283653846153846 0.40024038461538464 0.019230769230769232 0.016826923076923076
0 0.36538461538461536 0.21153846153846154 0.08413461538461539 0.11538461538461539
0 0.4254807692307692 0.07932692307692307 0.08413461538461539 0.08173076923076923
0 0.4519230769230769 0.02403846153846154 0.09134615384615384 0.04807692307692308
0 0.44711538461538464 0.44350961538461536 0.1201923076923077 0.026442307692307692
0 0.6658653846153846 0.4254807692307692 0.12980769230769232 0.0625
0 0.13822115384615385 0.6442307692307693 0.15625 0.14903846153846154
0 0.5324519230769231 0.7115384615384616 0.11298076923076923 0.0985576923076923
0 0.5228365384615384 0.9170673076923077 0.11057692307692307 0.08413461538461539
0 0.5384615384615384 0.7980769230769231 0.1201923076923077 0.0985576923076923
0 0.38221153846153844 0.7163461538461539 0.07211538461538461 0.0625
0 0.3329326923076923 0.8149038461538461 0.04326923076923077 0.04326923076923077
0 0.328125 0.6959134615384616 0.06009615384615385 0.06009615384615385
0 0.26802884615384615 0.75 0.038461538461538464 0.040865384615384616
0 0.41586538461538464 0.9362980769230769 0.07451923076923077 0.057692307692307696
0 0.44471153846153844 0.7572115384615384 0.0673076923076923 0.0625
0 0.390625 0.7896634615384616 0.06009615384615385 0.057692307692307696
0 0.29927884615384615 0.7740384615384616 0.04326923076923077 0.038461538461538464
0 0.2403846153846154 0.8125 0.03365384615384615 0.03125
0 0.26322115384615385 0.7944711538461539 0.038461538461538464 0.038461538461538464
0 0.296875 0.8365384615384616 0.04326923076923077 0.038461538461538464
0 0.3317307692307692 0.7415865384615384 0.05048076923076923 0.05048076923076923
0 0.8209134615384616 0.5721153846153846 0.2283653846153846 0.22596153846153846
0 0.7007211538461539 0.5733173076923077 0.12740384615384615 0.16826923076923078
0 0.25961538461538464 0.8557692307692307 0.04807692307692308 0.04567307692307692
0 0.22956730769230768 0.8269230769230769 0.021634615384615384 0.03365384615384615
0 0.2980769230769231 0.7199519230769231 0.05048076923076923 0.04326923076923077
0 0.39302884615384615 0.6370192307692307 0.08413461538461539 0.07451923076923077