0 0.0829326923076923 0.06370192307692307 0.1658653846153846 0.12740384615384615
0 0.12139423076923077 0.2668269230769231 0.14182692307692307 0.14423076923076922
0 0.07211538461538461 0.3329326923076923 0.12740384615384615 0.11538461538461539
0 0.30408653846153844 0.3269230769230769 0.10336538461538461 0.11538461538461539
0 0.21634615384615385 0.3557692307692308 0.09375 0.09615384615384616
0 0.20072115384615385 0.42427884615384615 0.0889423076923077 0.08413461538461539
0 0.27884615384615385 0.421875 0.07451923076923077 0.06971153846153846
0 0.38822115384615385 0.4375 0.07211538461538461 0.07932692307692307
0 0.33774038461538464 0.4855769230769231 0.06490384615384616 0.0625
0 0.265625 0.48197115384615385 0.06490384615384616 0.06009615384615385
0 0.21394230769230768 0.5144230769230769 0.0625 0.04567307692307692
0 0.3173076923076923 0.5240384615384616 0.04567307692307692 0.05048076923076923
0 0.38100961538461536 0.5252403846153846 0.055288461538461536 0.055288461538461536
0 0.35096153846153844 0.5528846153846154 0.06490384615384616 0.06490384615384616
0 0.42788461538461536 0.5144230769230769 0.019230769230769232 0.057692307692307696
0 0.5492788461538461 0.6310096153846154 0.055288461538461536 0.03125
0 0.9110576923076923 0.46033653846153844 0.125 0.12259615384615384
0 0.7271634615384616 0.5901442307692307 0.06971153846153846 0.06971153846153846
0 0.5841346153846154 0.6394230769230769 0.04807692307692308 0.014423076923076924
0 0.45072115384615385 0.5240384615384616 0.021634615384615384 0.057692307692307696
0 0.9591346153846154 0.47475961538461536 0.07692307692307693 0.09375
0 0.7295673076923077 0.038461538461538464 0.23798076923076922 0.07692307692307693
0 0.6586538461538461 0.296875 0.12259615384615384 0.11538461538461539
0 0.13221153846153846 0.96875 0.2644230769230769 0.057692307692307696
0 0.8064903846153846 0.8617788461538461 0.019230769230769232 0.019230769230769232
0 0.7716346153846154 0.8377403846153846 0.026442307692307692 0.026442307692307692
0 0.8497596153846154 0.875 0.016826923076923076 0.019230769230769232
0 0.6286057692307693 0.7271634615384616 0.05048076923076923 0.05048076923076923
0 0.8665865384615384 0.8882211538461539 0.016826923076923076 0.019230769230769232
0 0.8858173076923077 0.9086538461538461 0.019230769230769232 0.019230769230769232
0 0.9423076923076923 0.6658653846153846 0.028846153846153848 0.03365384615384615
0 0.5276442307692307 0.7740384615384616 0.036057692307692304 0.03125
0 0.5745192307692307 0.7620192307692307 0.03125 0.026442307692307692
0 0.49759615384615385 0.7836538461538461 0.02403846153846154 0.016826923076923076
0 0.8569711538461539 0.8930288461538461 0.01201923076923077 0.019230769230769232
0 0.8870192307692307 0.8942307692307693 0.009615384615384616 0.009615384615384616
0 0.9002403846153846 0.9026442307692307 0.009615384615384616 0.009615384615384616
0 0.9122596153846154 0.9110576923076923 0.009615384615384616 0.009615384615384616