0 0.5480769230769231 0.22115384615384615 0.038461538461538464 0.09134615384615384
0 0.7728365384615384 0.25600961538461536 0.055288461538461536 0.021634615384615384
0 0.8028846153846154 0.24519230769230768 0.0625 0.04326923076923077
0 0.4050480769230769 0.6899038461538461 0.057692307692307696 0.06009615384615385
0 0.5300480769230769 0.48677884615384615 0.06009615384615385 0.057692307692307696
0 0.29447115384615385 0.625 0.1201923076923077 0.11298076923076923
0 0.49158653846153844 0.5456730769230769 0.0625 0.0625
0 0.32572115384615385 0.2860576923076923 0.16105769230769232 0.03365384615384615
0 0.10096153846153846 0.9891826923076923 0.0625 0.016826923076923076
0 0.07692307692307693 0.9831730769230769 0.08173076923076923 0.028846153846153848
0 0.9266826923076923 0.3076923076923077 0.14182692307692307 0.07692307692307693
0 0.8401442307692307 0.47836538461538464 0.2860576923076923 0.27884615384615385