0 0.08653846153846154 0.06009615384615385 0.10576923076923077 0.10576923076923077
0 0.16706730769230768 0.37740384615384615 0.18028846153846154 0.07692307692307693
0 0.5192307692307693 0.06009615384615385 0.07692307692307693 0.09615384615384616
0 0.8810096153846154 0.10697115384615384 0.19951923076923078 0.19951923076923078
0 0.5084134615384616 0.028846153846153848 0.06490384615384616 0.057692307692307696
0 0.17668269230769232 0.5288461538461539 0.03125 0.03125
0 0.18389423076923078 0.9182692307692307 0.10817307692307693 0.10576923076923077
0 0.13942307692307693 0.9471153846153846 0.07932692307692307 0.08413461538461539
0 0.1622596153846154 0.7283653846153846 0.057692307692307696 0.06009615384615385
0 0.19951923076923078 0.6322115384615384 0.06009615384615385 0.06009615384615385
0 0.16706730769230768 0.6117788461538461 0.040865384615384616 0.04326923076923077
0 0.19831730769230768 0.546875 0.038461538461538464 0.038461538461538464
0 0.18269230769230768 0.484375 0.026442307692307692 0.026442307692307692
0 0.19831730769230768 0.45913461538461536 0.02403846153846154 0.021634615384615384
0 0.203125 0.43509615384615385 0.02403846153846154 0.021634615384615384
0 0.20552884615384615 0.421875 0.03125 0.007211538461538462
0 0.1935096153846154 0.4326923076923077 0.03125 0.028846153846153848
0 0.4723557692307692 0.7007211538461539 0.0889423076923077 0.15625
0 0.4639423076923077 0.5420673076923077 0.07211538461538461 0.12259615384615384