0 0.11177884615384616 0.3942307692307692 0.06009615384615385 0.07211538461538461
0 0.12139423076923077 0.24759615384615385 0.055288461538461536 0.06009615384615385
0 0.09495192307692307 0.2800480769230769 0.05048076923076923 0.055288461538461536
0 0.06009615384615385 0.22596153846153846 0.04807692307692308 0.055288461538461536
0 0.0985576923076923 0.13822115384615385 0.040865384615384616 0.04567307692307692
0 0.06370192307692307 0.15384615384615385 0.03365384615384615 0.036057692307692304
0 0.04447115384615385 0.18870192307692307 0.03125 0.03125
0 0.028846153846153848 0.15745192307692307 0.03125 0.03125
0 0.020432692307692308 0.11298076923076923 0.040865384615384616 0.09615384615384616
0 0.05048076923076923 0.2692307692307692 0.04567307692307692 0.055288461538461536
0 0.025240384615384616 0.2704326923076923 0.040865384615384616 0.055288461538461536
0 0.015625 0.04567307692307692 0.03125 0.03365384615384615
0 0.8161057692307693 0.03125 0.11298076923076923 0.0625