0 0.1466346153846154 0.18509615384615385 0.038461538461538464 0.03365384615384615
0 0.1310096153846154 0.12620192307692307 0.03125 0.03125
0 0.21033653846153846 0.2439903846153846 0.03365384615384615 0.040865384615384616
0 0.19831730769230768 0.18629807692307693 0.03365384615384615 0.038461538461538464
0 0.07572115384615384 0.10336538461538461 0.03125 0.028846153846153848
0 0.04567307692307692 0.07692307692307693 0.026442307692307692 0.02403846153846154
0 0.03245192307692308 0.042067307692307696 0.03125 0.02403846153846154
0 0.31850961538461536 0.13942307692307693 0.052884615384615384 0.057692307692307696
0 0.22115384615384615 0.025240384615384616 0.052884615384615384 0.05048076923076923
0 0.8365384615384616 0.3329326923076923 0.06490384615384616 0.057692307692307696
0 0.7415865384615384 0.2824519230769231 0.04567307692307692 0.026442307692307692
0 0.6201923076923077 0.27283653846153844 0.03365384615384615 0.007211538461538462