0 0.08173076923076923 0.35336538461538464 0.12740384615384615 0.125
0 0.030048076923076924 0.3713942307692308 0.06009615384615385 0.1466346153846154
0 0.23798076923076922 0.4831730769230769 0.1778846153846154 0.16346153846153846
0 0.1466346153846154 0.33052884615384615 0.11778846153846154 0.11538461538461539
0 0.08653846153846154 0.2439903846153846 0.08173076923076923 0.07932692307692307
0 0.2644230769230769 0.5985576923076923 0.25 0.07692307692307693
0 0.037259615384615384 0.27283653846153844 0.07451923076923077 0.06971153846153846
0 0.018028846153846152 0.1310096153846154 0.036057692307692304 0.06009615384615385
0 0.06850961538461539 0.5420673076923077 0.13701923076923078 0.18990384615384615
0 0.013221153846153846 0.19471153846153846 0.026442307692307692 0.0673076923076923
0 0.042067307692307696 0.18629807692307693 0.0673076923076923 0.07451923076923077
0 0.08173076923076923 0.19110576923076922 0.052884615384615384 0.052884615384615384
0 0.15144230769230768 0.21875 0.1466346153846154 0.14903846153846154
0 0.2920673076923077 0.36778846153846156 0.10096153846153846 0.09134615384615384
0 0.23798076923076922 0.3737980769230769 0.12980769230769232 0.125
0 0.15625 0.4831730769230769 0.13701923076923078 0.1346153846153846
0 0.35336538461538464 0.4639423076923077 0.0673076923076923 0.1201923076923077
0 0.3269230769230769 0.49158653846153844 0.1201923076923077 0.12259615384615384
0 0.21514423076923078 0.265625 0.10336538461538461 0.10336538461538461
0 0.056490384615384616 0.1466346153846154 0.04807692307692308 0.04326923076923077
0 0.08173076923076923 0.1346153846153846 0.04807692307692308 0.04326923076923077
0 0.8076923076923077 0.46033653846153844 0.16346153846153846 0.16826923076923078
0 0.8918269230769231 0.20673076923076922 0.07211538461538461 0.07451923076923077
0 0.3112980769230769 0.7524038461538461 0.15144230769230768 0.22596153846153846
0 0.8245192307692307 0.6826923076923077 0.12980769230769232 0.08653846153846154
0 0.7151442307692307 0.6610576923076923 0.1466346153846154 0.04326923076923077