0 0.6225961538461539 0.17668269230769232 0.04807692307692308 0.11778846153846154
0 0.578125 0.04807692307692308 0.13701923076923078 0.09615384615384616
0 0.5288461538461539 0.8545673076923077 0.03365384615384615 0.028846153846153848
0 0.390625 0.6694711538461539 0.09375 0.0673076923076923
0 0.5769230769230769 0.7980769230769231 0.021634615384615384 0.021634615384615384
0 0.6334134615384616 0.6754807692307693 0.01201923076923077 0.01201923076923077
0 0.6225961538461539 0.7007211538461539 0.016826923076923076 0.014423076923076924
0 0.6430288461538461 0.6694711538461539 0.007211538461538462 0.01201923076923077
0 0.8521634615384616 0.7908653846153846 0.08413461538461539 0.08173076923076923
0 0.8521634615384616 0.9014423076923077 0.06971153846153846 0.0673076923076923
0 0.8185096153846154 0.8233173076923077 0.0889423076923077 0.0889423076923077
0 0.8497596153846154 0.6959134615384616 0.06971153846153846 0.0889423076923077
0 0.8774038461538461 0.9615384615384616 0.055288461538461536 0.055288461538461536
0 0.6790865384615384 0.7487980769230769 0.06009615384615385 0.18028846153846154
0 0.9543269230769231 0.9675480769230769 0.08653846153846154 0.06009615384615385