0 0.33052884615384615 0.25 0.22115384615384615 0.20432692307692307
0 0.5228365384615384 0.3545673076923077 0.07211538461538461 0.07451923076923077
0 0.9423076923076923 0.04807692307692308 0.09134615384615384 0.08413461538461539
0 0.9879807692307693 0.04326923076923077 0.019230769230769232 0.0673076923076923
0 0.9278846153846154 0.10336538461538461 0.08653846153846154 0.07932692307692307
0 0.8569711538461539 0.19110576923076922 0.10576923076923077 0.10096153846153846
0 0.7620192307692307 0.3605769230769231 0.08653846153846154 0.08173076923076923
0 0.828125 0.26322115384615385 0.0985576923076923 0.0985576923076923
0 0.8846153846153846 0.2403846153846154 0.0889423076923077 0.08653846153846154
0 0.9338942307692307 0.17548076923076922 0.11057692307692307 0.10096153846153846
0 0.9723557692307693 0.14302884615384615 0.05048076923076923 0.06490384615384616
0 0.9915865384615384 0.12860576923076922 0.01201923076923077 0.055288461538461536
0 0.53125 0.7235576923076923 0.0889423076923077 0.09615384615384616
0 0.4735576923076923 0.8689903846153846 0.09375 0.09615384615384616
0 0.47716346153846156 0.9627403846153846 0.07932692307692307 0.06971153846153846
0 0.5396634615384616 0.8882211538461539 0.07211538461538461 0.07211538461538461
0 0.4795673076923077 0.9879807692307693 0.06490384615384616 0.019230769230769232
0 0.8028846153846154 0.7211538461538461 0.3894230769230769 0.5048076923076923