0 0.1310096153846154 0.16466346153846154 0.0625 0.06490384615384616
0 0.0829326923076923 0.014423076923076924 0.026442307692307692 0.026442307692307692
0 0.09254807692307693 0.28846153846153844 0.09615384615384616 0.09375
0 0.07091346153846154 0.1658653846153846 0.06009615384615385 0.06009615384615385
0 0.021634615384615384 0.36177884615384615 0.04326923076923077 0.0985576923076923
0 0.06370192307692307 0.039663461538461536 0.026442307692307692 0.026442307692307692
0 0.05048076923076923 0.06009615384615385 0.026442307692307692 0.026442307692307692
0 0.004807692307692308 0.13581730769230768 0.009615384615384616 0.026442307692307692
0 0.055288461538461536 0.02403846153846154 0.02403846153846154 0.02403846153846154
0 0.039663461538461536 0.046875 0.028846153846153848 0.026442307692307692
0 0.09975961538461539 0.003605769230769231 0.03125 0.007211538461538462
0 0.07451923076923077 0.01201923076923077 0.038461538461538464 0.02403846153846154
0 0.025240384615384616 0.08653846153846154 0.05048076923076923 0.04807692307692308
0 0.020432692307692308 0.078125 0.040865384615384616 0.04567307692307692
0 0.7776442307692307 0.28125 0.13701923076923078 0.13221153846153846
0 0.7067307692307693 0.24278846153846154 0.0889423076923077 0.08653846153846154
0 0.9591346153846154 0.2692307692307692 0.07692307692307693 0.11057692307692307
0 0.8269230769230769 0.23557692307692307 0.10336538461538461 0.0985576923076923
0 0.6358173076923077 0.3942307692307692 0.11778846153846154 0.11778846153846154
0 0.7788461538461539 0.40865384615384615 0.13942307692307693 0.1466346153846154
0 0.6069711538461539 0.328125 0.09134615384615384 0.0889423076923077
0 0.6959134615384616 0.3401442307692308 0.11057692307692307 0.11057692307692307
0 0.5096153846153846 0.38341346153846156 0.07692307692307693 0.07932692307692307
0 0.6598557692307693 0.28125 0.0985576923076923 0.09375
0 0.5204326923076923 0.4362980769230769 0.052884615384615384 0.0625
0 0.4963942307692308 0.3233173076923077 0.055288461538461536 0.07932692307692307
0 0.5408653846153846 0.28966346153846156 0.07451923076923077 0.07692307692307693
0 0.9795673076923077 0.34615384615384615 0.036057692307692304 0.16826923076923078
0 0.9567307692307693 0.22235576923076922 0.08173076923076923 0.11298076923076923
0 0.875 0.328125 0.14903846153846154 0.1466346153846154
0 0.9627403846153846 0.4110576923076923 0.06971153846153846 0.14903846153846154
0 0.014423076923076924 0.6298076923076923 0.028846153846153848 0.0673076923076923
0 0.28966346153846156 0.4963942307692308 0.06971153846153846 0.016826923076923076
0 0.039663461538461536 0.49278846153846156 0.040865384615384616 0.009615384615384616
0 0.14302884615384615 0.5 0.04567307692307692 0.02403846153846154
0 0.24519230769230768 0.5072115384615384 0.052884615384615384 0.038461538461538464
0 0.6334134615384616 0.8954326923076923 0.2091346153846154 0.20432692307692307
0 0.7439903846153846 0.6814903846153846 0.08653846153846154 0.09134615384615384
0 0.5240384615384616 0.7163461538461539 0.07451923076923077 0.07451923076923077
0 0.7391826923076923 0.4987980769230769 0.05048076923076923 0.021634615384615384
0 0.5925480769230769 0.5516826923076923 0.04807692307692308 0.04807692307692308