0 0.15384615384615385 0.0673076923076923 0.16826923076923078 0.1346153846153846
0 0.16346153846153846 0.1310096153846154 0.10817307692307693 0.0985576923076923
0 0.30408653846153844 0.15264423076923078 0.1658653846153846 0.18990384615384615
0 0.3112980769230769 0.0625 0.14182692307692307 0.125
0 0.18028846153846154 0.04807692307692308 0.08173076923076923 0.0889423076923077
0 0.7007211538461539 0.14783653846153846 0.17307692307692307 0.16826923076923078
0 0.44350961538461536 0.22956730769230768 0.10817307692307693 0.1466346153846154
0 0.5192307692307693 0.13822115384615385 0.12259615384615384 0.12259615384615384
0 0.44711538461538464 0.12379807692307693 0.09375 0.0985576923076923
0 0.4110576923076923 0.11658653846153846 0.04326923076923077 0.06490384615384616
0 0.4026442307692308 0.08533653846153846 0.026442307692307692 0.06971153846153846
0 0.7139423076923077 0.015625 0.10576923076923077 0.03125
0 0.09254807692307693 0.8233173076923077 0.11298076923076923 0.10576923076923077
0 0.17067307692307693 0.7992788461538461 0.1201923076923077 0.11538461538461539
0 0.1045673076923077 0.7548076923076923 0.0889423076923077 0.07932692307692307
0 0.22115384615384615 0.7115384615384616 0.07692307692307693 0.07211538461538461
0 0.16105769230769232 0.6850961538461539 0.07211538461538461 0.06490384615384616
0 0.15625 0.7331730769230769 0.09134615384615384 0.08173076923076923
0 0.19230769230769232 0.6358173076923077 0.052884615384615384 0.04807692307692308
0 0.22235576923076922 0.6442307692307693 0.07211538461538461 0.06971153846153846
0 0.27524038461538464 0.6033653846153846 0.17067307692307693 0.09134615384615384
0 0.2247596153846154 0.5877403846153846 0.05048076923076923 0.055288461538461536