0 0.9375 0.515625 0.09134615384615384 0.06009615384615385
0 0.6322115384615384 0.2668269230769231 0.040865384615384616 0.038461538461538464
0 0.7692307692307693 0.38461538461538464 0.055288461538461536 0.04567307692307692
0 0.578125 0.2247596153846154 0.02403846153846154 0.02403846153846154
0 0.453125 0.4831730769230769 0.12259615384615384 0.125
0 0.49399038461538464 0.44471153846153844 0.07692307692307693 0.07451923076923077
0 0.6959134615384616 0.32091346153846156 0.0625 0.057692307692307696
0 0.5264423076923077 0.1875 0.036057692307692304 0.03125
0 0.49759615384615385 0.15985576923076922 0.036057692307692304 0.036057692307692304
0 0.4651442307692308 0.13942307692307693 0.026442307692307692 0.028846153846153848
0 0.3581730769230769 0.07211538461538461 0.02403846153846154 0.02403846153846154
0 0.3425480769230769 0.06370192307692307 0.019230769230769232 0.021634615384615384
0 0.3737980769230769 0.078125 0.019230769230769232 0.021634615384615384
0 0.5757211538461539 0.7908653846153846 0.06971153846153846 0.06490384615384616
0 0.5348557692307693 0.7295673076923077 0.0625 0.052884615384615384
0 0.5024038461538461 0.7632211538461539 0.0625 0.057692307692307696
0 0.47475961538461536 0.7127403846153846 0.0625 0.0625
0 0.5 0.6838942307692307 0.05048076923076923 0.04326923076923077
0 0.46634615384615385 0.6382211538461539 0.040865384615384616 0.038461538461538464
0 0.9507211538461539 0.8293269230769231 0.07932692307692307 0.06971153846153846