0 0.9759615384615384 0.2980769230769231 0.04326923076923077 0.18269230769230768
0 0.9891826923076923 0.039663461538461536 0.016826923076923076 0.07451923076923077
0 0.96875 0.07692307692307693 0.057692307692307696 0.07211538461538461
0 0.8581730769230769 0.17668269230769232 0.10336538461538461 0.10336538461538461
0 0.6887019230769231 0.30649038461538464 0.10336538461538461 0.13221153846153846
0 0.7307692307692307 0.17908653846153846 0.08413461538461539 0.09134615384615384
0 0.7572115384615384 0.109375 0.07211538461538461 0.07692307692307693
0 0.6983173076923077 0.07211538461538461 0.057692307692307696 0.06490384615384616
0 0.6478365384615384 0.037259615384615384 0.05048076923076923 0.055288461538461536
0 0.5444711538461539 0.06971153846153846 0.05048076923076923 0.08173076923076923
0 0.5300480769230769 0.03245192307692308 0.021634615384615384 0.04567307692307692
0 0.5901442307692307 0.014423076923076924 0.036057692307692304 0.028846153846153848
0 0.7271634615384616 0.004807692307692308 0.04567307692307692 0.009615384615384616
0 0.19591346153846154 0.7355769230769231 0.0673076923076923 0.07211538461538461
0 0.13701923076923078 0.8028846153846154 0.07692307692307693 0.07692307692307693
0 0.20793269230769232 0.8016826923076923 0.06971153846153846 0.07211538461538461
0 0.7319711538461539 0.8329326923076923 0.0673076923076923 0.06971153846153846
0 0.8197115384615384 0.6983173076923077 0.04567307692307692 0.036057692307692304
0 0.8557692307692307 0.9278846153846154 0.10576923076923077 0.11298076923076923
0 0.6766826923076923 0.7956730769230769 0.026442307692307692 0.036057692307692304
0 0.6334134615384616 0.6574519230769231 0.026442307692307692 0.021634615384615384