0 0.11899038461538461 0.3581730769230769 0.10336538461538461 0.07692307692307693
0 0.6658653846153846 0.390625 0.04807692307692308 0.01201923076923077
0 0.9266826923076923 0.03245192307692308 0.13221153846153846 0.06490384615384616
0 0.8689903846153846 0.11177884615384616 0.11057692307692307 0.10096153846153846
0 0.7884615384615384 0.056490384615384616 0.09375 0.0985576923076923
0 0.7932692307692307 0.39302884615384615 0.057692307692307696 0.007211538461538462
0 0.7139423076923077 0.27524038461538464 0.04326923076923077 0.04326923076923077
0 0.6754807692307693 0.32572115384615385 0.028846153846153848 0.026442307692307692
0 0.6634615384615384 0.36899038461538464 0.028846153846153848 0.026442307692307692
0 0.6826923076923077 0.39302884615384615 0.028846153846153848 0.007211538461538462
0 0.75 0.41466346153846156 0.0625 0.03125
0 0.7992788461538461 0.8774038461538461 0.04326923076923077 0.05048076923076923
0 0.7115384615384616 0.6081730769230769 0.04807692307692308 0.06009615384615385
0 0.8112980769230769 0.625 0.07932692307692307 0.06971153846153846
0 0.9423076923076923 0.46634615384615385 0.11057692307692307 0.1346153846153846
0 0.609375 0.421875 0.055288461538461536 0.04567307692307692
0 0.7487980769230769 0.7211538461538461 0.04326923076923077 0.06490384615384616