0 0.41466346153846156 0.19471153846153846 0.12740384615384615 0.16346153846153846
0 0.02403846153846154 0.16346153846153846 0.04807692307692308 0.11538461538461539
0 0.17427884615384615 0.9651442307692307 0.09375 0.06490384615384616
0 0.48677884615384615 0.7896634615384616 0.13701923076923078 0.15144230769230768
0 0.515625 0.9627403846153846 0.07932692307692307 0.06971153846153846
0 0.8016826923076923 0.8221153846153846 0.0673076923076923 0.06490384615384616
0 0.7548076923076923 0.8233173076923077 0.055288461538461536 0.06009615384615385
0 0.8774038461538461 0.9266826923076923 0.03365384615384615 0.028846153846153848
0 0.90625 0.9206730769230769 0.03365384615384615 0.03365384615384615
0 0.9867788461538461 0.9447115384615384 0.021634615384615384 0.04807692307692308
0 0.9579326923076923 0.9879807692307693 0.026442307692307692 0.019230769230769232
0 0.9867788461538461 0.9903846153846154 0.021634615384615384 0.014423076923076924