0 0.01201923076923077 0.3293269230769231 0.02403846153846154 0.057692307692307696
0 0.057692307692307696 0.3317307692307692 0.11538461538461539 0.04807692307692308
0 0.2932692307692308 0.9591346153846154 0.14903846153846154 0.07692307692307693
0 0.19110576923076922 0.9675480769230769 0.0985576923076923 0.06009615384615385
0 0.28846153846153844 0.5540865384615384 0.2956730769230769 0.29086538461538464
0 0.8966346153846154 0.9242788461538461 0.17307692307692307 0.1466346153846154
0 0.6947115384615384 0.8004807692307693 0.125 0.125
0 0.7391826923076923 0.8870192307692307 0.12980769230769232 0.1346153846153846
0 0.828125 0.84375 0.18269230769230768 0.18269230769230768
0 0.5901442307692307 0.7692307692307693 0.0985576923076923 0.10096153846153846
0 0.5264423076923077 0.7848557692307693 0.07932692307692307 0.08173076923076923
0 0.5204326923076923 0.7451923076923077 0.07932692307692307 0.07692307692307693
0 0.6033653846153846 0.8185096153846154 0.09615384615384616 0.09615384615384616