0 0.07211538461538461 0.007211538461538462 0.028846153846153848 0.014423076923076924
0 0.12860576923076922 0.0673076923076923 0.036057692307692304 0.06009615384615385
0 0.07211538461538461 0.21754807692307693 0.026442307692307692 0.03125
0 0.016826923076923076 0.15504807692307693 0.021634615384615384 0.02403846153846154
0 0.21394230769230768 0.22355769230769232 0.036057692307692304 0.04567307692307692
0 0.20072115384615385 0.2548076923076923 0.03365384615384615 0.04567307692307692
0 0.6141826923076923 0.3173076923076923 0.2091346153846154 0.20432692307692307
0 0.3894230769230769 0.6117788461538461 0.1201923076923077 0.06971153846153846
0 0.5204326923076923 0.6237980769230769 0.07932692307692307 0.036057692307692304
0 0.9663461538461539 0.4495192307692308 0.0625 0.1201923076923077
0 0.8653846153846154 0.3786057692307692 0.038461538461538464 0.055288461538461536
0 0.96875 0.33413461538461536 0.057692307692307696 0.10096153846153846
0 0.9603365384615384 0.40865384615384615 0.06971153846153846 0.07211538461538461
0 0.9723557692307693 0.5072115384615384 0.05048076923076923 0.04807692307692308
0 0.8725961538461539 0.6081730769230769 0.052884615384615384 0.04807692307692308
0 0.037259615384615384 0.6670673076923077 0.07451923076923077 0.036057692307692304
0 0.046875 0.7776442307692307 0.055288461538461536 0.057692307692307696
0 0.014423076923076924 0.8004807692307693 0.028846153846153848 0.0625