0 0.038461538461538464 0.42788461538461536 0.07692307692307693 0.07692307692307693
0 0.018028846153846152 0.4411057692307692 0.036057692307692304 0.05048076923076923
0 0.5540865384615384 0.25240384615384615 0.057692307692307696 0.057692307692307696
0 0.5180288461538461 0.21754807692307693 0.04807692307692308 0.052884615384615384
0 0.8185096153846154 0.3629807692307692 0.2091346153846154 0.18509615384615385
0 0.7127403846153846 0.41225961538461536 0.11298076923076923 0.10817307692307693
0 0.609375 0.30408653846153844 0.07692307692307693 0.07932692307692307
0 0.5649038461538461 0.21514423076923078 0.04807692307692308 0.04807692307692308
0 0.4795673076923077 0.17067307692307693 0.06009615384615385 0.0625
0 0.6189903846153846 0.13341346153846154 0.06971153846153846 0.06971153846153846
0 0.45552884615384615 0.13341346153846154 0.01201923076923077 0.03125
0 0.4639423076923077 0.07091346153846154 0.028846153846153848 0.055288461538461536
0 0.30288461538461536 0.5240384615384616 0.27403846153846156 0.11057692307692307
0 0.08173076923076923 0.49278846153846156 0.16346153846153846 0.04807692307692308
0 0.6538461538461539 0.8461538461538461 0.32211538461538464 0.30288461538461536
0 0.5144230769230769 0.8846153846153846 0.028846153846153848 0.04567307692307692
0 0.5 0.90625 0.04326923076923077 0.05048076923076923
0 0.5024038461538461 0.9519230769230769 0.04567307692307692 0.055288461538461536
0 0.48677884615384615 0.8545673076923077 0.05048076923076923 0.055288461538461536
0 0.4675480769230769 0.8209134615384616 0.036057692307692304 0.05048076923076923
0 0.48197115384615385 0.7956730769230769 0.038461538461538464 0.040865384615384616
0 0.45552884615384615 0.8004807692307693 0.01201923076923077 0.03365384615384615
0 0.46875 0.9098557692307693 0.03365384615384615 0.04326923076923077
0 0.4567307692307692 0.8713942307692307 0.014423076923076924 0.036057692307692304