0 0.7920673076923077 0.19110576923076922 0.11298076923076923 0.12259615384615384
0 0.7139423076923077 0.2704326923076923 0.10817307692307693 0.1201923076923077
0 0.47115384615384615 0.6550480769230769 0.15384615384615385 0.1466346153846154
0 0.03485576923076923 0.7043269230769231 0.04326923076923077 0.04326923076923077
0 0.2860576923076923 0.5829326923076923 0.08653846153846154 0.08653846153846154
0 0.20072115384615385 0.7451923076923077 0.09134615384615384 0.08653846153846154
0 0.7055288461538461 0.5588942307692307 0.08173076923076923 0.08173076923076923
0 0.6838942307692307 0.6141826923076923 0.07692307692307693 0.07692307692307693
0 0.6610576923076923 0.5865384615384616 0.07692307692307693 0.07211538461538461
0 0.6213942307692307 0.6105769230769231 0.052884615384615384 0.05048076923076923
0 0.59375 0.625 0.028846153846153848 0.04807692307692308