0 0.31490384615384615 0.22355769230769232 0.06971153846153846 0.06971153846153846
0 0.2860576923076923 0.4050480769230769 0.07211538461538461 0.06971153846153846
0 0.27163461538461536 0.10817307692307693 0.06490384615384616 0.06971153846153846
0 0.4423076923076923 0.39663461538461536 0.038461538461538464 0.036057692307692304
0 0.5552884615384616 0.46033653846153844 0.019230769230769232 0.019230769230769232
0 0.5456730769230769 0.4182692307692308 0.021634615384615384 0.021634615384615384
0 0.5612980769230769 0.4326923076923077 0.016826923076923076 0.016826923076923076
0 0.578125 0.4987980769230769 0.016826923076923076 0.026442307692307692
0 0.47475961538461536 0.39903846153846156 0.028846153846153848 0.03365384615384615
0 0.5793269230769231 0.48197115384615385 0.01201923076923077 0.01201923076923077
0 0.5793269230769231 0.43990384615384615 0.014423076923076924 0.019230769230769232
0 0.5841346153846154 0.46033653846153844 0.004807692307692308 0.021634615384615384
0 0.28125 0.6658653846153846 0.2403846153846154 0.11538461538461539
0 0.3425480769230769 0.8173076923076923 0.34375 0.3629807692307692
0 0.47836538461538464 0.78125 0.03365384615384615 0.04807692307692308
0 0.49038461538461536 0.7584134615384616 0.04807692307692308 0.052884615384615384
0 0.48197115384615385 0.7139423076923077 0.04807692307692308 0.057692307692307696
0 0.5108173076923077 0.8088942307692307 0.052884615384615384 0.06009615384615385
0 0.5420673076923077 0.8401442307692307 0.05048076923076923 0.05048076923076923
0 0.5216346153846154 0.8665865384615384 0.04326923076923077 0.04567307692307692
0 0.5612980769230769 0.8569711538461539 0.036057692307692304 0.03365384615384615
0 0.5709134615384616 0.8641826923076923 0.03125 0.036057692307692304
0 0.5204326923076923 0.7512019230769231 0.036057692307692304 0.04567307692307692
0 0.5480769230769231 0.7884615384615384 0.03365384615384615 0.036057692307692304
0 0.5805288461538461 0.8834134615384616 0.01201923076923077 0.036057692307692304
0 0.9807692307692307 0.9819711538461539 0.03365384615384615 0.03125
0 0.9891826923076923 0.8954326923076923 0.016826923076923076 0.07451923076923077