0 0.4735576923076923 0.2536057692307692 0.07451923076923077 0.0673076923076923
0 0.39783653846153844 0.23317307692307693 0.06971153846153846 0.06490384615384616
0 0.25 0.2283653846153846 0.052884615384615384 0.04807692307692308
0 0.15745192307692307 0.28966346153846156 0.040865384615384616 0.036057692307692304
0 0.07692307692307693 0.27524038461538464 0.040865384615384616 0.040865384615384616
0 0.22596153846153846 0.2776442307692308 0.040865384615384616 0.036057692307692304
0 0.36177884615384615 0.20432692307692307 0.06009615384615385 0.05048076923076923
0 0.5324519230769231 0.10817307692307693 0.0889423076923077 0.125
0 0.3942307692307692 0.26322115384615385 0.057692307692307696 0.04567307692307692
0 0.34375 0.24278846153846154 0.052884615384615384 0.052884615384615384
0 0.3016826923076923 0.2247596153846154 0.0625 0.06009615384615385
0 0.8185096153846154 0.2800480769230769 0.28125 0.09375
0 0.2608173076923077 0.8810096153846154 0.18509615384615385 0.17307692307692307
0 0.09014423076923077 0.59375 0.18028846153846154 0.3125
0 0.7427884615384616 0.9651442307692307 0.06490384615384616 0.0625
0 0.8425480769230769 0.9663461538461539 0.057692307692307696 0.057692307692307696
0 0.9050480769230769 0.9615384615384616 0.07932692307692307 0.07211538461538461
0 0.78125 0.9254807692307693 0.0625 0.0625
0 0.8100961538461539 0.8978365384615384 0.07932692307692307 0.07932692307692307
0 0.8966346153846154 0.8990384615384616 0.0673076923076923 0.07692307692307693