0 0.125 0.5588942307692307 0.14903846153846154 0.13942307692307693
0 0.2956730769230769 0.36658653846153844 0.10096153846153846 0.07451923076923077
0 0.19591346153846154 0.4014423076923077 0.08173076923076923 0.09615384615384616
0 0.10697115384615384 0.3401442307692308 0.06009615384615385 0.021634615384615384
0 0.06129807692307692 0.3473557692307692 0.040865384615384616 0.036057692307692304
0 0.04567307692307692 0.33533653846153844 0.04326923076923077 0.01201923076923077
0 0.625 0.5252403846153846 0.07451923076923077 0.09134615384615384
0 0.6225961538461539 0.3713942307692308 0.052884615384615384 0.06490384615384616
0 0.6790865384615384 0.45552884615384615 0.0673076923076923 0.07932692307692307
0 0.7331730769230769 0.5192307692307693 0.09615384615384616 0.10817307692307693
0 0.5228365384615384 0.359375 0.07932692307692307 0.06009615384615385
0 0.5745192307692307 0.4230769230769231 0.057692307692307696 0.0673076923076923