0 0.5060096153846154 0.2800480769230769 0.021634615384615384 0.055288461538461536
0 0.4987980769230769 0.33413461538461536 0.036057692307692304 0.0625
0 0.9579326923076923 0.44711538461538464 0.038461538461538464 0.04326923076923077
0 0.9338942307692307 0.5192307692307693 0.052884615384615384 0.052884615384615384
0 0.921875 0.3088942307692308 0.052884615384615384 0.04567307692307692
0 0.8737980769230769 0.5 0.055288461538461536 0.055288461538461536
0 0.8377403846153846 0.6153846153846154 0.06009615384615385 0.06971153846153846
0 0.8545673076923077 0.4050480769230769 0.07932692307692307 0.06971153846153846
0 0.8389423076923077 0.34615384615384615 0.10817307692307693 0.07692307692307693
0 0.7403846153846154 0.5300480769230769 0.10096153846153846 0.07932692307692307
0 0.5949519230769231 0.28125 0.13221153846153846 0.1658653846153846
0 0.42908653846153844 0.9459134615384616 0.07451923076923077 0.07932692307692307
0 0.03485576923076923 0.8762019230769231 0.06971153846153846 0.22355769230769232
0 0.9435096153846154 0.7415865384615384 0.10817307692307693 0.06490384615384616
0 0.9014423076923077 0.7884615384615384 0.19230769230769232 0.15865384615384615