0 0.18990384615384615 0.21394230769230768 0.03365384615384615 0.0625
0 0.06971153846153846 0.21995192307692307 0.09134615384615384 0.09134615384615384
0 0.6129807692307693 0.0889423076923077 0.04807692307692308 0.04807692307692308
0 0.6334134615384616 0.20432692307692307 0.057692307692307696 0.057692307692307696
0 0.7331730769230769 0.23197115384615385 0.06009615384615385 0.06009615384615385
0 0.515625 0.19230769230769232 0.07692307692307693 0.07932692307692307
0 0.6947115384615384 0.12620192307692307 0.055288461538461536 0.055288461538461536
0 0.6526442307692307 0.12740384615384615 0.09134615384615384 0.0985576923076923
0 0.6814903846153846 0.2127403846153846 0.055288461538461536 0.055288461538461536
0 0.7007211538461539 0.17668269230769232 0.05048076923076923 0.05048076923076923
0 0.5853365384615384 0.13581730769230768 0.0625 0.06490384615384616
0 0.5973557692307693 0.10817307692307693 0.04326923076923077 0.04326923076923077
0 0.7451923076923077 0.16947115384615385 0.10096153846153846 0.10576923076923077
0 0.1935096153846154 0.6923076923076923 0.026442307692307692 0.0673076923076923
0 0.13942307692307693 0.6850961538461539 0.1201923076923077 0.052884615384615384
0 0.18269230769230768 0.6646634615384616 0.04807692307692308 0.01201923076923077