0 0.1346153846153846 0.13822115384615385 0.23317307692307693 0.23557692307692307
0 0.21033653846153846 0.27283653846153844 0.24759615384615385 0.2091346153846154
0 0.36778846153846156 0.09615384615384616 0.1346153846153846 0.13701923076923078
0 0.4807692307692308 0.054086538461538464 0.03365384615384615 0.09375
0 0.46634615384615385 0.1622596153846154 0.0625 0.13221153846153846
0 0.17427884615384615 0.07572115384615384 0.3485576923076923 0.15144230769230768
0 0.640625 0.18269230769230768 0.28125 0.36538461538461536
0 0.39663461538461536 0.39663461538461536 0.038461538461538464 0.03365384615384615
0 0.38461538461538464 0.4807692307692308 0.057692307692307696 0.057692307692307696
0 0.48677884615384615 0.47475961538461536 0.021634615384615384 0.09375
0 0.4831730769230769 0.7043269230769231 0.028846153846153848 0.09134615384615384
0 0.46153846153846156 0.4050480769230769 0.026442307692307692 0.026442307692307692
0 0.359375 0.6237980769230769 0.08173076923076923 0.08413461538461539
0 0.4543269230769231 0.3858173076923077 0.028846153846153848 0.01201923076923077
0 0.49158653846153844 0.4411057692307692 0.01201923076923077 0.03125
0 0.6141826923076923 0.6538461538461539 0.0985576923076923 0.0985576923076923
0 0.8149038461538461 0.6971153846153846 0.04807692307692308 0.04807692307692308
0 0.5384615384615384 0.5721153846153846 0.07692307692307693 0.1201923076923077
0 0.7536057692307693 0.6790865384615384 0.07932692307692307 0.07692307692307693
0 0.6370192307692307 0.6165865384615384 0.09134615384615384 0.09134615384615384
0 0.9795673076923077 0.7151442307692307 0.03365384615384615 0.03365384615384615