0 0.39663461538461536 0.46875 0.10096153846153846 0.07692307692307693
0 0.25600961538461536 0.4074519230769231 0.1658653846153846 0.16105769230769232
0 0.23557692307692307 0.47596153846153844 0.125 0.0625
0 0.10817307692307693 0.49278846153846156 0.14903846153846154 0.028846153846153848
0 0.09615384615384616 0.4543269230769231 0.1346153846153846 0.10576923076923077
0 0.06850961538461539 0.32572115384615385 0.13701923076923078 0.3629807692307692
0 0.7283653846153846 0.4807692307692308 0.07211538461538461 0.052884615384615384
0 0.6754807692307693 0.4987980769230769 0.057692307692307696 0.016826923076923076
0 0.9074519230769231 0.2848557692307692 0.18028846153846154 0.27163461538461536
0 0.875 0.44471153846153844 0.09615384615384616 0.06490384615384616
0 0.8052884615384616 0.44350961538461536 0.10576923076923077 0.09134615384615384
0 0.7824519230769231 0.4855769230769231 0.05048076923076923 0.038461538461538464
0 0.71875 0.49759615384615385 0.08653846153846154 0.019230769230769232
0 0.015625 0.6550480769230769 0.03125 0.14182692307692307
0 0.0673076923076923 0.6045673076923077 0.1346153846153846 0.18990384615384615
0 0.3870192307692308 0.8329326923076923 0.03365384615384615 0.04807692307692308
0 0.48677884615384615 0.8629807692307693 0.021634615384615384 0.04326923076923077
0 0.43149038461538464 0.8990384615384616 0.03125 0.02403846153846154
0 0.48677884615384615 0.9134615384615384 0.021634615384615384 0.028846153846153848
0 0.08533653846153846 0.7680288461538461 0.17067307692307693 0.17067307692307693
0 0.8401442307692307 0.703125 0.11057692307692307 0.08413461538461539
0 0.6454326923076923 0.7644230769230769 0.10336538461538461 0.11057692307692307
0 0.7139423076923077 0.7704326923076923 0.09375 0.08173076923076923
0 0.5048076923076923 0.9182692307692307 0.009615384615384616 0.04807692307692308
0 0.6225961538461539 0.8413461538461539 0.08173076923076923 0.07211538461538461
0 0.5745192307692307 0.8257211538461539 0.08413461538461539 0.08173076923076923
0 0.5300480769230769 0.8737980769230769 0.057692307692307696 0.0625
0 0.5600961538461539 0.890625 0.05048076923076923 0.05048076923076923
0 0.5276442307692307 0.9230769230769231 0.04326923076923077 0.04567307692307692
0 0.5084134615384616 0.9543269230769231 0.016826923076923076 0.04326923076923077