0 0.2644230769230769 0.6923076923076923 0.052884615384615384 0.04807692307692308
0 0.33533653846153844 0.6418269230769231 0.07692307692307693 0.0625
0 0.25 0.609375 0.06490384615384616 0.06009615384615385
0 0.203125 0.6730769230769231 0.04567307692307692 0.04326923076923077
0 0.09014423076923077 0.6923076923076923 0.021634615384615384 0.019230769230769232
0 0.3401442307692308 0.4987980769230769 0.09615384615384616 0.08653846153846154
0 0.5168269230769231 0.5204326923076923 0.057692307692307696 0.07451923076923077
0 0.5324519230769231 0.5793269230769231 0.052884615384615384 0.06490384615384616
0 0.5060096153846154 0.4519230769230769 0.036057692307692304 0.057692307692307696
0 0.5721153846153846 0.6213942307692307 0.0625 0.07451923076923077
0 0.5348557692307693 0.48677884615384615 0.055288461538461536 0.0625
0 0.5252403846153846 0.40865384615384615 0.07451923076923077 0.07211538461538461
0 0.5685096153846154 0.5649038461538461 0.06009615384615385 0.07451923076923077
0 0.578125 0.5192307692307693 0.0673076923076923 0.07211538461538461
0 0.7403846153846154 0.6526442307692307 0.10576923076923077 0.12740384615384615
0 0.6778846153846154 0.3798076923076923 0.10817307692307693 0.0985576923076923
0 0.9074519230769231 0.6730769230769231 0.18509615384615385 0.08653846153846154
0 0.9555288461538461 0.18990384615384615 0.08413461538461539 0.3557692307692308
0 0.5168269230769231 0.7608173076923077 0.057692307692307696 0.07932692307692307
0 0.5108173076923077 0.9206730769230769 0.04567307692307692 0.08653846153846154