0 0.953125 0.24519230769230768 0.0889423076923077 0.15865384615384615
0 0.9759615384615384 0.2956730769230769 0.04326923076923077 0.14903846153846154
0 0.9326923076923077 0.38822115384615385 0.12980769230769232 0.13221153846153846
0 0.9543269230769231 0.49038461538461536 0.08653846153846154 0.10096153846153846
0 0.9014423076923077 0.5024038461538461 0.1466346153846154 0.1466346153846154
0 0.8677884615384616 0.6009615384615384 0.07451923076923077 0.07451923076923077
0 0.9074519230769231 0.5877403846153846 0.055288461538461536 0.055288461538461536
0 0.8389423076923077 0.6622596153846154 0.06971153846153846 0.06971153846153846
0 0.8774038461538461 0.6550480769230769 0.06971153846153846 0.06971153846153846
0 0.8533653846153846 0.7175480769230769 0.0625 0.0625
0 0.8197115384615384 0.7079326923076923 0.0625 0.0625
0 0.8040865384615384 0.7536057692307693 0.05048076923076923 0.04567307692307692
0 0.8269230769230769 0.7608173076923077 0.04326923076923077 0.03125
0 0.8245192307692307 0.7716346153846154 0.04326923076923077 0.009615384615384616
0 0.06850961538461539 0.8629807692307693 0.13701923076923078 0.15384615384615385
0 0.8713942307692307 0.9338942307692307 0.11778846153846154 0.11778846153846154
0 0.8798076923076923 0.8137019230769231 0.19230769230769232 0.06971153846153846
0 0.9254807692307693 0.9146634615384616 0.09615384615384616 0.09615384615384616