0 0.1814903846153846 0.025240384615384616 0.18509615384615385 0.05048076923076923
0 0.12980769230769232 0.38341346153846156 0.09134615384615384 0.08653846153846154
0 0.28725961538461536 0.18269230769230768 0.06971153846153846 0.04807692307692308
0 0.0733173076923077 0.5144230769230769 0.1466346153846154 0.30288461538461536
0 0.8966346153846154 0.36177884615384615 0.040865384615384616 0.04326923076923077
0 0.921875 0.27283653846153844 0.040865384615384616 0.04326923076923077
0 0.8737980769230769 0.40625 0.06971153846153846 0.08413461538461539
0 0.8076923076923077 0.4230769230769231 0.04567307692307692 0.04567307692307692
0 0.8413461538461539 0.46153846153846156 0.06971153846153846 0.07692307692307693
0 0.7896634615384616 0.4074519230769231 0.04567307692307692 0.052884615384615384
0 0.9362980769230769 0.3786057692307692 0.057692307692307696 0.06009615384615385
0 0.8269230769230769 0.3713942307692308 0.036057692307692304 0.036057692307692304
0 0.8762019230769231 0.25240384615384615 0.028846153846153848 0.03125
0 0.8461538461538461 0.328125 0.038461538461538464 0.04326923076923077
0 0.9675480769230769 0.5480769230769231 0.06009615384615385 0.15865384615384615
0 0.875 0.3449519230769231 0.040865384615384616 0.04326923076923077
0 0.8293269230769231 0.32091346153846156 0.028846153846153848 0.03125
0 0.8088942307692307 0.30649038461538464 0.03125 0.03365384615384615
0 0.7920673076923077 0.2956730769230769 0.019230769230769232 0.019230769230769232
0 0.7415865384615384 0.33774038461538464 0.028846153846153848 0.026442307692307692
0 0.7512019230769231 0.35697115384615385 0.02403846153846154 0.021634615384615384
0 0.7680288461538461 0.3762019230769231 0.036057692307692304 0.036057692307692304
0 0.8161057692307693 0.35096153846153844 0.03365384615384615 0.03365384615384615
0 0.8016826923076923 0.3401442307692308 0.03125 0.028846153846153848
0 0.7872596153846154 0.33774038461538464 0.040865384615384616 0.04326923076923077
0 0.7824519230769231 0.2920673076923077 0.028846153846153848 0.03125
0 0.7740384615384616 0.3161057692307692 0.02403846153846154 0.02403846153846154
0 0.7620192307692307 0.31009615384615385 0.036057692307692304 0.036057692307692304