0 0.05889423076923077 0.5841346153846154 0.11778846153846154 0.08653846153846154
0 0.0625 0.45913461538461536 0.11538461538461539 0.11538461538461539
0 0.021634615384615384 0.5204326923076923 0.04326923076923077 0.11778846153846154
0 0.07211538461538461 0.2848557692307692 0.08653846153846154 0.08653846153846154
0 0.03365384615384615 0.375 0.0673076923076923 0.10096153846153846
0 0.03125 0.3137019230769231 0.0625 0.07451923076923077
0 0.01201923076923077 0.28846153846153844 0.02403846153846154 0.0625
0 0.037259615384615384 0.24759615384615385 0.06009615384615385 0.06009615384615385
0 0.016826923076923076 0.23798076923076922 0.03365384615384615 0.04807692307692308
0 0.007211538461538462 0.2283653846153846 0.014423076923076924 0.052884615384615384
0 0.04447115384615385 0.203125 0.04807692307692308 0.04807692307692308
0 0.016826923076923076 0.203125 0.03365384615384615 0.040865384615384616
0 0.021634615384615384 0.171875 0.026442307692307692 0.026442307692307692
0 0.004807692307692308 0.18028846153846154 0.009615384615384616 0.03365384615384615
0 0.010817307692307692 0.14423076923076922 0.021634615384615384 0.052884615384615384
0 0.016826923076923076 0.11538461538461539 0.03365384615384615 0.057692307692307696
0 0.02283653846153846 0.13822115384615385 0.026442307692307692 0.026442307692307692
0 0.026442307692307692 0.11057692307692307 0.026442307692307692 0.026442307692307692
0 0.036057692307692304 0.08413461538461539 0.02403846153846154 0.02403846153846154
0 0.025240384615384616 0.06971153846153846 0.02403846153846154 0.02403846153846154
0 0.03365384615384615 0.052884615384615384 0.02403846153846154 0.02403846153846154
0 0.04807692307692308 0.06850961538461539 0.026442307692307692 0.026442307692307692
0 0.10336538461538461 0.008413461538461538 0.02403846153846154 0.016826923076923076
0 0.10336538461538461 0.039663461538461536 0.026442307692307692 0.026442307692307692
0 0.11778846153846154 0.06370192307692307 0.026442307692307692 0.026442307692307692
0 0.1778846153846154 0.1141826923076923 0.055288461538461536 0.055288461538461536
0 0.006009615384615385 0.054086538461538464 0.01201923076923077 0.021634615384615384
0 0.016826923076923076 0.04447115384615385 0.021634615384615384 0.021634615384615384
0 0.06490384615384616 0.006009615384615385 0.02403846153846154 0.01201923076923077
0 0.9206730769230769 0.10336538461538461 0.07211538461538461 0.07211538461538461
0 0.7007211538461539 0.26802884615384615 0.06971153846153846 0.06971153846153846
0 0.6430288461538461 0.4338942307692308 0.05048076923076923 0.0985576923076923
0 0.6682692307692307 0.2848557692307692 0.057692307692307696 0.057692307692307696
0 0.9627403846153846 0.3088942307692308 0.06971153846153846 0.11298076923076923
0 0.7331730769230769 0.13822115384615385 0.04326923076923077 0.04326923076923077
0 0.8689903846153846 0.25721153846153844 0.07932692307692307 0.07932692307692307
0 0.6899038461538461 0.20432692307692307 0.04807692307692308 0.04807692307692308
0 0.8389423076923077 0.025240384615384616 0.03365384615384615 0.03365384615384615
0 0.7211538461538461 0.08173076923076923 0.026442307692307692 0.026442307692307692
0 0.8557692307692307 0.11538461538461539 0.057692307692307696 0.057692307692307696
0 0.75 0.054086538461538464 0.019230769230769232 0.019230769230769232
0 0.7704326923076923 0.028846153846153848 0.02403846153846154 0.02403846153846154
0 0.7295673076923077 0.05048076923076923 0.02403846153846154 0.02403846153846154
0 0.75 0.020432692307692308 0.019230769230769232 0.019230769230769232
0 0.7439903846153846 0.07692307692307693 0.03125 0.03125
0 0.8834134615384616 0.5637019230769231 0.16105769230769232 0.12740384615384615
0 0.7560096153846154 0.008413461538461538 0.021634615384615384 0.016826923076923076
0 0.7295673076923077 0.021634615384615384 0.019230769230769232 0.019230769230769232
0 0.7415865384615384 0.004807692307692308 0.021634615384615384 0.009615384615384616
0 0.08173076923076923 0.7427884615384616 0.07211538461538461 0.07211538461538461
0 0.15985576923076922 0.8413461538461539 0.09615384615384616 0.09615384615384616
0 0.09375 0.8197115384615384 0.09615384615384616 0.09615384615384616
0 0.040865384615384616 0.8064903846153846 0.0673076923076923 0.0673076923076923
0 0.018028846153846152 0.7956730769230769 0.036057692307692304 0.08173076923076923
0 0.8581730769230769 0.9711538461538461 0.13942307692307693 0.052884615384615384
0 0.7415865384615384 0.9807692307692307 0.0889423076923077 0.03365384615384615
0 0.8870192307692307 0.9375 0.13942307692307693 0.1201923076923077
0 0.6466346153846154 0.8774038461538461 0.040865384615384616 0.040865384615384616
0 0.9326923076923077 0.9603365384615384 0.12980769230769232 0.07451923076923077