0 0.32572115384615385 0.40625 0.06009615384615385 0.0625
0 0.328125 0.3473557692307692 0.055288461538461536 0.06490384615384616
0 0.11658653846153846 0.15264423076923078 0.14903846153846154 0.14182692307692307
0 0.08413461538461539 0.2127403846153846 0.125 0.08413461538461539
0 0.44711538461538464 0.28846153846153844 0.04567307692307692 0.05048076923076923
0 0.3641826923076923 0.3701923076923077 0.01201923076923077 0.028846153846153848
0 0.5516826923076923 0.2247596153846154 0.06009615384615385 0.06009615384615385
0 0.7163461538461539 0.3713942307692308 0.125 0.08653846153846154
0 0.6730769230769231 0.34134615384615385 0.052884615384615384 0.055288461538461536
0 0.6382211538461539 0.40024038461538464 0.038461538461538464 0.038461538461538464
0 0.5456730769230769 0.3798076923076923 0.03365384615384615 0.03365384615384615
0 0.5360576923076923 0.40865384615384615 0.028846153846153848 0.028846153846153848
0 0.5120192307692307 0.3894230769230769 0.028846153846153848 0.036057692307692304
0 0.5012019230769231 0.41225961538461536 0.026442307692307692 0.026442307692307692
0 0.46634615384615385 0.4014423076923077 0.02403846153846154 0.026442307692307692
0 0.4675480769230769 0.3762019230769231 0.028846153846153848 0.03365384615384615
0 0.4855769230769231 0.3942307692307692 0.028846153846153848 0.028846153846153848
0 0.4519230769230769 0.4338942307692308 0.02403846153846154 0.019230769230769232
0 0.43509615384615385 0.4170673076923077 0.02403846153846154 0.019230769230769232
0 0.44591346153846156 0.4098557692307692 0.019230769230769232 0.019230769230769232
0 0.4375 0.4411057692307692 0.016826923076923076 0.016826923076923076
0 0.41586538461538464 0.45072115384615385 0.019230769230769232 0.021634615384615384
0 0.40024038461538464 0.4483173076923077 0.019230769230769232 0.021634615384615384
0 0.359375 0.4338942307692308 0.002403846153846154 0.016826923076923076
0 0.3629807692307692 0.4254807692307692 0.009615384615384616 0.014423076923076924
0 0.36658653846153844 0.4170673076923077 0.016826923076923076 0.016826923076923076
0 0.36778846153846156 0.4014423076923077 0.019230769230769232 0.019230769230769232
0 0.5901442307692307 0.3605769230769231 0.03365384615384615 0.038461538461538464
0 0.3245192307692308 0.9459134615384616 0.0625 0.10336538461538461