0 0.5612980769230769 0.328125 0.06971153846153846 0.055288461538461536
0 0.15504807692307693 0.03245192307692308 0.13701923076923078 0.06490384615384616
0 0.5588942307692307 0.002403846153846154 0.016826923076923076 0.004807692307692308
0 0.546875 0.010817307692307692 0.021634615384615384 0.021634615384615384
0 0.5588942307692307 0.039663461538461536 0.021634615384615384 0.021634615384615384
0 0.5408653846153846 0.1346153846153846 0.038461538461538464 0.038461538461538464
0 0.2127403846153846 0.5072115384615384 0.10096153846153846 0.0985576923076923
0 0.3641826923076923 0.5108173076923077 0.05048076923076923 0.04807692307692308
0 0.33653846153846156 0.5564903846153846 0.06009615384615385 0.057692307692307696
0 0.31009615384615385 0.5889423076923077 0.06490384615384616 0.0625
0 0.27524038461538464 0.6370192307692307 0.07932692307692307 0.07692307692307693
0 0.3858173076923077 0.6009615384615384 0.06009615384615385 0.057692307692307696
0 0.3713942307692308 0.6430288461538461 0.06490384615384616 0.06009615384615385
0 0.359375 0.6911057692307693 0.08653846153846154 0.08413461538461539
0 0.5060096153846154 0.6899038461538461 0.06009615384615385 0.06009615384615385
0 0.40024038461538464 0.5661057692307693 0.055288461538461536 0.052884615384615384
0 0.4110576923076923 0.5264423076923077 0.04807692307692308 0.04567307692307692
0 0.40625 0.44471153846153844 0.026442307692307692 0.026442307692307692
0 0.43028846153846156 0.47115384615384615 0.040865384615384616 0.040865384615384616
0 0.3870192307692308 0.41466346153846156 0.038461538461538464 0.036057692307692304
0 0.44350961538461536 0.43028846153846156 0.026442307692307692 0.026442307692307692
0 0.453125 0.40865384615384615 0.026442307692307692 0.026442307692307692
0 0.47596153846153844 0.4387019230769231 0.014423076923076924 0.014423076923076924
0 0.4891826923076923 0.44711538461538464 0.014423076923076924 0.014423076923076924
0 0.42908653846153844 0.3918269230769231 0.019230769230769232 0.021634615384615384
0 0.4483173076923077 0.38461538461538464 0.016826923076923076 0.019230769230769232
0 0.43509615384615385 0.38221153846153844 0.019230769230769232 0.021634615384615384
0 0.48197115384615385 0.3894230769230769 0.014423076923076924 0.014423076923076924
0 0.47475961538461536 0.40625 0.014423076923076924 0.014423076923076924
0 0.29447115384615385 0.5024038461538461 0.07211538461538461 0.0673076923076923
0 0.6514423076923077 0.5084134615384616 0.04326923076923077 0.10336538461538461
0 0.6778846153846154 0.46033653846153844 0.07451923076923077 0.07692307692307693
0 0.8245192307692307 0.7860576923076923 0.11298076923076923 0.12259615384615384
0 0.8966346153846154 0.8774038461538461 0.038461538461538464 0.03125