0 0.24879807692307693 0.27524038461538464 0.09375 0.10817307692307693
0 0.2620192307692308 0.4014423076923077 0.07211538461538461 0.028846153846153848
0 0.36778846153846156 0.40865384615384615 0.052884615384615384 0.014423076923076924
0 0.3233173076923077 0.35697115384615385 0.10336538461538461 0.11778846153846154
0 0.15745192307692307 0.3233173076923077 0.0985576923076923 0.10817307692307693
0 0.7199519230769231 0.0889423076923077 0.052884615384615384 0.04807692307692308
0 0.8185096153846154 0.05889423076923077 0.06009615384615385 0.052884615384615384
0 0.7764423076923077 0.06971153846153846 0.055288461538461536 0.052884615384615384
0 0.7391826923076923 0.2932692307692308 0.02403846153846154 0.021634615384615384
0 0.8725961538461539 0.1875 0.04326923076923077 0.040865384615384616
0 0.7668269230769231 0.23317307692307693 0.036057692307692304 0.03365384615384615
0 0.8052884615384616 0.22956730769230768 0.036057692307692304 0.03365384615384615
0 0.7908653846153846 0.20552884615384615 0.040865384615384616 0.038461538461538464
0 0.8521634615384616 0.06610576923076923 0.052884615384615384 0.04567307692307692
0 0.8485576923076923 0.18269230769230768 0.036057692307692304 0.03365384615384615
0 0.8245192307692307 0.20673076923076922 0.028846153846153848 0.026442307692307692
0 0.9014423076923077 0.16947115384615385 0.03365384615384615 0.028846153846153848
0 0.7259615384615384 0.31971153846153844 0.02403846153846154 0.021634615384615384
0 0.7920673076923077 0.036057692307692304 0.04807692307692308 0.038461538461538464
0 0.3173076923076923 0.9014423076923077 0.07692307692307693 0.07932692307692307
0 0.5432692307692307 0.8125 0.07692307692307693 0.07211538461538461
0 0.5913461538461539 0.7980769230769231 0.04807692307692308 0.08173076923076923
0 0.7704326923076923 0.9795673076923077 0.06971153846153846 0.036057692307692304