0 0.15865384615384615 0.5384615384615384 0.11057692307692307 0.07692307692307693
0 0.38341346153846156 0.5697115384615384 0.05048076923076923 0.014423076923076924
0 0.4483173076923077 0.5432692307692307 0.019230769230769232 0.019230769230769232
0 0.4579326923076923 0.43028846153846156 0.02403846153846154 0.02403846153846154
0 0.4735576923076923 0.4891826923076923 0.021634615384615384 0.019230769230769232
0 0.4963942307692308 0.5432692307692307 0.01201923076923077 0.009615384615384616
0 0.6069711538461539 0.19951923076923078 0.13701923076923078 0.19230769230769232
0 0.8774038461538461 0.5600961538461539 0.07692307692307693 0.03365384615384615
0 0.734375 0.3233173076923077 0.1466346153846154 0.14423076923076922
0 0.9362980769230769 0.5600961538461539 0.04567307692307692 0.03365384615384615
0 0.6670673076923077 0.14903846153846154 0.16826923076923078 0.15865384615384615
0 0.14783653846153846 0.9375 0.19951923076923078 0.1201923076923077
0 0.36538461538461536 0.8173076923076923 0.1346153846153846 0.13701923076923078
0 0.1466346153846154 0.8461538461538461 0.29086538461538464 0.25
0 0.7427884615384616 0.9675480769230769 0.055288461538461536 0.055288461538461536
0 0.8497596153846154 0.8894230769230769 0.125 0.1466346153846154
0 0.8329326923076923 0.9903846153846154 0.03125 0.014423076923076924
0 0.8209134615384616 0.9699519230769231 0.036057692307692304 0.036057692307692304
0 0.8173076923076923 0.9362980769230769 0.036057692307692304 0.03365384615384615
0 0.8064903846153846 0.8858173076923077 0.04807692307692308 0.052884615384615384