0 0.359375 0.0673076923076923 0.036057692307692304 0.04326923076923077
0 0.47596153846153844 0.15985576923076922 0.06009615384615385 0.0673076923076923
0 0.5552884615384616 0.4987980769230769 0.1201923076923077 0.13701923076923078
0 0.34615384615384615 0.002403846153846154 0.02403846153846154 0.004807692307692308
0 0.29447115384615385 0.010817307692307692 0.026442307692307692 0.021634615384615384
0 0.3798076923076923 0.036057692307692304 0.028846153846153848 0.03365384615384615
0 0.6466346153846154 0.23197115384615385 0.057692307692307696 0.06490384615384616
0 0.6899038461538461 0.20673076923076922 0.06009615384615385 0.04807692307692308
0 0.6346153846153846 0.18509615384615385 0.03365384615384615 0.057692307692307696
0 0.6923076923076923 0.16706730769230768 0.04807692307692308 0.040865384615384616
0 0.7379807692307693 0.15264423076923078 0.04326923076923077 0.036057692307692304
0 0.7848557692307693 0.14182692307692307 0.03365384615384615 0.03365384615384615
0 0.12379807692307693 0.9266826923076923 0.17548076923076922 0.14182692307692307
0 0.06009615384615385 0.9086538461538461 0.1201923076923077 0.1778846153846154