0 0.3329326923076923 0.3918269230769231 0.09375 0.08653846153846154
0 0.5552884615384616 0.39783653846153844 0.09375 0.10336538461538461
0 0.6586538461538461 0.4387019230769231 0.10336538461538461 0.12980769230769232
0 0.578125 0.5540865384615384 0.04807692307692308 0.04807692307692308
0 0.6514423076923077 0.5925480769230769 0.04807692307692308 0.04326923076923077
0 0.28966346153846156 0.07932692307692307 0.040865384615384616 0.15865384615384615
0 0.6911057692307693 0.02283653846153846 0.23317307692307693 0.04567307692307692
0 0.4014423076923077 0.5721153846153846 0.055288461538461536 0.05048076923076923
0 0.6514423076923077 0.5336538461538461 0.07451923076923077 0.08653846153846154
0 0.5661057692307693 0.4855769230769231 0.08653846153846154 0.10576923076923077
0 0.5805288461538461 0.5865384615384616 0.06009615384615385 0.057692307692307696
0 0.6466346153846154 0.6081730769230769 0.052884615384615384 0.014423076923076924
0 0.5865384615384616 0.609375 0.052884615384615384 0.01201923076923077
0 0.40625 0.9735576923076923 0.0625 0.04807692307692308
0 0.35697115384615385 0.9723557692307693 0.057692307692307696 0.05048076923076923
0 0.5012019230769231 0.9447115384615384 0.07211538461538461 0.0673076923076923
0 0.4567307692307692 0.8942307692307693 0.07451923076923077 0.06490384615384616
0 0.4026442307692308 0.6622596153846154 0.18509615384615385 0.0889423076923077
0 0.3894230769230769 0.8798076923076923 0.09615384615384616 0.09134615384615384
0 0.4254807692307692 0.9302884615384616 0.07692307692307693 0.07451923076923077
0 0.46634615384615385 0.9735576923076923 0.0625 0.04807692307692308
0 0.49278846153846156 0.9879807692307693 0.057692307692307696 0.019230769230769232
0 0.5324519230769231 0.9807692307692307 0.06490384615384616 0.03365384615384615