0 0.12620192307692307 0.625 0.055288461538461536 0.052884615384615384
0 0.16706730769230768 0.515625 0.0625 0.06009615384615385
0 0.013221153846153846 0.5384615384615384 0.026442307692307692 0.028846153846153848
0 0.051682692307692304 0.5288461538461539 0.026442307692307692 0.026442307692307692
0 0.15264423076923078 0.7884615384615384 0.14182692307692307 0.03365384615384615
0 0.5372596153846154 0.05889423076923077 0.13221153846153846 0.11778846153846154
0 0.6057692307692307 0.05048076923076923 0.08653846153846154 0.08653846153846154
0 0.7247596153846154 0.03365384615384615 0.03125 0.0673076923076923
0 0.8846153846153846 0.2439903846153846 0.20432692307692307 0.20192307692307693
0 0.8293269230769231 0.04326923076923077 0.16826923076923078 0.08653846153846154
0 0.36899038461538464 0.8233173076923077 0.0985576923076923 0.03125
0 0.3112980769230769 0.9002403846153846 0.0985576923076923 0.10096153846153846
0 0.16947115384615385 0.9747596153846154 0.09375 0.04567307692307692
0 0.14302884615384615 0.9543269230769231 0.08413461538461539 0.0889423076923077
0 0.1814903846153846 0.8858173076923077 0.08173076923076923 0.0889423076923077
0 0.14903846153846154 0.8786057692307693 0.11057692307692307 0.10817307692307693
0 0.1875 0.8305288461538461 0.0673076923076923 0.04567307692307692
0 0.16466346153846154 0.8233173076923077 0.055288461538461536 0.03125
0 0.7716346153846154 0.96875 0.125 0.057692307692307696
0 0.8293269230769231 0.8882211538461539 0.1466346153846154 0.15625