0 0.3233173076923077 0.46274038461538464 0.055288461538461536 0.05048076923076923
0 0.27283653846153844 0.34975961538461536 0.06490384615384616 0.06490384615384616
0 0.4182692307692308 0.20552884615384615 0.057692307692307696 0.13221153846153846
0 0.4026442307692308 0.2439903846153846 0.057692307692307696 0.055288461538461536
0 0.4423076923076923 0.2860576923076923 0.009615384615384616 0.04326923076923077
0 0.4254807692307692 0.375 0.036057692307692304 0.036057692307692304
0 0.4423076923076923 0.38822115384615385 0.009615384615384616 0.03125
0 0.43028846153846156 0.4110576923076923 0.03365384615384615 0.03365384615384615
0 0.4423076923076923 0.42427884615384615 0.009615384615384616 0.03125
0 0.43509615384615385 0.4567307692307692 0.02403846153846154 0.028846153846153848
0 0.41346153846153844 0.4519230769230769 0.03365384615384615 0.03125
0 0.4338942307692308 0.4362980769230769 0.028846153846153848 0.028846153846153848
0 0.4423076923076923 0.49038461538461536 0.009615384615384616 0.028846153846153848
0 0.43990384615384615 0.47836538461538464 0.014423076923076924 0.02403846153846154
0 0.41225961538461536 0.328125 0.040865384615384616 0.038461538461538464
0 0.9543269230769231 0.38100961538461536 0.08173076923076923 0.07932692307692307
0 0.9783653846153846 0.042067307692307696 0.038461538461538464 0.08413461538461539
0 0.1466346153846154 0.9375 0.24519230769230768 0.1201923076923077
0 0.421875 0.6935096153846154 0.05048076923076923 0.13221153846153846
0 0.29086538461538464 0.8521634615384616 0.13701923076923078 0.15144230769230768
0 0.27524038461538464 0.7668269230769231 0.1971153846153846 0.1971153846153846
0 0.03125 0.8257211538461539 0.0625 0.28125
0 0.07692307692307693 0.9074519230769231 0.15384615384615385 0.18028846153846154