0 0.06490384615384616 0.03485576923076923 0.08653846153846154 0.06971153846153846
0 0.27403846153846156 0.34134615384615385 0.057692307692307696 0.06009615384615385
0 0.29927884615384615 0.3870192307692308 0.05048076923076923 0.052884615384615384
0 0.28966346153846156 0.2247596153846154 0.057692307692307696 0.055288461538461536
0 0.8834134615384616 0.14903846153846154 0.15384615384615385 0.15625
0 0.8088942307692307 0.1310096153846154 0.0625 0.06009615384615385
0 0.8954326923076923 0.006009615384615385 0.026442307692307692 0.01201923076923077
0 0.8966346153846154 0.2127403846153846 0.03365384615384615 0.03125
0 0.734375 0.6057692307692307 0.07932692307692307 0.08653846153846154
0 0.7403846153846154 0.9326923076923077 0.19230769230769232 0.12980769230769232
0 0.7439903846153846 0.5649038461538461 0.06971153846153846 0.03365384615384615
0 0.7439903846153846 0.8365384615384616 0.057692307692307696 0.052884615384615384