0 0.4074519230769231 0.34375 0.06490384615384616 0.07692307692307693
0 0.3449519230769231 0.12980769230769232 0.08653846153846154 0.06971153846153846
0 0.35336538461538464 0.028846153846153848 0.11538461538461539 0.057692307692307696
0 0.48677884615384615 0.06009615384615385 0.038461538461538464 0.038461538461538464
0 0.6826923076923077 0.09495192307692307 0.019230769230769232 0.016826923076923076
0 0.6057692307692307 0.016826923076923076 0.03365384615384615 0.03365384615384615
0 0.13822115384615385 0.5228365384615384 0.13701923076923078 0.0889423076923077
0 0.6334134615384616 0.11298076923076923 0.028846153846153848 0.028846153846153848
0 0.6682692307692307 0.12620192307692307 0.02403846153846154 0.019230769230769232
0 0.5576923076923077 0.22235576923076922 0.038461538461538464 0.04567307692307692
0 0.44471153846153844 0.01201923076923077 0.07692307692307693 0.02403846153846154
0 0.42427884615384615 0.09254807692307693 0.09134615384615384 0.06009615384615385
0 0.5180288461538461 0.046875 0.052884615384615384 0.04326923076923077
0 0.5576923076923077 0.027644230769230768 0.04807692307692308 0.038461538461538464
0 0.9723557692307693 0.6814903846153846 0.05048076923076923 0.055288461538461536
0 0.9639423076923077 0.6117788461538461 0.05048076923076923 0.04807692307692308
0 0.9891826923076923 0.6454326923076923 0.016826923076923076 0.040865384615384616