0 0.2956730769230769 0.014423076923076924 0.0625 0.028846153846153848
0 0.2127403846153846 0.04927884615384615 0.055288461538461536 0.057692307692307696
0 0.3125 0.09254807692307693 0.08653846153846154 0.09375
0 0.03365384615384615 0.003605769230769231 0.028846153846153848 0.007211538461538462
0 0.1622596153846154 0.026442307692307692 0.055288461538461536 0.052884615384615384
0 0.12980769230769232 0.018028846153846152 0.04326923076923077 0.036057692307692304
0 0.10216346153846154 0.009615384615384616 0.036057692307692304 0.019230769230769232
0 0.052884615384615384 0.057692307692307696 0.04567307692307692 0.052884615384615384
0 0.39663461538461536 0.25600961538461536 0.057692307692307696 0.18028846153846154
0 0.055288461538461536 0.2704326923076923 0.11057692307692307 0.13221153846153846
0 0.5168269230769231 0.2668269230769231 0.12259615384615384 0.10576923076923077
0 0.6237980769230769 0.17067307692307693 0.0985576923076923 0.0889423076923077
0 0.5060096153846154 0.1971153846153846 0.10817307692307693 0.10336538461538461
0 0.6201923076923077 0.10576923076923077 0.07211538461538461 0.06490384615384616
0 0.7115384615384616 0.08533653846153846 0.07211538461538461 0.0625
0 0.7860576923076923 0.3173076923076923 0.11538461538461539 0.13942307692307693
0 0.45072115384615385 0.2980769230769231 0.04567307692307692 0.15384615384615385
0 0.703125 0.03125 0.06971153846153846 0.0625
0 0.7572115384615384 0.03125 0.06490384615384616 0.057692307692307696
0 0.7884615384615384 0.640625 0.0625 0.057692307692307696
0 0.8473557692307693 0.5901442307692307 0.06009615384615385 0.052884615384615384
0 0.8810096153846154 0.5685096153846154 0.036057692307692304 0.021634615384615384