0 0.24519230769230768 0.08173076923076923 0.07692307692307693 0.07451923076923077
0 0.3173076923076923 0.12980769230769232 0.14423076923076922 0.1346153846153846
0 0.36778846153846156 0.18990384615384615 0.08413461538461539 0.08413461538461539
0 0.3557692307692308 0.0985576923076923 0.30288461538461536 0.1971153846153846
0 0.4483173076923077 0.34134615384615385 0.11057692307692307 0.125
0 0.3629807692307692 0.25600961538461536 0.0889423076923077 0.09375
0 0.23076923076923078 0.17668269230769232 0.14182692307692307 0.14182692307692307
0 0.18509615384615385 0.10216346153846154 0.12740384615384615 0.13221153846153846
0 0.1778846153846154 0.055288461538461536 0.06490384615384616 0.06490384615384616
0 0.140625 0.03365384615384615 0.06009615384615385 0.06009615384615385
0 0.13701923076923078 0.06370192307692307 0.040865384615384616 0.04326923076923077
0 0.07932692307692307 0.013221153846153846 0.052884615384615384 0.026442307692307692
0 0.05048076923076923 0.019230769230769232 0.04326923076923077 0.038461538461538464
0 0.07451923076923077 0.028846153846153848 0.040865384615384616 0.04326923076923077
0 0.09975961538461539 0.07211538461538461 0.04326923076923077 0.04567307692307692
0 0.055288461538461536 0.038461538461538464 0.028846153846153848 0.03125
0 0.8076923076923077 0.27524038461538464 0.1201923076923077 0.12980769230769232
0 0.8040865384615384 0.02283653846153846 0.13701923076923078 0.04567307692307692
0 0.7247596153846154 0.4387019230769231 0.08173076923076923 0.09134615384615384
0 0.8076923076923077 0.46274038461538464 0.0889423076923077 0.07692307692307693
0 0.17668269230769232 0.8040865384615384 0.08173076923076923 0.08413461538461539
0 0.9290865384615384 0.9399038461538461 0.13701923076923078 0.11538461538461539
0 0.7824519230769231 0.7475961538461539 0.09615384615384616 0.09375
0 0.8125 0.9651442307692307 0.08173076923076923 0.06490384615384616
0 0.8173076923076923 0.8774038461538461 0.10817307692307693 0.10576923076923077
0 0.5408653846153846 0.6286057692307693 0.040865384615384616 0.040865384615384616