0 0.23557692307692307 0.22956730769230768 0.09134615384615384 0.0889423076923077
0 0.47475961538461536 0.19831730769230768 0.038461538461538464 0.038461538461538464
0 0.5252403846153846 0.18509615384615385 0.021634615384615384 0.038461538461538464
0 0.05889423076923077 0.04447115384615385 0.11778846153846154 0.0889423076923077
0 0.46274038461538464 0.6165865384615384 0.06009615384615385 0.06009615384615385
0 0.4795673076923077 0.6766826923076923 0.06490384615384616 0.0673076923076923
0 0.4110576923076923 0.7475961538461539 0.12259615384615384 0.125
0 0.10817307692307693 0.5456730769230769 0.20192307692307693 0.1346153846153846
0 0.9723557692307693 0.7367788461538461 0.05048076923076923 0.06490384615384616
0 0.9699519230769231 0.7620192307692307 0.055288461538461536 0.07692307692307693
0 0.9603365384615384 0.8016826923076923 0.07451923076923077 0.08413461538461539
0 0.8353365384615384 0.7043269230769231 0.09375 0.0889423076923077
0 0.8858173076923077 0.7644230769230769 0.10336538461538461 0.10096153846153846
0 0.6225961538461539 0.5637019230769231 0.12980769230769232 0.12980769230769232
0 0.7920673076923077 0.8377403846153846 0.20432692307692307 0.20192307692307693