0 0.11658653846153846 0.23557692307692307 0.0625 0.06971153846153846
0 0.016826923076923076 0.19951923076923078 0.03365384615384615 0.038461538461538464
0 0.036057692307692304 0.21394230769230768 0.028846153846153848 0.02403846153846154
0 0.21995192307692307 0.2439903846153846 0.02403846153846154 0.02403846153846154
0 0.04447115384615385 0.1346153846153846 0.07211538461538461 0.07932692307692307
0 0.19591346153846154 0.17067307692307693 0.02403846153846154 0.028846153846153848
0 0.07572115384615384 0.09014423076923077 0.05048076923076923 0.040865384615384616
0 0.9855769230769231 0.5168269230769231 0.02403846153846154 0.057692307692307696
0 0.5697115384615384 0.8100961538461539 0.036057692307692304 0.038461538461538464
0 0.5192307692307693 0.9266826923076923 0.02403846153846154 0.028846153846153848
0 0.8581730769230769 0.6105769230769231 0.07451923076923077 0.0673076923076923
0 0.9182692307692307 0.6911057692307693 0.0625 0.04807692307692308
0 0.9879807692307693 0.6754807692307693 0.019230769230769232 0.04807692307692308
0 0.4987980769230769 0.9723557692307693 0.014423076923076924 0.01201923076923077
0 0.4963942307692308 0.9879807692307693 0.01201923076923077 0.01201923076923077