0 0.03365384615384615 0.04567307692307692 0.040865384615384616 0.02403846153846154
0 0.5444711538461539 0.22596153846153846 0.13221153846153846 0.08173076923076923
0 0.2956730769230769 0.8677884615384616 0.04326923076923077 0.052884615384615384
0 0.23677884615384615 0.84375 0.06009615384615385 0.05048076923076923
0 0.30649038461538464 0.8425480769230769 0.021634615384615384 0.06009615384615385
0 0.9182692307692307 0.5 0.15865384615384615 0.24519230769230768
0 0.8329326923076923 0.8689903846153846 0.09134615384615384 0.08413461538461539
0 0.8209134615384616 0.9471153846153846 0.08173076923076923 0.07211538461538461
0 0.9362980769230769 0.7403846153846154 0.12259615384615384 0.2692307692307692
0 0.9519230769230769 0.8329326923076923 0.09134615384615384 0.2668269230769231
0 0.7355769230769231 0.9555288461538461 0.06971153846153846 0.0673076923076923
0 0.7271634615384616 0.9891826923076923 0.06490384615384616 0.016826923076923076
0 0.6838942307692307 0.9807692307692307 0.05048076923076923 0.03365384615384615