0 0.056490384615384616 0.0889423076923077 0.11298076923076923 0.11057692307692307
0 0.12139423076923077 0.19471153846153846 0.12259615384615384 0.11298076923076923
0 0.44350961538461536 0.5444711538461539 0.026442307692307692 0.06971153846153846
0 0.31971153846153844 0.6213942307692307 0.09615384615384616 0.09615384615384616
0 0.41346153846153844 0.7199519230769231 0.08653846153846154 0.12740384615384615
0 0.33653846153846156 0.5516826923076923 0.07692307692307693 0.06971153846153846
0 0.40024038461538464 0.6141826923076923 0.0889423076923077 0.09134615384615384
0 0.22596153846153846 0.5360576923076923 0.06009615384615385 0.06490384615384616
0 0.40625 0.5456730769230769 0.08413461538461539 0.07211538461538461
0 0.20192307692307693 0.5853365384615384 0.03365384615384615 0.06009615384615385
0 0.2403846153846154 0.4735576923076923 0.06490384615384616 0.06009615384615385
0 0.30649038461538464 0.4807692307692308 0.06009615384615385 0.06490384615384616