0 0.109375 0.21875 0.10336538461538461 0.11298076923076923
0 0.3918269230769231 0.25721153846153844 0.09134615384615384 0.11057692307692307
0 0.09735576923076923 0.4266826923076923 0.05048076923076923 0.021634615384615384
0 0.7139423076923077 0.09495192307692307 0.4230769230769231 0.18990384615384615
0 0.6610576923076923 0.3942307692307692 0.17307692307692307 0.08653846153846154
0 0.8581730769230769 0.41346153846153844 0.02403846153846154 0.02403846153846154
0 0.8846153846153846 0.4182692307692308 0.016826923076923076 0.019230769230769232
0 0.7668269230769231 0.4206730769230769 0.04326923076923077 0.03365384615384615
0 0.028846153846153848 0.9026442307692307 0.057692307692307696 0.11298076923076923
0 0.19831730769230768 0.8930288461538461 0.08653846153846154 0.08173076923076923
0 0.7403846153846154 0.9050480769230769 0.0673076923076923 0.057692307692307696
0 0.5204326923076923 0.9591346153846154 0.055288461538461536 0.04567307692307692
0 0.5576923076923077 0.9146634615384616 0.052884615384615384 0.04807692307692308
0 0.5480769230769231 0.984375 0.03365384615384615 0.026442307692307692
0 0.6550480769230769 0.9507211538461539 0.057692307692307696 0.05048076923076923
0 0.6274038461538461 0.9411057692307693 0.04326923076923077 0.040865384615384616
0 0.6105769230769231 0.9206730769230769 0.0625 0.055288461538461536
0 0.6189903846153846 0.9795673076923077 0.04567307692307692 0.036057692307692304
0 0.59375 0.9711538461538461 0.04567307692307692 0.036057692307692304
0 0.5721153846153846 0.9855769230769231 0.04807692307692308 0.02403846153846154
0 0.49399038461538464 0.984375 0.05048076923076923 0.026442307692307692
0 0.5745192307692307 0.9543269230769231 0.04807692307692308 0.04567307692307692