0 0.5384615384615384 0.18389423076923078 0.09615384615384616 0.17548076923076922
0 0.5168269230769231 0.28365384615384615 0.14182692307692307 0.1346153846153846
0 0.41586538461538464 0.3137019230769231 0.11538461538461539 0.10336538461538461
0 0.43990384615384615 0.2403846153846154 0.1201923076923077 0.1201923076923077
0 0.34615384615384615 0.2800480769230769 0.09615384615384616 0.09615384615384616
0 0.32091346153846156 0.33413461538461536 0.09375 0.0625
0 0.26322115384615385 0.3449519230769231 0.10336538461538461 0.040865384615384616
0 0.26802884615384615 0.31971153846153844 0.07932692307692307 0.08173076923076923
0 0.22355769230769232 0.3317307692307692 0.057692307692307696 0.057692307692307696
0 0.1875 0.34375 0.052884615384615384 0.04326923076923077
0 0.14903846153846154 0.3485576923076923 0.0625 0.03365384615384615
0 0.7884615384615384 0.04567307692307692 0.1201923076923077 0.09134615384615384
0 0.9170673076923077 0.018028846153846152 0.1466346153846154 0.036057692307692304
0 0.7307692307692307 0.018028846153846152 0.09134615384615384 0.036057692307692304
0 0.6766826923076923 0.08774038461538461 0.07692307692307693 0.07451923076923077
0 0.7139423076923077 0.12740384615384615 0.0625 0.05048076923076923
0 0.625 0.051682692307692304 0.07211538461538461 0.07932692307692307
0 0.6550480769230769 0.015625 0.07932692307692307 0.03125
0 0.11899038461538461 0.4411057692307692 0.052884615384615384 0.055288461538461536
0 0.13942307692307693 0.7524038461538461 0.10096153846153846 0.10576923076923077
0 0.6514423076923077 0.6382211538461539 0.052884615384615384 0.052884615384615384
0 0.8269230769230769 0.5192307692307693 0.08653846153846154 0.0889423076923077
0 0.7884615384615384 0.4951923076923077 0.06490384615384616 0.06971153846153846