0 0.3088942307692308 0.13581730769230768 0.10817307692307693 0.10576923076923077
0 0.07211538461538461 0.2548076923076923 0.09134615384615384 0.0889423076923077
0 0.2439903846153846 0.36658653846153844 0.0625 0.06490384615384616
0 0.030048076923076924 0.4579326923076923 0.06009615384615385 0.036057692307692304
0 0.18028846153846154 0.37259615384615385 0.06971153846153846 0.06971153846153846
0 0.33774038461538464 0.04567307692307692 0.11778846153846154 0.09134615384615384
0 0.23677884615384615 0.21033653846153846 0.09134615384615384 0.09134615384615384
0 0.8509615384615384 0.32211538461538464 0.1466346153846154 0.14903846153846154
0 0.7584134615384616 0.41466346153846156 0.13701923076923078 0.12259615384615384
0 0.036057692307692304 0.8485576923076923 0.07211538461538461 0.1346153846153846
0 0.25841346153846156 0.7127403846153846 0.0889423076923077 0.08653846153846154
0 0.31850961538461536 0.7331730769230769 0.08413461538461539 0.08653846153846154
0 0.36658653846153844 0.7367788461538461 0.06009615384615385 0.06490384615384616
0 0.3858173076923077 0.7608173076923077 0.021634615384615384 0.10336538461538461
0 0.96875 0.8822115384615384 0.057692307692307696 0.0625
0 0.984375 0.8461538461538461 0.026442307692307692 0.07211538461538461