0 0.19471153846153846 0.13341346153846154 0.04326923076923077 0.04326923076923077
0 0.29086538461538464 0.036057692307692304 0.021634615384615384 0.021634615384615384
0 0.30408653846153844 0.0733173076923077 0.03365384615384615 0.03365384615384615
0 0.6430288461538461 0.13942307692307693 0.08653846153846154 0.08653846153846154
0 0.8858173076923077 0.06971153846153846 0.06490384615384616 0.06490384615384616
0 0.7475961538461539 0.11298076923076923 0.10096153846153846 0.10336538461538461
0 0.8149038461538461 0.0985576923076923 0.07211538461538461 0.07211538461538461
0 0.84375 0.09495192307692307 0.06971153846153846 0.07211538461538461
0 0.9122596153846154 0.0733173076923077 0.03365384615384615 0.03365384615384615
0 0.09495192307692307 0.7295673076923077 0.18990384615384615 0.25721153846153844
0 0.0829326923076923 0.8425480769230769 0.1658653846153846 0.28125
0 0.3581730769230769 0.7439903846153846 0.1875 0.1875
0 0.515625 0.5096153846153846 0.055288461538461536 0.11057692307692307
0 0.5793269230769231 0.5360576923076923 0.0985576923076923 0.0985576923076923
0 0.7439903846153846 0.5793269230769231 0.0673076923076923 0.06490384615384616