0 0.1310096153846154 0.27403846153846156 0.12740384615384615 0.14182692307692307
0 0.20793269230769232 0.25961538461538464 0.17307692307692307 0.1778846153846154
0 0.18870192307692307 0.421875 0.12980769230769232 0.1466346153846154
0 0.1201923076923077 0.4362980769230769 0.11538461538461539 0.11778846153846154
0 0.15865384615384615 0.5204326923076923 0.10096153846153846 0.03125
0 0.14182692307692307 0.08653846153846154 0.25 0.17307692307692307
0 0.25 0.06129807692307692 0.22115384615384615 0.12259615384615384
0 0.3125 0.1310096153846154 0.2403846153846154 0.23076923076923078
0 0.6646634615384616 0.2403846153846154 0.09134615384615384 0.0889423076923077
0 0.6442307692307693 0.33052884615384615 0.07211538461538461 0.07451923076923077
0 0.328125 0.9759615384615384 0.15625 0.04326923076923077
0 0.24278846153846154 0.9026442307692307 0.14903846153846154 0.14903846153846154
0 0.1935096153846154 0.9338942307692307 0.09375 0.10096153846153846
0 0.055288461538461536 0.8389423076923077 0.07692307692307693 0.07692307692307693
0 0.01201923076923077 0.7548076923076923 0.02403846153846154 0.0673076923076923
0 0.171875 0.578125 0.11778846153846154 0.07932692307692307
0 0.6358173076923077 0.9230769230769231 0.055288461538461536 0.055288461538461536
0 0.7572115384615384 0.9699519230769231 0.09134615384615384 0.055288461538461536
0 0.6286057692307693 0.7788461538461539 0.040865384615384616 0.0625