0 0.14423076923076922 0.06610576923076923 0.06009615384615385 0.0625
0 0.1141826923076923 0.019230769230769232 0.04567307692307692 0.038461538461538464
0 0.078125 0.04927884615384615 0.038461538461538464 0.038461538461538464
0 0.3425480769230769 0.43990384615384615 0.17067307692307693 0.16826923076923078
0 0.18389423076923078 0.3762019230769231 0.11298076923076923 0.1201923076923077
0 0.13701923076923078 0.21153846153846154 0.10336538461538461 0.10336538461538461
0 0.23197115384615385 0.171875 0.10817307692307693 0.10096153846153846
0 0.6153846153846154 0.4543269230769231 0.06009615384615385 0.07211538461538461
0 0.6430288461538461 0.41225961538461536 0.07211538461538461 0.07692307692307693
0 0.6670673076923077 0.3389423076923077 0.07451923076923077 0.07932692307692307
0 0.7151442307692307 0.32211538461538464 0.07211538461538461 0.07451923076923077
0 0.6081730769230769 0.5396634615384616 0.08173076923076923 0.09375
0 0.6237980769230769 0.4266826923076923 0.026442307692307692 0.021634615384615384
0 0.7043269230769231 0.22355769230769232 0.04807692307692308 0.052884615384615384
0 0.6442307692307693 0.16466346153846154 0.040865384615384616 0.04567307692307692
0 0.6634615384615384 0.052884615384615384 0.03125 0.03125
0 0.6742788461538461 0.20192307692307693 0.05048076923076923 0.05048076923076923
0 0.6766826923076923 0.004807692307692308 0.026442307692307692 0.009615384615384616
0 0.12259615384615384 0.921875 0.036057692307692304 0.03125
0 0.051682692307692304 0.9387019230769231 0.06009615384615385 0.04567307692307692
0 0.12740384615384615 0.9591346153846154 0.07692307692307693 0.06009615384615385
0 0.04927884615384615 0.9879807692307693 0.026442307692307692 0.019230769230769232
0 0.10096153846153846 0.9891826923076923 0.038461538461538464 0.016826923076923076
0 0.02403846153846154 0.9939903846153846 0.019230769230769232 0.007211538461538462