0 0.3076923076923077 0.32211538461538464 0.15144230769230768 0.20673076923076922
0 0.515625 0.009615384615384616 0.06009615384615385 0.019230769230769232
0 0.5408653846153846 0.027644230769230768 0.05048076923076923 0.04807692307692308
0 0.5721153846153846 0.06610576923076923 0.04567307692307692 0.04567307692307692
0 0.5673076923076923 0.12139423076923077 0.0889423076923077 0.0985576923076923
0 0.6177884615384616 0.12860576923076922 0.028846153846153848 0.03365384615384615
0 0.6322115384615384 0.15865384615384615 0.03125 0.019230769230769232
0 0.6370192307692307 0.18269230769230768 0.021634615384615384 0.021634615384615384
0 0.6526442307692307 0.19230769230769232 0.007211538461538462 0.02403846153846154
0 0.6911057692307693 0.38221153846153844 0.06490384615384616 0.16346153846153846
0 0.7632211538461539 0.11177884615384616 0.12740384615384615 0.09375
0 0.9471153846153846 0.078125 0.052884615384615384 0.04807692307692308
0 0.6995192307692307 0.203125 0.08173076923076923 0.15144230769230768
0 0.8197115384615384 0.390625 0.32211538461538464 0.25240384615384615
0 0.8870192307692307 0.5036057692307693 0.125 0.026442307692307692
0 0.9603365384615384 0.40625 0.07451923076923077 0.10576923076923077
0 0.8689903846153846 0.039663461538461536 0.0985576923076923 0.07932692307692307
0 0.8557692307692307 0.1658653846153846 0.10576923076923077 0.09375
0 0.9230769230769231 0.22355769230769232 0.10576923076923077 0.09375
0 0.9735576923076923 0.27403846153846156 0.04807692307692308 0.0673076923076923
0 0.921875 0.016826923076923076 0.07451923076923077 0.03365384615384615
0 0.9254807692307693 0.10096153846153846 0.07692307692307693 0.06490384615384616
0 0.9603365384615384 0.06850961538461539 0.06971153846153846 0.0625
0 0.9759615384615384 0.042067307692307696 0.04326923076923077 0.05048076923076923
0 0.9591346153846154 0.1622596153846154 0.07451923076923077 0.06971153846153846
0 0.9807692307692307 0.20793269230769232 0.03365384615384615 0.06971153846153846
0 0.9831730769230769 0.12139423076923077 0.028846153846153848 0.055288461538461536
0 0.7752403846153846 0.22596153846153846 0.13942307692307693 0.10576923076923077
0 0.5420673076923077 0.8737980769230769 0.040865384615384616 0.04567307692307692
0 0.4639423076923077 0.7836538461538461 0.052884615384615384 0.052884615384615384
0 0.515625 0.7644230769230769 0.05048076923076923 0.04326923076923077
0 0.515625 0.8329326923076923 0.036057692307692304 0.038461538461538464
0 0.6418269230769231 0.7403846153846154 0.028846153846153848 0.038461538461538464
0 0.5576923076923077 0.7427884615384616 0.038461538461538464 0.038461538461538464
0 0.6514423076923077 0.8028846153846154 0.009615384615384616 0.03365384615384615
0 0.5685096153846154 0.7920673076923077 0.036057692307692304 0.03125
0 0.5865384615384616 0.7788461538461539 0.036057692307692304 0.03365384615384615
0 0.6045673076923077 0.8149038461538461 0.038461538461538464 0.036057692307692304
0 0.5685096153846154 0.8473557692307693 0.040865384615384616 0.040865384615384616
0 0.5901442307692307 0.8305288461538461 0.028846153846153848 0.026442307692307692
0 0.6430288461538461 0.8161057692307693 0.02403846153846154 0.02403846153846154
0 0.5865384615384616 0.9074519230769231 0.13942307692307693 0.11778846153846154
0 0.546875 0.8149038461538461 0.052884615384615384 0.04807692307692308
0 0.5384615384615384 0.7524038461538461 0.03365384615384615 0.03365384615384615
0 0.9242788461538461 0.6213942307692307 0.1466346153846154 0.20432692307692307