0 0.0985576923076923 0.38221153846153844 0.1971153846153846 0.1875
0 0.8581730769230769 0.32211538461538464 0.10576923076923077 0.10576923076923077
0 0.9795673076923077 0.19951923076923078 0.036057692307692304 0.12980769230769232
0 0.8858173076923077 0.4050480769230769 0.06009615384615385 0.06009615384615385
0 0.21995192307692307 0.7944711538461539 0.07211538461538461 0.07451923076923077
0 0.11177884615384616 0.7884615384615384 0.040865384615384616 0.040865384615384616
0 0.13581730769230768 0.7980769230769231 0.03125 0.028846153846153848
0 0.32211538461538464 0.7752403846153846 0.026442307692307692 0.026442307692307692
0 0.12259615384615384 0.71875 0.08173076923076923 0.08653846153846154
0 0.27884615384615385 0.7115384615384616 0.028846153846153848 0.03125
0 0.140625 0.6670673076923077 0.052884615384615384 0.05048076923076923
0 0.7848557692307693 0.6153846153846154 0.12980769230769232 0.12740384615384615
0 0.7307692307692307 0.6466346153846154 0.04326923076923077 0.10576923076923077
0 0.7199519230769231 0.7956730769230769 0.021634615384615384 0.07211538461538461
0 0.7932692307692307 0.5216346153846154 0.16826923076923078 0.08653846153846154
0 0.8545673076923077 0.5012019230769231 0.15144230769230768 0.04567307692307692