0 0.8052884615384616 0.28966346153846156 0.04567307692307692 0.05048076923076923
0 0.734375 0.05048076923076923 0.09375 0.09134615384615384
0 0.3581730769230769 0.8557692307692307 0.038461538461538464 0.16826923076923078
0 0.3293269230769231 0.5793269230769231 0.09615384615384616 0.1778846153846154
0 0.2848557692307692 0.6622596153846154 0.18509615384615385 0.18990384615384615
0 0.265625 0.41225961538461536 0.20432692307692307 0.06490384615384616
0 0.15865384615384615 0.4651442307692308 0.3125 0.17067307692307693
0 0.8100961538461539 0.453125 0.08173076923076923 0.09375
0 0.8425480769230769 0.546875 0.07932692307692307 0.07932692307692307
0 0.8737980769230769 0.6225961538461539 0.06971153846153846 0.07211538461538461
0 0.9110576923076923 0.7403846153846154 0.040865384615384616 0.04807692307692308
0 0.9266826923076923 0.78125 0.040865384615384616 0.04326923076923077
0 0.6730769230769231 0.5528846153846154 0.125 0.1346153846153846
0 0.7776442307692307 0.7043269230769231 0.07211538461538461 0.07451923076923077
0 0.9362980769230769 0.8161057692307693 0.03365384615384615 0.03365384615384615
0 0.9411057692307693 0.8425480769230769 0.03365384615384615 0.028846153846153848
0 0.9459134615384616 0.8629807692307693 0.026442307692307692 0.02403846153846154
0 0.9495192307692307 0.8798076923076923 0.021634615384615384 0.021634615384615384
0 0.9555288461538461 0.9038461538461539 0.028846153846153848 0.026442307692307692
0 0.9579326923076923 0.9182692307692307 0.026442307692307692 0.02403846153846154
0 0.9603365384615384 0.9338942307692307 0.021634615384615384 0.016826923076923076
0 0.9639423076923077 0.9483173076923077 0.021634615384615384 0.016826923076923076
0 0.9663461538461539 0.9579326923076923 0.019230769230769232 0.014423076923076924
0 0.9711538461538461 0.9651442307692307 0.016826923076923076 0.01201923076923077
0 0.9735576923076923 0.9747596153846154 0.016826923076923076 0.014423076923076924
0 0.9771634615384616 0.9879807692307693 0.019230769230769232 0.016826923076923076