0 0.33533653846153844 0.40625 0.03125 0.019230769230769232
0 0.8076923076923077 0.3449519230769231 0.057692307692307696 0.052884615384615384
0 0.7824519230769231 0.24158653846153846 0.057692307692307696 0.0625
0 0.6069711538461539 0.31850961538461536 0.09615384615384616 0.08653846153846154
0 0.7307692307692307 0.06850961538461539 0.05048076923076923 0.06009615384615385
0 0.5685096153846154 0.17548076923076922 0.09375 0.10336538461538461
0 0.8858173076923077 0.40024038461538464 0.03365384615384615 0.03125
0 0.8497596153846154 0.21153846153846154 0.02403846153846154 0.02403846153846154
0 0.8617788461538461 0.23197115384615385 0.02403846153846154 0.026442307692307692
0 0.9387019230769231 0.36899038461538464 0.016826923076923076 0.01201923076923077
0 0.8197115384615384 0.18389423076923078 0.057692307692307696 0.057692307692307696
0 0.8641826923076923 0.4098557692307692 0.040865384615384616 0.01201923076923077
0 0.14423076923076922 0.9026442307692307 0.0673076923076923 0.07692307692307693
0 0.9807692307692307 0.9519230769230769 0.03365384615384615 0.09134615384615384