0 0.5709134615384616 0.578125 0.03125 0.07451923076923077
0 0.5697115384615384 0.4579326923076923 0.03365384615384615 0.06971153846153846
0 0.5769230769230769 0.2247596153846154 0.019230769230769232 0.021634615384615384
0 0.41947115384615385 0.7956730769230769 0.09375 0.09375
0 0.23918269230769232 0.6706730769230769 0.0625 0.057692307692307696
0 0.12259615384615384 0.6213942307692307 0.038461538461538464 0.007211538461538462
0 0.5132211538461539 0.6334134615384616 0.0889423076923077 0.03125
0 0.4579326923076923 0.6358173076923077 0.06490384615384616 0.036057692307692304
0 0.5985576923076923 0.6550480769230769 0.019230769230769232 0.05048076923076923
0 0.9879807692307693 0.6610576923076923 0.019230769230769232 0.052884615384615384
0 0.6286057692307693 0.6310096153846154 0.07451923076923077 0.026442307692307692