0 0.4387019230769231 0.2127403846153846 0.17548076923076922 0.2283653846153846
0 0.5576923076923077 0.09975961538461539 0.057692307692307696 0.0889423076923077
0 0.29086538461538464 0.35216346153846156 0.1201923076923077 0.04567307692307692
0 0.31971153846153844 0.8233173076923077 0.13701923076923078 0.15865384615384615
0 0.3870192307692308 0.3557692307692308 0.14423076923076922 0.052884615384615384
0 0.23557692307692307 0.5420673076923077 0.11057692307692307 0.11538461538461539
0 0.23918269230769232 0.8028846153846154 0.11778846153846154 0.14182692307692307
0 0.20192307692307693 0.6730769230769231 0.11298076923076923 0.14182692307692307
0 0.16706730769230768 0.8197115384615384 0.11057692307692307 0.1346153846153846
0 0.26322115384615385 0.9567307692307693 0.10336538461538461 0.08173076923076923
0 0.19471153846153846 0.9387019230769231 0.0985576923076923 0.10336538461538461
0 0.13822115384615385 0.9338942307692307 0.08173076923076923 0.09615384615384616
0 0.4074519230769231 0.6322115384615384 0.22355769230769232 0.22355769230769232
0 0.28125 0.6201923076923077 0.15865384615384615 0.18269230769230768
0 0.4879807692307692 0.3485576923076923 0.07692307692307693 0.038461538461538464
0 0.9519230769230769 0.9735576923076923 0.09134615384615384 0.04807692307692308
0 0.9435096153846154 0.8713942307692307 0.10817307692307693 0.20432692307692307
0 0.7800480769230769 0.8004807692307693 0.28846153846153844 0.3293269230769231
0 0.8112980769230769 0.7199519230769231 0.1346153846153846 0.14423076923076922
0 0.6454326923076923 0.578125 0.2091346153846154 0.19471153846153846
0 0.5492788461538461 0.5192307692307693 0.040865384615384616 0.038461538461538464
0 0.5697115384615384 0.4795673076923077 0.08173076923076923 0.08413461538461539
0 0.5456730769230769 0.4387019230769231 0.03365384615384615 0.06490384615384616