0 0.1346153846153846 0.2692307692307692 0.09134615384615384 0.09375
0 0.25961538461538464 0.037259615384615384 0.17307692307692307 0.07451923076923077
0 0.21033653846153846 0.38822115384615385 0.07692307692307693 0.08173076923076923
0 0.009615384615384616 0.2980769230769231 0.019230769230769232 0.10096153846153846
0 0.9230769230769231 0.3112980769230769 0.14903846153846154 0.18990384615384615
0 0.8197115384615384 0.38341346153846156 0.08173076923076923 0.12259615384615384
0 0.7920673076923077 0.5048076923076923 0.026442307692307692 0.08653846153846154
0 0.32572115384615385 0.9891826923076923 0.04567307692307692 0.016826923076923076
0 0.265625 0.9014423076923077 0.05048076923076923 0.052884615384615384
0 0.16346153846153846 0.9086538461538461 0.055288461538461536 0.055288461538461536
0 0.3798076923076923 0.8713942307692307 0.0625 0.07692307692307693
0 0.234375 0.984375 0.05048076923076923 0.026442307692307692
0 0.27403846153846156 0.9639423076923077 0.07692307692307693 0.0673076923076923
0 0.21875 0.9098557692307693 0.04807692307692308 0.04807692307692308
0 0.2127403846153846 0.9495192307692307 0.04807692307692308 0.04326923076923077
0 0.33413461538461536 0.9483173076923077 0.055288461538461536 0.06009615384615385
0 0.3329326923076923 0.9783653846153846 0.040865384615384616 0.038461538461538464
0 0.17307692307692307 0.9591346153846154 0.08653846153846154 0.07692307692307693
0 0.9206730769230769 0.9723557692307693 0.14423076923076922 0.05048076923076923
0 0.8233173076923077 0.8942307692307693 0.0889423076923077 0.1201923076923077