0 0.42427884615384615 0.25721153846153844 0.03125 0.04326923076923077
0 0.4495192307692308 0.3088942307692308 0.03365384615384615 0.04326923076923077
0 0.38822115384615385 0.2692307692307692 0.02403846153846154 0.02403846153846154
0 0.421875 0.33774038461538464 0.040865384615384616 0.016826923076923076
0 0.3641826923076923 0.3317307692307692 0.03125 0.028846153846153848
0 0.38341346153846156 0.31850961538461536 0.02403846153846154 0.038461538461538464
0 0.36899038461538464 0.28725961538461536 0.03125 0.036057692307692304
0 0.4026442307692308 0.21754807692307693 0.03365384615384615 0.038461538461538464
0 0.3858173076923077 0.19230769230769232 0.03125 0.019230769230769232
0 0.35336538461538464 0.22716346153846154 0.009615384615384616 0.036057692307692304
0 0.3605769230769231 0.1935096153846154 0.02403846153846154 0.03125
0 0.359375 0.26322115384615385 0.021634615384615384 0.016826923076923076
0 0.40625 0.3076923076923077 0.03365384615384615 0.038461538461538464
0 0.3762019230769231 0.22716346153846154 0.028846153846153848 0.028846153846153848
0 0.7163461538461539 0.7211538461538461 0.06971153846153846 0.07692307692307693
0 0.6514423076923077 0.7283653846153846 0.052884615384615384 0.0673076923076923
0 0.6935096153846154 0.8076923076923077 0.08413461538461539 0.09134615384615384
0 0.5288461538461539 0.6033653846153846 0.08173076923076923 0.09375
0 0.5024038461538461 0.4855769230769231 0.03365384615384615 0.036057692307692304