0 0.36899038461538464 0.009615384615384616 0.06009615384615385 0.019230769230769232
0 0.3954326923076923 0.11057692307692307 0.07211538461538461 0.07211538461538461
0 0.20552884615384615 0.22115384615384615 0.11298076923076923 0.1346153846153846
0 0.24759615384615385 0.18990384615384615 0.0625 0.06009615384615385
0 0.20192307692307693 0.13822115384615385 0.04567307692307692 0.04567307692307692
0 0.25 0.056490384615384616 0.038461538461538464 0.038461538461538464
0 0.22596153846153846 0.038461538461538464 0.03365384615384615 0.03365384615384615
0 0.2512019230769231 0.021634615384615384 0.038461538461538464 0.036057692307692304
0 0.23317307692307693 0.010817307692307692 0.03365384615384615 0.021634615384615384
0 0.25600961538461536 0.007211538461538462 0.036057692307692304 0.014423076923076924
0 0.2548076923076923 0.10576923076923077 0.04326923076923077 0.040865384615384616
0 0.6490384615384616 0.40024038461538464 0.04326923076923077 0.04807692307692308
0 0.6658653846153846 0.3425480769230769 0.05048076923076923 0.05048076923076923
0 0.6850961538461539 0.28846153846153844 0.0673076923076923 0.06490384615384616
0 0.6923076923076923 0.23798076923076922 0.05048076923076923 0.05048076923076923
0 0.6610576923076923 0.24278846153846154 0.036057692307692304 0.03365384615384615
0 0.6081730769230769 0.19471153846153846 0.03365384615384615 0.03365384615384615
0 0.5612980769230769 0.2283653846153846 0.026442307692307692 0.026442307692307692
0 0.6129807692307693 0.2512019230769231 0.04567307692307692 0.04807692307692308
0 0.6454326923076923 0.29086538461538464 0.040865384615384616 0.040865384615384616
0 0.6177884615384616 0.2860576923076923 0.03125 0.03125
0 0.5997596153846154 0.29086538461538464 0.03365384615384615 0.03125
0 0.5709134615384616 0.29447115384615385 0.040865384615384616 0.040865384615384616
0 0.5552884615384616 0.296875 0.014423076923076924 0.036057692307692304
0 0.6201923076923077 0.3317307692307692 0.04326923076923077 0.04807692307692308
0 0.5793269230769231 0.3293269230769231 0.04326923076923077 0.040865384615384616
0 0.5637019230769231 0.33653846153846156 0.03125 0.03365384615384615
0 0.6021634615384616 0.3870192307692308 0.055288461538461536 0.05048076923076923
0 0.5697115384615384 0.38100961538461536 0.04326923076923077 0.040865384615384616
0 0.5540865384615384 0.3713942307692308 0.01201923076923077 0.036057692307692304
0 0.07211538461538461 0.8930288461538461 0.07932692307692307 0.08413461538461539
0 0.04447115384615385 0.9326923076923077 0.0889423076923077 0.09615384615384616
0 0.026442307692307692 0.9603365384615384 0.052884615384615384 0.07451923076923077
0 0.01201923076923077 0.96875 0.02403846153846154 0.057692307692307696
0 0.08413461538461539 0.8209134615384616 0.06490384615384616 0.06490384615384616
0 0.03365384615384615 0.8725961538461539 0.0673076923076923 0.07692307692307693
0 0.015625 0.8990384615384616 0.03125 0.07211538461538461
0 0.038461538461538464 0.8197115384615384 0.07692307692307693 0.07692307692307693
0 0.046875 0.7824519230769231 0.04567307692307692 0.04567307692307692
0 0.04567307692307692 0.7475961538461539 0.04567307692307692 0.04567307692307692
0 0.05048076923076923 0.7163461538461539 0.040865384615384616 0.040865384615384616
0 0.06009615384615385 0.6778846153846154 0.04326923076923077 0.019230769230769232
0 0.5961538461538461 0.9098557692307693 0.09615384615384616 0.17548076923076922
0 0.5841346153846154 0.7572115384615384 0.07211538461538461 0.14423076923076922