0 0.515625 0.27163461538461536 0.24759615384615385 0.23798076923076922
0 0.6742788461538461 0.20552884615384615 0.06490384615384616 0.20432692307692307
0 0.2980769230769231 0.9783653846153846 0.1201923076923077 0.038461538461538464
0 0.2956730769230769 0.7908653846153846 0.08413461538461539 0.07932692307692307
0 0.22355769230769232 0.8173076923076923 0.08173076923076923 0.08173076923076923
0 0.2127403846153846 0.6959134615384616 0.055288461538461536 0.01201923076923077
0 0.9471153846153846 0.953125 0.04326923076923077 0.04567307692307692
0 0.9651442307692307 0.9819711538461539 0.06490384615384616 0.03125
0 0.9399038461538461 0.7872596153846154 0.02403846153846154 0.021634615384615384
0 0.9543269230769231 0.8449519230769231 0.03125 0.03365384615384615
0 0.9771634615384616 0.7704326923076923 0.03365384615384615 0.03125
0 0.9507211538461539 0.7524038461538461 0.02403846153846154 0.02403846153846154
0 0.90625 0.7572115384615384 0.014423076923076924 0.014423076923076924
0 0.9447115384615384 0.8149038461538461 0.036057692307692304 0.03365384615384615
0 0.8918269230769231 0.7235576923076923 0.014423076923076924 0.014423076923076924
0 0.9375 0.8870192307692307 0.03125 0.028846153846153848
0 0.9591346153846154 0.8882211538461539 0.04326923076923077 0.04567307692307692