0 0.1778846153846154 0.20072115384615385 0.19951923076923078 0.20192307692307693
0 0.8076923076923077 0.21875 0.10576923076923077 0.10576923076923077
0 0.9519230769230769 0.24519230769230768 0.055288461538461536 0.052884615384615384
0 0.9819711538461539 0.20432692307692307 0.03125 0.052884615384615384
0 0.8798076923076923 0.34375 0.05048076923076923 0.05048076923076923
0 0.9819711538461539 0.38822115384615385 0.03125 0.036057692307692304
0 0.4567307692307692 0.9110576923076923 0.10096153846153846 0.11057692307692307
0 0.4170673076923077 0.9603365384615384 0.10336538461538461 0.07451923076923077
0 0.46875 0.9579326923076923 0.07692307692307693 0.07932692307692307
0 0.4963942307692308 0.9134615384615384 0.021634615384615384 0.11057692307692307
0 0.8990384615384616 0.7800480769230769 0.0625 0.0625
0 0.96875 0.6201923076923077 0.057692307692307696 0.07211538461538461
0 0.7319711538461539 0.8882211538461539 0.08413461538461539 0.08653846153846154
0 0.9435096153846154 0.7896634615384616 0.04326923076923077 0.04567307692307692
0 0.5685096153846154 0.6478365384615384 0.11778846153846154 0.23798076923076922
0 0.6346153846153846 0.8737980769230769 0.11298076923076923 0.11778846153846154
0 0.8665865384615384 0.5576923076923077 0.11778846153846154 0.057692307692307696
0 0.9855769230769231 0.7391826923076923 0.02403846153846154 0.05048076923076923