0 0.18990384615384615 0.38822115384615385 0.09134615384615384 0.08653846153846154
0 0.5588942307692307 0.4338942307692308 0.016826923076923076 0.040865384615384616
0 0.14903846153846154 0.01201923076923077 0.10096153846153846 0.02403846153846154
0 0.4375 0.19591346153846154 0.052884615384615384 0.052884615384615384
0 0.5480769230769231 0.28365384615384615 0.038461538461538464 0.057692307692307696
0 0.8665865384615384 0.44591346153846156 0.16105769230769232 0.10336538461538461
0 0.9230769230769231 0.30649038461538464 0.125 0.1346153846153846
0 0.9519230769230769 0.18269230769230768 0.09375 0.0985576923076923
0 0.8713942307692307 0.9290865384615384 0.19471153846153846 0.13701923076923078
0 0.6346153846153846 0.5901442307692307 0.12980769230769232 0.18028846153846154
0 0.9254807692307693 0.7463942307692307 0.14423076923076922 0.4110576923076923