0 0.01201923076923077 0.09495192307692307 0.02403846153846154 0.08413461538461539
0 0.014423076923076924 0.3137019230769231 0.028846153846153848 0.12259615384615384
0 0.026442307692307692 0.018028846153846152 0.052884615384615384 0.036057692307692304
0 0.5072115384615384 0.3269230769230769 0.038461538461538464 0.0673076923076923
0 0.5324519230769231 0.3737980769230769 0.0889423076923077 0.06490384615384616
0 0.49399038461538464 0.21995192307692307 0.01201923076923077 0.055288461538461536
0 0.5192307692307693 0.2776442307692308 0.0625 0.06490384615384616
0 0.5661057692307693 0.25961538461538464 0.07932692307692307 0.07932692307692307
0 0.5024038461538461 0.37259615384615385 0.028846153846153848 0.0673076923076923
0 0.5096153846153846 0.7884615384615384 0.04326923076923077 0.057692307692307696
0 0.6514423076923077 0.5372596153846154 0.05048076923076923 0.052884615384615384
0 0.6129807692307693 0.5649038461538461 0.0625 0.0625
0 0.6334134615384616 0.5144230769230769 0.052884615384615384 0.052884615384615384