0 0.34134615384615385 0.18629807692307693 0.3076923076923077 0.3076923076923077
0 0.18028846153846154 0.08173076923076923 0.3125 0.16346153846153846
0 0.12620192307692307 0.06009615384615385 0.25240384615384615 0.1201923076923077
0 0.5120192307692307 0.33052884615384615 0.19230769230769232 0.03125
0 0.5288461538461539 0.39663461538461536 0.15384615384615385 0.09615384615384616
0 0.09375 0.4375 0.04567307692307692 0.04567307692307692
0 0.016826923076923076 0.5036057692307693 0.03365384615384615 0.040865384615384616
0 0.02283653846153846 0.47716346153846156 0.038461538461538464 0.038461538461538464
0 0.19831730769230768 0.39783653846153844 0.08173076923076923 0.08173076923076923
0 0.19110576923076922 0.375 0.05048076923076923 0.05048076923076923
0 0.8449519230769231 0.7403846153846154 0.07932692307692307 0.07932692307692307
0 0.9014423076923077 0.5721153846153846 0.06009615384615385 0.06009615384615385
0 0.7019230769230769 0.5588942307692307 0.026442307692307692 0.026442307692307692
0 0.8521634615384616 0.6658653846153846 0.07932692307692307 0.07932692307692307
0 0.8774038461538461 0.6165865384615384 0.0673076923076923 0.0673076923076923