0 0.025240384615384616 0.07451923076923077 0.05048076923076923 0.14903846153846154
0 0.0889423076923077 0.09254807692307693 0.1778846153846154 0.18509615384615385
0 0.12259615384615384 0.35096153846153844 0.10817307692307693 0.11057692307692307
0 0.21033653846153846 0.4579326923076923 0.08653846153846154 0.08653846153846154
0 0.09615384615384616 0.21754807692307693 0.12740384615384615 0.12740384615384615
0 0.054086538461538464 0.23918269230769232 0.10817307692307693 0.15144230769230768
0 0.9206730769230769 0.35216346153846156 0.09134615384615384 0.09615384615384616
0 0.9134615384615384 0.5060096153846154 0.0625 0.021634615384615384
0 0.9014423076923077 0.4254807692307692 0.10576923076923077 0.11057692307692307
0 0.7740384615384616 0.3641826923076923 0.09615384615384616 0.10096153846153846
0 0.8461538461538461 0.4206730769230769 0.09615384615384616 0.10096153846153846
0 0.8293269230769231 0.3293269230769231 0.11298076923076923 0.11778846153846154
0 0.7680288461538461 0.28365384615384615 0.10817307692307693 0.11057692307692307
0 0.38221153846153844 0.8894230769230769 0.040865384615384616 0.040865384615384616
0 0.3713942307692308 0.8557692307692307 0.04567307692307692 0.04807692307692308
0 0.22956730769230768 0.7463942307692307 0.057692307692307696 0.055288461538461536
0 0.4026442307692308 0.8701923076923077 0.026442307692307692 0.04807692307692308
0 0.36177884615384615 0.8257211538461539 0.05048076923076923 0.05048076923076923
0 0.40384615384615385 0.8485576923076923 0.02403846153846154 0.04326923076923077
0 0.3557692307692308 0.7860576923076923 0.06009615384615385 0.06009615384615385
0 0.3942307692307692 0.8040865384615384 0.04326923076923077 0.06009615384615385
0 0.34615384615384615 0.7427884615384616 0.06009615384615385 0.06009615384615385
0 0.3870192307692308 0.734375 0.057692307692307696 0.07932692307692307
0 0.3329326923076923 0.6814903846153846 0.08173076923076923 0.07932692307692307
0 0.4026442307692308 0.6057692307692307 0.026442307692307692 0.1346153846153846
0 0.359375 0.9891826923076923 0.026442307692307692 0.016826923076923076
0 0.39783653846153844 0.9951923076923077 0.026442307692307692 0.004807692307692308
0 0.3629807692307692 0.9387019230769231 0.038461538461538464 0.038461538461538464
0 0.4110576923076923 0.9663461538461539 0.009615384615384616 0.028846153846153848
0 0.39302884615384615 0.9387019230769231 0.028846153846153848 0.03125
0 0.40625 0.9483173076923077 0.019230769230769232 0.04567307692307692
0 0.3161057692307692 0.8641826923076923 0.04567307692307692 0.04326923076923077
0 0.40625 0.9158653846153846 0.019230769230769232 0.03365384615384615
0 0.8665865384615384 0.9447115384615384 0.0625 0.06490384615384616
0 0.7776442307692307 0.9867788461538461 0.06971153846153846 0.021634615384615384