0 0.030048076923076924 0.34134615384615385 0.06009615384615385 0.15384615384615385
0 0.8149038461538461 0.34615384615384615 0.3173076923076923 0.2403846153846154
0 0.640625 0.2439903846153846 0.32211538461538464 0.3076923076923077
0 0.7355769230769231 0.05048076923076923 0.1971153846153846 0.10096153846153846
0 0.8569711538461539 0.03365384615384615 0.13221153846153846 0.0673076923076923
0 0.8425480769230769 0.12740384615384615 0.17307692307692307 0.17307692307692307
0 0.9819711538461539 0.296875 0.03125 0.13701923076923078
0 0.9735576923076923 0.0985576923076923 0.04807692307692308 0.09615384615384616
0 0.19591346153846154 0.6814903846153846 0.06009615384615385 0.06009615384615385
0 0.12860576923076922 0.6262019230769231 0.08173076923076923 0.07451923076923077
0 0.2608173076923077 0.6646634615384616 0.0625 0.057692307692307696
0 0.24879807692307693 0.7007211538461539 0.055288461538461536 0.05048076923076923
0 0.23557692307692307 0.7391826923076923 0.0625 0.0625
0 0.2283653846153846 0.921875 0.1971153846153846 0.15144230769230768
0 0.609375 0.5492788461538461 0.13221153846153846 0.13942307692307693
0 0.5420673076923077 0.9014423076923077 0.31490384615384615 0.19230769230769232
0 0.6658653846153846 0.9519230769230769 0.11538461538461539 0.09134615384615384
0 0.6237980769230769 0.7235576923076923 0.15384615384615385 0.1658653846153846