0 0.22596153846153846 0.1814903846153846 0.0625 0.18509615384615385
0 0.05048076923076923 0.28125 0.10096153846153846 0.11057692307692307
0 0.6334134615384616 0.07692307692307693 0.2956730769230769 0.15384615384615385
0 0.027644230769230768 0.7668269230769231 0.055288461538461536 0.21153846153846154
0 0.03365384615384615 0.8425480769230769 0.0673076923076923 0.1466346153846154
0 0.17548076923076922 0.7271634615384616 0.16346153846153846 0.25240384615384615
0 0.17668269230769232 0.8341346153846154 0.15144230769230768 0.15625
0 0.9483173076923077 0.8870192307692307 0.0985576923076923 0.22115384615384615
0 0.9483173076923077 0.9567307692307693 0.0985576923076923 0.08173076923076923
0 0.7451923076923077 0.9723557692307693 0.21153846153846154 0.05048076923076923
0 0.7992788461538461 0.9206730769230769 0.2091346153846154 0.15384615384615385
0 0.39783653846153844 0.9122596153846154 0.125 0.12740384615384615