0 0.7271634615384616 0.5324519230769231 0.10576923076923077 0.11298076923076923
0 0.7091346153846154 0.43509615384615385 0.11778846153846154 0.125
0 0.6141826923076923 0.3954326923076923 0.07211538461538461 0.08173076923076923
0 0.6141826923076923 0.3112980769230769 0.055288461538461536 0.0625
0 0.5733173076923077 0.32572115384615385 0.057692307692307696 0.0625
0 0.421875 0.08653846153846154 0.036057692307692304 0.038461538461538464
0 0.5264423076923077 0.23798076923076922 0.06490384615384616 0.052884615384615384
0 0.8810096153846154 0.3737980769230769 0.22596153846153846 0.21634615384615385
0 0.5096153846153846 0.8305288461538461 0.0889423076923077 0.11538461538461539
0 0.45072115384615385 0.7103365384615384 0.0673076923076923 0.09615384615384616
0 0.5192307692307693 0.7115384615384616 0.10576923076923077 0.11778846153846154
0 0.41225961538461536 0.6346153846153846 0.026442307692307692 0.07211538461538461