0 0.1466346153846154 0.3389423076923077 0.23076923076923078 0.1971153846153846
0 0.052884615384615384 0.25721153846153844 0.10576923076923077 0.18269230769230768
0 0.0733173076923077 0.09014423076923077 0.1466346153846154 0.1466346153846154
0 0.203125 0.6838942307692307 0.0625 0.06009615384615385
0 0.3329326923076923 0.6129807692307693 0.04807692307692308 0.05048076923076923
0 0.12259615384615384 0.8040865384615384 0.08653846153846154 0.07692307692307693
0 0.3557692307692308 0.4855769230769231 0.028846153846153848 0.028846153846153848
0 0.2956730769230769 0.5973557692307693 0.04326923076923077 0.04326923076923077
0 0.23317307692307693 0.5865384615384616 0.04567307692307692 0.04567307692307692
0 0.3545673076923077 0.45072115384615385 0.026442307692307692 0.021634615384615384
0 0.1502403846153846 0.8485576923076923 0.11298076923076923 0.10817307692307693
0 0.33533653846153844 0.5300480769230769 0.038461538461538464 0.038461538461538464
0 0.171875 0.7235576923076923 0.0673076923076923 0.0625
0 0.38822115384615385 0.44711538461538464 0.021634615384615384 0.014423076923076924
0 0.5396634615384616 0.875 0.055288461538461536 0.1971153846153846
0 0.2692307692307692 0.5540865384615384 0.03125 0.03125
0 0.24759615384615385 0.5528846153846154 0.036057692307692304 0.03365384615384615
0 0.33653846153846156 0.4699519230769231 0.016826923076923076 0.019230769230769232
0 0.33533653846153844 0.4567307692307692 0.016826923076923076 0.019230769230769232
0 0.84375 0.8497596153846154 0.25 0.25
0 0.6502403846153846 0.6682692307692307 0.09615384615384616 0.08653846153846154
0 0.7668269230769231 0.7403846153846154 0.1346153846153846 0.1346153846153846
0 0.9266826923076923 0.6995192307692307 0.14182692307692307 0.16826923076923078
0 0.5889423076923077 0.7824519230769231 0.038461538461538464 0.10336538461538461
0 0.6117788461538461 0.71875 0.08413461538461539 0.10096153846153846
0 0.9543269230769231 0.8004807692307693 0.08653846153846154 0.21153846153846154