0 0.28846153846153844 0.4254807692307692 0.052884615384615384 0.06009615384615385
0 0.21754807692307693 0.38461538461538464 0.038461538461538464 0.040865384615384616
0 0.21634615384615385 0.4735576923076923 0.036057692307692304 0.028846153846153848
0 0.21875 0.5048076923076923 0.021634615384615384 0.021634615384615384
0 0.19951923076923078 0.5072115384615384 0.02403846153846154 0.021634615384615384
0 0.19471153846153846 0.5492788461538461 0.02403846153846154 0.02403846153846154
0 0.19951923076923078 0.6069711538461539 0.019230769230769232 0.019230769230769232
0 0.18509615384615385 0.6081730769230769 0.021634615384615384 0.021634615384615384
0 0.19471153846153846 0.6262019230769231 0.021634615384615384 0.021634615384615384
0 0.203125 0.6538461538461539 0.021634615384615384 0.019230769230769232
0 0.17908653846153846 0.6262019230769231 0.019230769230769232 0.019230769230769232
0 0.1971153846153846 0.6634615384615384 0.014423076923076924 0.014423076923076924
0 0.19110576923076922 0.6694711538461539 0.016826923076923076 0.014423076923076924
0 0.1814903846153846 0.6622596153846154 0.016826923076923076 0.014423076923076924
0 0.25721153846153844 0.22716346153846154 0.06971153846153846 0.07932692307692307
0 0.2247596153846154 0.16826923076923078 0.08173076923076923 0.09375
0 0.2920673076923077 0.042067307692307696 0.10336538461538461 0.08413461538461539
0 0.2620192307692308 0.013221153846153846 0.09615384615384616 0.026442307692307692
0 0.7235576923076923 0.6502403846153846 0.09134615384615384 0.05048076923076923
0 0.6899038461538461 0.6177884615384616 0.08413461538461539 0.07692307692307693
0 0.6670673076923077 0.5084134615384616 0.10336538461538461 0.0985576923076923
0 0.5985576923076923 0.3269230769230769 0.08413461538461539 0.07932692307692307
0 0.6310096153846154 0.43990384615384615 0.09375 0.09375
0 0.6117788461538461 0.49759615384615385 0.08653846153846154 0.08413461538461539
0 0.6298076923076923 0.5769230769230769 0.10817307692307693 0.09375
0 0.625 0.6346153846153846 0.06490384615384616 0.06009615384615385
0 0.6165865384615384 0.6598557692307693 0.055288461538461536 0.03125
0 0.7752403846153846 0.7620192307692307 0.44471153846153844 0.16826923076923078