0 0.23197115384615385 0.1814903846153846 0.10576923076923077 0.09375
0 0.04447115384615385 0.27524038461538464 0.052884615384615384 0.052884615384615384
0 0.7776442307692307 0.5024038461538461 0.11298076923076923 0.04807692307692308
0 0.9326923076923077 0.33413461538461536 0.12980769230769232 0.20673076923076922
0 0.0733173076923077 0.5853365384615384 0.0985576923076923 0.10817307692307693
0 0.010817307692307692 0.78125 0.021634615384615384 0.038461538461538464
0 0.03125 0.8112980769230769 0.0625 0.05048076923076923
0 0.07932692307692307 0.8762019230769231 0.019230769230769232 0.019230769230769232
0 0.19230769230769232 0.8858173076923077 0.02403846153846154 0.02403846153846154
0 0.13341346153846154 0.9014423076923077 0.019230769230769232 0.021634615384615384
0 0.07932692307692307 0.9242788461538461 0.009615384615384616 0.01201923076923077