0 0.039663461538461536 0.35216346153846156 0.0673076923076923 0.08413461538461539
0 0.47115384615384615 0.18990384615384615 0.040865384615384616 0.04807692307692308
0 0.7788461538461539 0.265625 0.0673076923076923 0.0625
0 0.9110576923076923 0.4026442307692308 0.0985576923076923 0.11057692307692307
0 0.5168269230769231 0.43509615384615385 0.08173076923076923 0.10096153846153846
0 0.5324519230769231 0.28725961538461536 0.0625 0.0673076923076923
0 0.6177884615384616 0.19591346153846154 0.038461538461538464 0.038461538461538464
0 0.4170673076923077 0.1310096153846154 0.026442307692307692 0.028846153846153848
0 0.43028846153846156 0.25841346153846156 0.04326923076923077 0.057692307692307696
0 0.45913461538461536 0.09134615384615384 0.02403846153846154 0.026442307692307692
0 0.4182692307692308 0.1971153846153846 0.03365384615384615 0.036057692307692304
0 0.4266826923076923 0.1045673076923077 0.028846153846153848 0.028846153846153848
0 0.46153846153846156 0.33653846153846156 0.08653846153846154 0.11778846153846154
0 0.6153846153846154 0.4050480769230769 0.08653846153846154 0.0985576923076923