0 0.5096153846153846 0.08774038461538461 0.028846153846153848 0.028846153846153848
0 0.33533653846153844 0.109375 0.04567307692307692 0.040865384615384616
0 0.5733173076923077 0.07211538461538461 0.02403846153846154 0.02403846153846154
0 0.4579326923076923 0.04567307692307692 0.02403846153846154 0.019230769230769232
0 0.5733173076923077 0.004807692307692308 0.021634615384615384 0.009615384615384616
0 0.042067307692307696 0.9435096153846154 0.08413461538461539 0.10817307692307693
0 0.038461538461538464 0.8713942307692307 0.07692307692307693 0.0985576923076923
0 0.14302884615384615 0.8689903846153846 0.10817307692307693 0.08653846153846154
0 0.14182692307692307 0.8088942307692307 0.10336538461538461 0.07451923076923077
0 0.29086538461538464 0.7956730769230769 0.11538461538461539 0.09615384615384616
0 0.2764423076923077 0.7524038461538461 0.07692307692307693 0.06490384615384616
0 0.359375 0.7151442307692307 0.07451923076923077 0.07451923076923077
0 0.4639423076923077 0.6742788461538461 0.04326923076923077 0.036057692307692304
0 0.5144230769230769 0.6550480769230769 0.038461538461538464 0.03125
0 0.5889423076923077 0.6466346153846154 0.03365384615384615 0.028846153846153848
0 0.6129807692307693 0.6153846153846154 0.028846153846153848 0.028846153846153848