0 0.9663461538461539 0.38100961538461536 0.0625 0.11778846153846154
0 0.010817307692307692 0.6742788461538461 0.021634615384615384 0.06490384615384616
0 0.7752403846153846 0.9314903846153846 0.036057692307692304 0.036057692307692304
0 0.6790865384615384 0.9014423076923077 0.040865384615384616 0.04567307692307692
0 0.7307692307692307 0.8990384615384616 0.03125 0.036057692307692304
0 0.6646634615384616 0.8653846153846154 0.04326923076923077 0.05048076923076923
0 0.7319711538461539 0.8810096153846154 0.026442307692307692 0.03365384615384615
0 0.7740384615384616 0.8762019230769231 0.055288461538461536 0.06009615384615385
0 0.7163461538461539 0.8485576923076923 0.04567307692307692 0.040865384615384616
0 0.6466346153846154 0.828125 0.057692307692307696 0.0625
0 0.7127403846153846 0.8269230769230769 0.06009615384615385 0.0625
0 0.7764423076923077 0.828125 0.06009615384615385 0.0673076923076923
0 0.8076923076923077 0.7379807692307693 0.11778846153846154 0.09615384615384616
0 0.9158653846153846 0.6887019230769231 0.15865384615384615 0.13942307692307693
0 0.7211538461538461 0.9879807692307693 0.028846153846153848 0.019230769230769232
0 0.6598557692307693 0.9735576923076923 0.028846153846153848 0.03365384615384615
0 0.7584134615384616 0.9891826923076923 0.021634615384615384 0.016826923076923076
0 0.7956730769230769 0.9915865384615384 0.02403846153846154 0.01201923076923077
0 0.7139423076923077 0.9759615384615384 0.03365384615384615 0.03365384615384615
0 0.7487980769230769 0.9831730769230769 0.021634615384615384 0.02403846153846154
0 0.7860576923076923 0.9699519230769231 0.026442307692307692 0.03365384615384615
0 0.7512019230769231 0.9519230769230769 0.021634615384615384 0.03125
0 0.6959134615384616 0.9278846153846154 0.03125 0.04326923076923077
0 0.734375 0.9266826923076923 0.036057692307692304 0.040865384615384616