0 0.19471153846153846 0.4266826923076923 0.08653846153846154 0.08413461538461539
0 0.4110576923076923 0.4723557692307692 0.052884615384615384 0.052884615384615384
0 0.4326923076923077 0.4855769230769231 0.0625 0.02403846153846154
0 0.44591346153846156 0.9134615384615384 0.04326923076923077 0.04326923076923077
0 0.4074519230769231 0.8557692307692307 0.026442307692307692 0.026442307692307692
0 0.4891826923076923 0.9735576923076923 0.06971153846153846 0.04807692307692308
0 0.3701923076923077 0.8040865384615384 0.038461538461538464 0.036057692307692304
0 0.35096153846153844 0.7692307692307693 0.040865384615384616 0.040865384615384616
0 0.32572115384615385 0.7403846153846154 0.028846153846153848 0.03125
0 0.1466346153846154 0.5576923076923077 0.028846153846153848 0.03125
0 0.11177884615384616 0.5673076923076923 0.028846153846153848 0.03125
0 0.24519230769230768 0.6430288461538461 0.026442307692307692 0.026442307692307692
0 0.23197115384615385 0.6298076923076923 0.02403846153846154 0.02403846153846154
0 0.25841346153846156 0.6538461538461539 0.02403846153846154 0.02403846153846154
0 0.671875 0.7211538461538461 0.24278846153846154 0.23076923076923078
0 0.7091346153846154 0.5757211538461539 0.32211538461538464 0.15144230769230768