0 0.49278846153846156 0.04326923076923077 0.11538461538461539 0.08653846153846154
0 0.5673076923076923 0.039663461538461536 0.019230769230769232 0.07932692307692307
0 0.5252403846153846 0.19831730769230768 0.08653846153846154 0.08173076923076923
0 0.5432692307692307 0.09735576923076923 0.0673076923076923 0.0985576923076923
0 0.5528846153846154 0.16105769230769232 0.04807692307692308 0.07211538461538461
0 0.5576923076923077 0.22596153846153846 0.038461538461538464 0.0625
0 0.5625 0.27163461538461536 0.028846153846153848 0.04807692307692308
0 0.5540865384615384 0.44471153846153844 0.026442307692307692 0.026442307692307692
0 0.5348557692307693 0.4254807692307692 0.026442307692307692 0.026442307692307692
0 0.4639423076923077 0.390625 0.055288461538461536 0.05048076923076923
0 0.6875 0.30528846153846156 0.0625 0.0625
0 0.6947115384615384 0.1201923076923077 0.07451923076923077 0.07692307692307693
0 0.7115384615384616 0.44471153846153844 0.038461538461538464 0.02403846153846154
0 0.6778846153846154 0.44591346153846156 0.038461538461538464 0.021634615384615384
0 0.22115384615384615 0.5180288461538461 0.20192307692307693 0.11778846153846154
0 0.12139423076923077 0.49278846153846156 0.21394230769230768 0.0673076923076923
0 0.359375 0.5661057692307693 0.12259615384615384 0.12740384615384615
0 0.28365384615384615 0.6670673076923077 0.10096153846153846 0.10336538461538461
0 0.1045673076923077 0.8257211538461539 0.12740384615384615 0.12259615384615384
0 0.8677884615384616 0.5697115384615384 0.08413461538461539 0.07932692307692307
0 0.7403846153846154 0.7451923076923077 0.10336538461538461 0.10817307692307693