0 0.41225961538461536 0.3713942307692308 0.1466346153846154 0.18990384615384615
0 0.9507211538461539 0.27163461538461536 0.040865384615384616 0.03365384615384615
0 0.828125 0.2776442307692308 0.04567307692307692 0.036057692307692304
0 0.8786057692307693 0.3473557692307692 0.021634615384615384 0.019230769230769232
0 0.9855769230769231 0.3125 0.02403846153846154 0.03365384615384615
0 0.9675480769230769 0.21033653846153846 0.055288461538461536 0.055288461538461536
0 0.8930288461538461 0.21514423076923078 0.055288461538461536 0.052884615384615384
0 0.7536057692307693 0.2283653846153846 0.06009615384615385 0.06009615384615385
0 0.8605769230769231 0.25240384615384615 0.08653846153846154 0.08173076923076923
0 0.5949519230769231 0.8449519230769231 0.21394230769230768 0.12740384615384615
0 0.6237980769230769 0.7475961538461539 0.24278846153846154 0.16826923076923078