0 0.15865384615384615 0.5396634615384616 0.016826923076923076 0.021634615384615384
0 0.052884615384615384 0.5192307692307693 0.01201923076923077 0.016826923076923076
0 0.10697115384615384 0.5 0.016826923076923076 0.016826923076923076
0 0.09134615384615384 0.49278846153846156 0.01201923076923077 0.01201923076923077
0 0.08052884615384616 0.4879807692307692 0.01201923076923077 0.01201923076923077
0 0.036057692307692304 0.49158653846153844 0.01201923076923077 0.01201923076923077
0 0.038461538461538464 0.4807692307692308 0.009615384615384616 0.009615384615384616
0 0.03365384615384615 0.4699519230769231 0.007211538461538462 0.009615384615384616
0 0.8353365384615384 0.6634615384615384 0.06971153846153846 0.0673076923076923
0 0.8064903846153846 0.6069711538461539 0.0625 0.07211538461538461
0 0.7728365384615384 0.5709134615384616 0.04807692307692308 0.05048076923076923
0 0.7475961538461539 0.5144230769230769 0.07451923076923077 0.08173076923076923
0 0.7235576923076923 0.4807692307692308 0.036057692307692304 0.03365384615384615