0 0.33413461538461536 0.5997596153846154 0.11778846153846154 0.11298076923076923
0 0.6550480769230769 0.5625 0.026442307692307692 0.026442307692307692
0 0.6550480769230769 0.6237980769230769 0.02403846153846154 0.021634615384615384
0 0.9567307692307693 0.37740384615384615 0.08173076923076923 0.11538461538461539
0 0.4855769230769231 0.7259615384615384 0.06971153846153846 0.07211538461538461
0 0.2512019230769231 0.9567307692307693 0.07211538461538461 0.07211538461538461
0 0.5132211538461539 0.8377403846153846 0.052884615384615384 0.052884615384615384
0 0.06850961538461539 0.7439903846153846 0.13701923076923078 0.13221153846153846
0 0.47836538461538464 0.8954326923076923 0.040865384615384616 0.04567307692307692
0 0.5048076923076923 0.8978365384615384 0.040865384615384616 0.040865384615384616
0 0.5048076923076923 0.9278846153846154 0.026442307692307692 0.026442307692307692
0 0.4891826923076923 0.9495192307692307 0.038461538461538464 0.040865384615384616
0 0.47475961538461536 0.8161057692307693 0.0625 0.06009615384615385
0 0.4495192307692308 0.7728365384615384 0.07692307692307693 0.07932692307692307