0 0.38100961538461536 0.34615384615384615 0.05048076923076923 0.057692307692307696
0 0.5 0.27283653846153844 0.07211538461538461 0.06971153846153846
0 0.41346153846153844 0.2439903846153846 0.009615384615384616 0.04567307692307692
0 0.3449519230769231 0.9314903846153846 0.12259615384615384 0.13221153846153846
0 0.20072115384615385 0.7716346153846154 0.1875 0.20432692307692307
0 0.11778846153846154 0.8305288461538461 0.10817307692307693 0.10576923076923077
0 0.2860576923076923 0.7908653846153846 0.0985576923076923 0.12259615384615384
0 0.2439903846153846 0.625 0.12740384615384615 0.13942307692307693
0 0.27163461538461536 0.6610576923076923 0.055288461538461536 0.057692307692307696
0 0.2800480769230769 0.5745192307692307 0.021634615384615384 0.036057692307692304
0 0.7872596153846154 0.5889423076923077 0.0673076923076923 0.06490384615384616
0 0.7163461538461539 0.7151442307692307 0.0985576923076923 0.09375
0 0.6971153846153846 0.6935096153846154 0.08173076923076923 0.07211538461538461
0 0.5949519230769231 0.7427884615384616 0.08653846153846154 0.07451923076923077
0 0.45552884615384615 0.9483173076923077 0.09375 0.0985576923076923
0 0.8461538461538461 0.5805288461538461 0.07692307692307693 0.06490384615384616