0 0.0625 0.2644230769230769 0.08173076923076923 0.08173076923076923
0 0.020432692307692308 0.27884615384615385 0.040865384615384616 0.0625
0 0.1141826923076923 0.23798076923076922 0.0673076923076923 0.06971153846153846
0 0.4495192307692308 0.14302884615384615 0.18028846153846154 0.18028846153846154
0 0.037259615384615384 0.23317307692307693 0.06009615384615385 0.0625
0 0.78125 0.29447115384615385 0.18269230769230768 0.06490384615384616
0 0.8137019230769231 0.20673076923076922 0.14423076923076922 0.14423076923076922
0 0.8353365384615384 0.09014423076923077 0.10817307692307693 0.10817307692307693
0 0.7584134615384616 0.13581730769230768 0.11057692307692307 0.11298076923076923
0 0.7259615384615384 0.1466346153846154 0.07211538461538461 0.10096153846153846
0 0.8425480769230769 0.028846153846153848 0.0889423076923077 0.057692307692307696
0 0.7776442307692307 0.06009615384615385 0.17548076923076922 0.1201923076923077
0 0.7415865384615384 0.08413461538461539 0.07211538461538461 0.07211538461538461
0 0.7271634615384616 0.04326923076923077 0.038461538461538464 0.038461538461538464
0 0.7091346153846154 0.1141826923076923 0.038461538461538464 0.08413461538461539
0 0.28125 0.4411057692307692 0.1346153846153846 0.1346153846153846
0 0.203125 0.41947115384615385 0.08173076923076923 0.08173076923076923
0 0.15144230769230768 0.43149038461538464 0.08413461538461539 0.08173076923076923
0 0.12139423076923077 0.421875 0.055288461538461536 0.055288461538461536
0 0.08653846153846154 0.36538461538461536 0.03125 0.03125
0 0.07451923076923077 0.47115384615384615 0.08173076923076923 0.07932692307692307
0 0.04447115384615385 0.42788461538461536 0.04567307692307692 0.04567307692307692
0 0.18389423076923078 0.5264423076923077 0.17307692307692307 0.1658653846153846
0 0.13221153846153846 0.5432692307692307 0.055288461538461536 0.05048076923076923
0 0.10336538461538461 0.5048076923076923 0.0625 0.0625
0 0.036057692307692304 0.40625 0.07211538461538461 0.08173076923076923
0 0.09735576923076923 0.4074519230769231 0.036057692307692304 0.038461538461538464
0 0.08774038461538461 0.3870192307692308 0.03365384615384615 0.03365384615384615