0 0.23197115384615385 0.04447115384615385 0.0889423076923077 0.0889423076923077
0 0.2644230769230769 0.030048076923076924 0.08173076923076923 0.06009615384615385
0 0.17668269230769232 0.4375 0.11778846153846154 0.07692307692307693
0 0.30649038461538464 0.4170673076923077 0.18990384615384615 0.11778846153846154
0 0.6009615384615384 0.052884615384615384 0.14903846153846154 0.10576923076923077
0 0.02403846153846154 0.6826923076923077 0.04807692307692308 0.125
0 0.08533653846153846 0.5697115384615384 0.09615384615384616 0.09615384615384616
0 0.12980769230769232 0.5168269230769231 0.10096153846153846 0.07692307692307693
0 0.037259615384615384 0.9507211538461539 0.07451923076923077 0.09375
0 0.22596153846153846 0.9591346153846154 0.14903846153846154 0.07692307692307693
0 0.8317307692307693 0.703125 0.07451923076923077 0.07451923076923077
0 0.8798076923076923 0.6875 0.07692307692307693 0.07692307692307693
0 0.8485576923076923 0.796875 0.0889423076923077 0.0889423076923077
0 0.8954326923076923 0.7536057692307693 0.10096153846153846 0.09615384615384616
0 0.9519230769230769 0.953125 0.09134615384615384 0.0889423076923077