0 0.9170673076923077 0.13221153846153846 0.05048076923076923 0.04807692307692308
0 0.8858173076923077 0.11899038461538461 0.038461538461538464 0.038461538461538464
0 0.9026442307692307 0.04326923076923077 0.03125 0.028846153846153848
0 0.9747596153846154 0.02283653846153846 0.04567307692307692 0.04567307692307692
0 0.9387019230769231 0.08533653846153846 0.038461538461538464 0.038461538461538464
0 0.8834134615384616 0.32091346153846156 0.06009615384615385 0.06009615384615385
0 0.7800480769230769 0.18870192307692307 0.03365384615384615 0.036057692307692304
0 0.8004807692307693 0.10697115384615384 0.055288461538461536 0.057692307692307696
0 0.7740384615384616 0.0673076923076923 0.02403846153846154 0.02403846153846154
0 0.7524038461538461 0.15745192307692307 0.05048076923076923 0.055288461538461536
0 0.8004807692307693 0.054086538461538464 0.021634615384615384 0.02403846153846154
0 0.875 0.036057692307692304 0.026442307692307692 0.028846153846153848
0 0.5252403846153846 0.5432692307692307 0.18990384615384615 0.14903846153846154
0 0.31971153846153844 0.5997596153846154 0.13701923076923078 0.13701923076923078
0 0.07451923076923077 0.8016826923076923 0.07692307692307693 0.07211538461538461
0 0.45552884615384615 0.6334134615384616 0.30288461538461536 0.28846153846153844
0 0.0733173076923077 0.71875 0.1201923076923077 0.11057692307692307
0 0.8112980769230769 0.8966346153846154 0.09134615384615384 0.09615384615384616
0 0.875 0.7536057692307693 0.09375 0.09615384615384616
0 0.8737980769230769 0.6538461538461539 0.07932692307692307 0.08173076923076923
0 0.8088942307692307 0.7319711538461539 0.07211538461538461 0.07211538461538461
0 0.8725961538461539 0.6141826923076923 0.0625 0.057692307692307696
0 0.8677884615384616 0.5144230769230769 0.04326923076923077 0.04567307692307692
0 0.8545673076923077 0.47836538461538464 0.04567307692307692 0.019230769230769232
0 0.8665865384615384 0.5673076923076923 0.057692307692307696 0.055288461538461536
0 0.8629807692307693 0.5420673076923077 0.040865384615384616 0.038461538461538464