0 0.38341346153846156 0.3545673076923077 0.019230769230769232 0.019230769230769232
0 0.4266826923076923 0.37259615384615385 0.016826923076923076 0.009615384615384616
0 0.4050480769230769 0.375 0.016826923076923076 0.004807692307692308
0 0.4855769230769231 0.375 0.019230769230769232 0.004807692307692308
0 0.3858173076923077 0.3713942307692308 0.014423076923076924 0.014423076923076924
0 0.7331730769230769 0.3485576923076923 0.04326923076923077 0.036057692307692304
0 0.8161057692307693 0.33413461538461536 0.05048076923076923 0.04567307692307692
0 0.9459134615384616 0.20793269230769232 0.06971153846153846 0.0625
0 0.8389423076923077 0.35697115384615385 0.052884615384615384 0.040865384615384616
0 0.6838942307692307 0.2439903846153846 0.17067307692307693 0.2668269230769231
0 0.39302884615384615 0.9278846153846154 0.13942307692307693 0.125
0 0.2283653846153846 0.5288461538461539 0.24759615384615385 0.25240384615384615
0 0.8545673076923077 0.9326923076923077 0.036057692307692304 0.038461538461538464
0 0.8137019230769231 0.9459134615384616 0.04567307692307692 0.055288461538461536
0 0.890625 0.9663461538461539 0.040865384615384616 0.04807692307692308
0 0.7620192307692307 0.9879807692307693 0.057692307692307696 0.019230769230769232
0 0.8798076923076923 0.9915865384615384 0.03365384615384615 0.01201923076923077
0 0.9543269230769231 0.9495192307692307 0.03125 0.038461538461538464
0 0.9314903846153846 0.9375 0.04567307692307692 0.06490384615384616
0 0.9134615384615384 0.984375 0.04326923076923077 0.026442307692307692