0 0.1310096153846154 0.13341346153846154 0.2620192307692308 0.2668269230769231
0 0.10216346153846154 0.2980769230769231 0.11778846153846154 0.07692307692307693
0 0.028846153846153848 0.25 0.057692307692307696 0.10576923076923077
0 0.013221153846153846 0.29447115384615385 0.026442307692307692 0.08413461538461539
0 0.546875 0.02283653846153846 0.036057692307692304 0.04567307692307692
0 0.6586538461538461 0.03125 0.0673076923076923 0.0625
0 0.30408653846153844 0.9879807692307693 0.0985576923076923 0.019230769230769232
0 0.22235576923076922 0.9867788461538461 0.07451923076923077 0.021634615384615384
0 0.16105769230769232 0.9795673076923077 0.0673076923076923 0.036057692307692304
0 0.08173076923076923 0.9711538461538461 0.13942307692307693 0.052884615384615384
0 0.8641826923076923 0.9735576923076923 0.11298076923076923 0.04807692307692308
0 0.5925480769230769 0.84375 0.08653846153846154 0.0889423076923077
0 0.5432692307692307 0.7884615384615384 0.028846153846153848 0.08173076923076923
0 0.6550480769230769 0.9795673076923077 0.06490384615384616 0.036057692307692304