0 0.17307692307692307 0.2403846153846154 0.21153846153846154 0.1778846153846154
0 0.8870192307692307 0.36658653846153844 0.05048076923076923 0.0673076923076923
0 0.7620192307692307 0.28725961538461536 0.09615384615384616 0.07451923076923077
0 0.7608173076923077 0.08533653846153846 0.09134615384615384 0.12740384615384615
0 0.8509615384615384 0.20793269230769232 0.0673076923076923 0.08173076923076923
0 0.9242788461538461 0.38822115384615385 0.04567307692307692 0.07451923076923077
0 0.1310096153846154 0.9362980769230769 0.2620192307692308 0.12259615384615384
0 0.3137019230769231 0.5480769230769231 0.08413461538461539 0.07451923076923077
0 0.3762019230769231 0.49399038461538464 0.07932692307692307 0.07451923076923077
0 0.15865384615384615 0.7728365384615384 0.3173076923076923 0.3629807692307692
0 0.3894230769230769 0.7223557692307693 0.052884615384615384 0.1658653846153846
0 0.3016826923076923 0.765625 0.05048076923076923 0.09375
0 0.21634615384615385 0.5625 0.15865384615384615 0.052884615384615384
0 0.35096153846153844 0.6622596153846154 0.0673076923076923 0.09375
0 0.3786057692307692 0.6129807692307693 0.07451923076923077 0.057692307692307696
0 0.39302884615384615 0.578125 0.04567307692307692 0.07451923076923077
0 0.6177884615384616 0.9146634615384616 0.21634615384615385 0.1658653846153846
0 0.7920673076923077 0.5925480769230769 0.14182692307692307 0.16346153846153846
0 0.8197115384615384 0.8209134615384616 0.14182692307692307 0.18269230769230768
0 0.8533653846153846 0.9627403846153846 0.10096153846153846 0.06971153846153846
0 0.9254807692307693 0.7536057692307693 0.11298076923076923 0.1778846153846154
0 0.9483173076923077 0.78125 0.0985576923076923 0.25
0 0.9927884615384616 0.8870192307692307 0.009615384615384616 0.038461538461538464