0 0.17548076923076922 0.19230769230769232 0.038461538461538464 0.036057692307692304
0 0.14903846153846154 0.22355769230769232 0.03365384615384615 0.03365384615384615
0 0.16706730769230768 0.27283653846153844 0.03365384615384615 0.03365384615384615
0 0.12740384615384615 0.16346153846153846 0.04807692307692308 0.04807692307692308
0 0.10817307692307693 0.31490384615384615 0.028846153846153848 0.02403846153846154
0 0.25721153846153844 0.7740384615384616 0.04567307692307692 0.04807692307692308
0 0.296875 0.8028846153846154 0.055288461538461536 0.057692307692307696
0 0.21394230769230768 0.7331730769230769 0.06971153846153846 0.06971153846153846
0 0.21634615384615385 0.6887019230769231 0.06971153846153846 0.06971153846153846
0 0.27163461538461536 0.7127403846153846 0.06971153846153846 0.06971153846153846
0 0.32572115384615385 0.7475961538461539 0.06971153846153846 0.07211538461538461
0 0.015625 0.36658653846153844 0.03125 0.07451923076923077
0 0.23076923076923078 0.96875 0.014423076923076924 0.014423076923076924
0 0.21634615384615385 0.9567307692307693 0.014423076923076924 0.014423076923076924
0 0.22596153846153846 0.9567307692307693 0.016826923076923076 0.016826923076923076
0 0.20192307692307693 0.9278846153846154 0.019230769230769232 0.019230769230769232
0 0.25 0.9651442307692307 0.01201923076923077 0.01201923076923077
0 0.22235576923076922 0.9423076923076923 0.014423076923076924 0.014423076923076924
0 0.24519230769230768 0.9567307692307693 0.016826923076923076 0.016826923076923076
0 0.2608173076923077 0.9639423076923077 0.014423076923076924 0.014423076923076924
0 0.2439903846153846 0.9423076923076923 0.014423076923076924 0.014423076923076924
0 0.25961538461538464 0.953125 0.02403846153846154 0.02403846153846154
0 0.20552884615384615 0.9050480769230769 0.026442307692307692 0.026442307692307692
0 0.24278846153846154 0.9290865384615384 0.02403846153846154 0.02403846153846154
0 0.2608173076923077 0.9423076923076923 0.026442307692307692 0.026442307692307692
0 0.1778846153846154 0.8725961538461539 0.03125 0.03125
0 0.22355769230769232 0.8930288461538461 0.03125 0.03125
0 0.20552884615384615 0.8774038461538461 0.026442307692307692 0.026442307692307692
0 0.265625 0.921875 0.019230769230769232 0.019230769230769232
0 0.19230769230769232 0.8425480769230769 0.026442307692307692 0.026442307692307692
0 0.26802884615384615 0.9002403846153846 0.03125 0.03125
0 0.21875 0.8581730769230769 0.026442307692307692 0.026442307692307692
0 0.24519230769230768 0.8786057692307693 0.03365384615384615 0.03365384615384615
0 0.21514423076923078 0.8413461538461539 0.02403846153846154 0.02403846153846154
0 0.27403846153846156 0.8786057692307693 0.036057692307692304 0.036057692307692304
0 0.22115384615384615 0.8293269230769231 0.026442307692307692 0.026442307692307692
0 0.21634615384615385 0.8125 0.03365384615384615 0.03365384615384615
0 0.21514423076923078 0.7944711538461539 0.04326923076923077 0.04326923076923077
0 0.2848557692307692 0.8425480769230769 0.04567307692307692 0.04807692307692308
0 0.21394230769230768 0.7680288461538461 0.052884615384615384 0.055288461538461536
0 0.40865384615384615 0.9771634615384616 0.08173076923076923 0.040865384615384616
0 0.5144230769230769 0.5492788461538461 0.2283653846153846 0.23076923076923078