0 0.4891826923076923 0.10216346153846154 0.06490384615384616 0.07211538461538461
0 0.5132211538461539 0.056490384615384616 0.0625 0.07211538461538461
0 0.5276442307692307 0.21514423076923078 0.04326923076923077 0.05048076923076923
0 0.19591346153846154 0.8689903846153846 0.17067307692307693 0.16826923076923078
0 0.5384615384615384 0.6538461538461539 0.07451923076923077 0.07932692307692307
0 0.1971153846153846 0.7644230769230769 0.1658653846153846 0.1658653846153846
0 0.39783653846153844 0.6033653846153846 0.12259615384615384 0.125
0 0.47596153846153844 0.5288461538461539 0.10336538461538461 0.0985576923076923
0 0.5444711538461539 0.4639423076923077 0.08413461538461539 0.08653846153846154
0 0.359375 0.7295673076923077 0.11057692307692307 0.11538461538461539
0 0.4074519230769231 0.7752403846153846 0.10096153846153846 0.11298076923076923
0 0.359375 0.8966346153846154 0.12980769230769232 0.14423076923076922
0 0.96875 0.7043269230769231 0.040865384615384616 0.040865384615384616
0 0.9567307692307693 0.7668269230769231 0.05048076923076923 0.04326923076923077
0 0.7788461538461539 0.39903846153846156 0.12980769230769232 0.0625
0 0.6502403846153846 0.8185096153846154 0.12259615384615384 0.2091346153846154
0 0.9711538461538461 0.6490384615384616 0.052884615384615384 0.07692307692307693
0 0.9831730769230769 0.7596153846153846 0.028846153846153848 0.038461538461538464
0 0.9927884615384616 0.7487980769230769 0.009615384615384616 0.04567307692307692