0 0.2283653846153846 0.07091346153846154 0.05048076923076923 0.052884615384615384
0 0.07091346153846154 0.026442307692307692 0.036057692307692304 0.03365384615384615
0 0.018028846153846152 0.14423076923076922 0.036057692307692304 0.057692307692307696
0 0.1935096153846154 0.02283653846153846 0.055288461538461536 0.04567307692307692
0 0.010817307692307692 0.013221153846153846 0.021634615384615384 0.026442307692307692
0 0.056490384615384616 0.013221153846153846 0.040865384615384616 0.026442307692307692
0 0.6069711538461539 0.1814903846153846 0.036057692307692304 0.10336538461538461
0 0.6574519230769231 0.013221153846153846 0.040865384615384616 0.026442307692307692
0 0.5949519230769231 0.01201923076923077 0.01201923076923077 0.02403846153846154
0 0.8401442307692307 0.40865384615384615 0.31490384615384615 0.3173076923076923
0 0.22235576923076922 0.6923076923076923 0.06971153846153846 0.0625
0 0.5552884615384616 0.9134615384615384 0.0625 0.16826923076923078
0 0.019230769230769232 0.6754807692307693 0.036057692307692304 0.036057692307692304