0 0.20432692307692307 0.025240384615384616 0.09134615384615384 0.05048076923076923
0 0.28725961538461536 0.2668269230769231 0.0673076923076923 0.09134615384615384
0 0.3798076923076923 0.9362980769230769 0.052884615384615384 0.0889423076923077
0 0.38461538461538464 0.5264423076923077 0.04326923076923077 0.09134615384615384
0 0.35336538461538464 0.7259615384615384 0.09615384615384616 0.0985576923076923
0 0.37740384615384615 0.8341346153846154 0.057692307692307696 0.09615384615384616
0 0.38100961538461536 0.4855769230769231 0.05048076923076923 0.07211538461538461
0 0.35697115384615385 0.4807692307692308 0.0985576923076923 0.22596153846153846
0 0.6009615384615384 0.5408653846153846 0.24519230769230768 0.2620192307692308
0 0.7956730769230769 0.6286057692307693 0.12259615384615384 0.08653846153846154
0 0.8076923076923077 0.6826923076923077 0.06490384615384616 0.0625
0 0.7319711538461539 0.6105769230769231 0.07692307692307693 0.06009615384615385
0 0.8052884615384616 0.5504807692307693 0.040865384615384616 0.038461538461538464
0 0.8545673076923077 0.7019230769230769 0.052884615384615384 0.04567307692307692
0 0.8473557692307693 0.6478365384615384 0.055288461538461536 0.05048076923076923
0 0.8641826923076923 0.6201923076923077 0.03125 0.03125
0 0.9050480769230769 0.6286057692307693 0.03365384615384615 0.026442307692307692
0 0.8858173076923077 0.5985576923076923 0.026442307692307692 0.028846153846153848
0 0.8713942307692307 0.5612980769230769 0.036057692307692304 0.03125
0 0.9230769230769231 0.5841346153846154 0.02403846153846154 0.019230769230769232
0 0.9074519230769231 0.5721153846153846 0.02403846153846154 0.019230769230769232
0 0.8978365384615384 0.5480769230769231 0.038461538461538464 0.038461538461538464
0 0.828125 0.7439903846153846 0.052884615384615384 0.04807692307692308
0 0.9146634615384616 0.5384615384615384 0.021634615384615384 0.02403846153846154
0 0.9326923076923077 0.5348557692307693 0.019230769230769232 0.021634615384615384
0 0.9290865384615384 0.5120192307692307 0.019230769230769232 0.019230769230769232