0 0.49759615384615385 0.26802884615384615 0.07692307692307693 0.07932692307692307
0 0.484375 0.36658653846153844 0.05048076923076923 0.06009615384615385
0 0.546875 0.421875 0.057692307692307696 0.052884615384615384
0 0.6213942307692307 0.4519230769230769 0.055288461538461536 0.009615384615384616
0 0.328125 0.9158653846153846 0.15144230769230768 0.16346153846153846
0 0.22596153846153846 0.8737980769230769 0.1466346153846154 0.15144230769230768
0 0.1346153846153846 0.9459134615384616 0.052884615384615384 0.05048076923076923
0 0.8064903846153846 0.7355769230769231 0.09615384615384616 0.09375
0 0.6358173076923077 0.6875 0.08653846153846154 0.08173076923076923
0 0.6286057692307693 0.7307692307692307 0.0625 0.06009615384615385
0 0.5132211538461539 0.7055288461538461 0.05048076923076923 0.05048076923076923
0 0.47475961538461536 0.7283653846153846 0.03125 0.03365384615384615