0 0.7043269230769231 0.33653846153846156 0.09375 0.0985576923076923
0 0.5949519230769231 0.22355769230769232 0.0985576923076923 0.0985576923076923
0 0.5036057692307693 0.1875 0.08173076923076923 0.08413461538461539
0 0.5516826923076923 0.2764423076923077 0.07451923076923077 0.07451923076923077
0 0.4651442307692308 0.17307692307692307 0.0625 0.0625
0 0.4387019230769231 0.1622596153846154 0.021634615384615384 0.06009615384615385
0 0.0829326923076923 0.9519230769230769 0.12259615384615384 0.09134615384615384
0 0.06129807692307692 0.9014423076923077 0.12259615384615384 0.125
0 0.5697115384615384 0.7896634615384616 0.0625 0.06490384615384616
0 0.5132211538461539 0.7319711538461539 0.07932692307692307 0.07932692307692307
0 0.46153846153846156 0.7043269230769231 0.0625 0.0625
0 0.43509615384615385 0.6706730769230769 0.014423076923076924 0.057692307692307696
0 0.5264423076923077 0.7644230769230769 0.057692307692307696 0.057692307692307696