0 0.40024038461538464 0.014423076923076924 0.09375 0.028846153846153848
0 0.359375 0.20793269230769232 0.0889423076923077 0.0889423076923077
0 0.21754807692307693 0.10576923076923077 0.08413461538461539 0.08173076923076923
0 0.9675480769230769 0.5552884615384616 0.06009615384615385 0.0625
0 0.7451923076923077 0.15504807692307693 0.17067307692307693 0.17548076923076922
0 0.9158653846153846 0.5721153846153846 0.15384615384615385 0.028846153846153848
0 0.9399038461538461 0.36778846153846156 0.11538461538461539 0.1346153846153846
0 0.8269230769230769 0.13701923076923078 0.15144230769230768 0.15384615384615385
0 0.9194711538461539 0.23557692307692307 0.1466346153846154 0.15144230769230768
0 0.8834134615384616 0.09014423076923077 0.14182692307692307 0.1466346153846154
0 0.7319711538461539 0.03125 0.12740384615384615 0.0625
0 0.8052884615384616 0.028846153846153848 0.1201923076923077 0.057692307692307696
0 0.8581730769230769 0.014423076923076924 0.10576923076923077 0.028846153846153848
0 0.7548076923076923 0.36658653846153844 0.2620192307692308 0.2620192307692308
0 0.8725961538461539 0.31971153846153844 0.19951923076923078 0.20432692307692307