0 0.15144230769230768 0.34375 0.125 0.10576923076923077
0 0.9278846153846154 0.0829326923076923 0.06490384615384616 0.07692307692307693
0 0.9459134615384616 0.039663461538461536 0.07932692307692307 0.07932692307692307
0 0.9651442307692307 0.016826923076923076 0.06971153846153846 0.03365384615384615
0 0.9759615384615384 0.006009615384615385 0.04326923076923077 0.01201923076923077
0 0.9362980769230769 0.15625 0.055288461538461536 0.057692307692307696
0 0.9699519230769231 0.09134615384615384 0.055288461538461536 0.0673076923076923
0 0.984375 0.057692307692307696 0.026442307692307692 0.0673076923076923
0 0.9735576923076923 0.14543269230769232 0.04807692307692308 0.06490384615384616
0 0.9807692307692307 0.18389423076923078 0.03365384615384615 0.040865384615384616
0 0.9867788461538461 0.21514423076923078 0.021634615384615384 0.040865384615384616
0 0.9891826923076923 0.24639423076923078 0.016826923076923076 0.036057692307692304
0 0.9867788461538461 0.36778846153846156 0.021634615384615384 0.057692307692307696
0 0.9927884615384616 0.29927884615384615 0.009615384615384616 0.036057692307692304
0 0.9519230769230769 0.4495192307692308 0.07692307692307693 0.07451923076923077
0 0.5552884615384616 0.546875 0.3605769230769231 0.2956730769230769
0 0.5817307692307693 0.7668269230769231 0.25961538461538464 0.23317307692307693
0 0.8197115384615384 0.4387019230769231 0.14423076923076922 0.07932692307692307