0 0.8161057692307693 0.32211538461538464 0.09134615384615384 0.08413461538461539
0 0.1971153846153846 0.8617788461538461 0.0985576923076923 0.11298076923076923
0 0.3954326923076923 0.8076923076923077 0.08413461538461539 0.11057692307692307
0 0.2776442307692308 0.8305288461538461 0.0985576923076923 0.1201923076923077
0 0.24879807692307693 0.9819711538461539 0.06490384615384616 0.03125
0 0.6274038461538461 0.7596153846153846 0.038461538461538464 0.20673076923076922
0 0.44711538461538464 0.9038461538461539 0.057692307692307696 0.07451923076923077
0 0.26802884615384615 0.9314903846153846 0.0625 0.0673076923076923
0 0.3161057692307692 0.9699519230769231 0.06009615384615385 0.055288461538461536
0 0.04447115384615385 0.6358173076923077 0.0889423076923077 0.2283653846153846
0 0.05048076923076923 0.7463942307692307 0.10096153846153846 0.13221153846153846
0 0.5540865384615384 0.47836538461538464 0.18509615384615385 0.14423076923076922
0 0.17067307692307693 0.9867788461538461 0.07692307692307693 0.021634615384615384
0 0.8425480769230769 0.8966346153846154 0.25240384615384615 0.20192307692307693