0 0.4579326923076923 0.06129807692307692 0.16105769230769232 0.12259615384615384
0 0.4230769230769231 0.28125 0.11298076923076923 0.1201923076923077
0 0.4807692307692308 0.203125 0.11778846153846154 0.12980769230769232
0 0.4026442307692308 0.14182692307692307 0.16826923076923078 0.17307692307692307
0 0.43990384615384615 0.38822115384615385 0.09134615384615384 0.09615384615384616
0 0.48197115384615385 0.4387019230769231 0.07211538461538461 0.08173076923076923
0 0.4495192307692308 0.46153846153846156 0.07451923076923077 0.07211538461538461
0 0.4795673076923077 0.3545673076923077 0.0889423076923077 0.09134615384615384
0 0.4963942307692308 0.5685096153846154 0.055288461538461536 0.055288461538461536
0 0.8737980769230769 0.5168269230769231 0.040865384615384616 0.040865384615384616
0 0.7475961538461539 0.21033653846153846 0.10576923076923077 0.11057692307692307
0 0.8725961538461539 0.1622596153846154 0.0985576923076923 0.10096153846153846
0 0.8629807692307693 0.26802884615384615 0.20432692307692307 0.20192307692307693
0 0.9302884615384616 0.5576923076923077 0.04326923076923077 0.040865384615384616
0 0.9519230769230769 0.4831730769230769 0.08413461538461539 0.09134615384615384
0 0.8473557692307693 0.44711538461538464 0.06490384615384616 0.0625
0 0.9074519230769231 0.45913461538461536 0.055288461538461536 0.06009615384615385
0 0.3473557692307692 0.6418269230769231 0.06490384615384616 0.06009615384615385
0 0.42788461538461536 0.7271634615384616 0.04326923076923077 0.040865384615384616
0 0.484375 0.7019230769230769 0.03365384615384615 0.03365384615384615
0 0.16346153846153846 0.9086538461538461 0.08173076923076923 0.08653846153846154
0 0.4411057692307692 0.6826923076923077 0.052884615384615384 0.04807692307692308
0 0.44591346153846156 0.8100961538461539 0.026442307692307692 0.026442307692307692
0 0.5288461538461539 0.7283653846153846 0.040865384615384616 0.038461538461538464
0 0.5757211538461539 0.6742788461538461 0.021634615384615384 0.019230769230769232
0 0.5036057692307693 0.6610576923076923 0.028846153846153848 0.03125
0 0.5204326923076923 0.6670673076923077 0.02403846153846154 0.028846153846153848