0 0.3918269230769231 0.1502403846153846 0.11298076923076923 0.08413461538461539
0 0.28846153846153844 0.11057692307692307 0.11538461538461539 0.07692307692307693
0 0.05048076923076923 0.019230769230769232 0.10096153846153846 0.038461538461538464
0 0.8485576923076923 0.10096153846153846 0.019230769230769232 0.021634615384615384
0 0.8112980769230769 0.12620192307692307 0.021634615384615384 0.021634615384615384
0 0.7908653846153846 0.11057692307692307 0.016826923076923076 0.016826923076923076
0 0.7716346153846154 0.0889423076923077 0.016826923076923076 0.019230769230769232
0 0.7319711538461539 0.09375 0.019230769230769232 0.016826923076923076
0 0.8377403846153846 0.08173076923076923 0.021634615384615384 0.021634615384615384
0 0.7896634615384616 0.07572115384615384 0.019230769230769232 0.016826923076923076
0 0.8161057692307693 0.07692307692307693 0.016826923076923076 0.014423076923076924
0 0.5348557692307693 0.3629807692307692 0.021634615384615384 0.028846153846153848
0 0.41346153846153844 0.36658653846153844 0.057692307692307696 0.036057692307692304
0 0.8209134615384616 0.4651442307692308 0.07211538461538461 0.07211538461538461