0 0.41466346153846156 0.009615384615384616 0.040865384615384616 0.019230769230769232
0 0.45072115384615385 0.2247596153846154 0.08653846153846154 0.08653846153846154
0 0.3942307692307692 0.109375 0.0673076923076923 0.06971153846153846
0 0.5120192307692307 0.5372596153846154 0.10576923076923077 0.12259615384615384
0 0.4254807692307692 0.0733173076923077 0.06009615384615385 0.0673076923076923
0 0.45552884615384615 0.07692307692307693 0.038461538461538464 0.040865384615384616
0 0.9675480769230769 0.4855769230769231 0.06009615384615385 0.20192307692307693
0 0.9459134615384616 0.2644230769230769 0.10336538461538461 0.14423076923076922
0 0.5084134615384616 0.7139423076923077 0.07451923076923077 0.07932692307692307
0 0.4963942307692308 0.8209134615384616 0.08653846153846154 0.09375
0 0.5096153846153846 0.9483173076923077 0.10576923076923077 0.0985576923076923