0 0.3954326923076923 0.040865384615384616 0.10817307692307693 0.08173076923076923
0 0.33052884615384615 0.21634615384615385 0.16346153846153846 0.15384615384615385
0 0.4098557692307692 0.2091346153846154 0.15865384615384615 0.1466346153846154
0 0.23798076923076922 0.3858173076923077 0.1346153846153846 0.12259615384615384
0 0.3088942307692308 0.375 0.11298076923076923 0.10576923076923077
0 0.5853365384615384 0.18990384615384615 0.07451923076923077 0.3798076923076923
0 0.6502403846153846 0.26802884615384615 0.19230769230769232 0.20432692307692307
0 0.7956730769230769 0.3317307692307692 0.15865384615384615 0.1658653846153846
0 0.10096153846153846 0.6298076923076923 0.20192307692307693 0.3605769230769231
0 0.22956730769230768 0.6983173076923077 0.19230769230769232 0.20432692307692307
0 0.375 0.7620192307692307 0.15865384615384615 0.1658653846153846
0 0.9735576923076923 0.6682692307692307 0.04807692307692308 0.10096153846153846
0 0.7956730769230769 0.7764423076923077 0.12259615384615384 0.10096153846153846