0 0.34134615384615385 0.3701923076923077 0.14423076923076922 0.15384615384615385
0 0.18269230769230768 0.15144230769230768 0.1201923076923077 0.12259615384615384
0 0.10576923076923077 0.07932692307692307 0.08653846153846154 0.09134615384615384
0 0.31971153846153844 0.26322115384615385 0.15144230769230768 0.17067307692307693
0 0.5060096153846154 0.4110576923076923 0.14182692307692307 0.07211538461538461
0 0.6213942307692307 0.3473557692307692 0.08413461538461539 0.1466346153846154
0 0.7271634615384616 0.18870192307692307 0.14903846153846154 0.10336538461538461
0 0.6802884615384616 0.33052884615384615 0.15144230769230768 0.16346153846153846
0 0.6706730769230769 0.03365384615384615 0.15865384615384615 0.0673076923076923
0 0.48197115384615385 0.8870192307692307 0.18990384615384615 0.22115384615384615
0 0.08533653846153846 0.8040865384615384 0.08173076923076923 0.08413461538461539
0 0.09615384615384616 0.7079326923076923 0.10336538461538461 0.09375
0 0.6550480769230769 0.5865384615384616 0.15144230769230768 0.1875
0 0.6634615384615384 0.8161057692307693 0.1201923076923077 0.13221153846153846