0 0.49038461538461536 0.14903846153846154 0.036057692307692304 0.038461538461538464
0 0.42908653846153844 0.04567307692307692 0.04807692307692308 0.04567307692307692
0 0.4831730769230769 0.036057692307692304 0.04567307692307692 0.036057692307692304
0 0.47115384615384615 0.10336538461538461 0.028846153846153848 0.03365384615384615
0 0.5288461538461539 0.02283653846153846 0.03125 0.03365384615384615
0 0.5300480769230769 0.0733173076923077 0.03125 0.026442307692307692
0 0.5504807692307693 0.0625 0.03125 0.028846153846153848
0 0.5625 0.10216346153846154 0.03365384615384615 0.028846153846153848
0 0.5216346153846154 0.12740384615384615 0.03365384615384615 0.03365384615384615
0 0.5444711538461539 0.1141826923076923 0.02403846153846154 0.021634615384615384
0 0.5264423076923077 0.18990384615384615 0.1201923076923077 0.09615384615384616
0 0.5060096153846154 0.09134615384615384 0.04807692307692308 0.040865384615384616
0 0.5084134615384616 0.028846153846153848 0.028846153846153848 0.028846153846153848
0 0.9879807692307693 0.09495192307692307 0.019230769230769232 0.040865384615384616
0 0.5300480769230769 0.7259615384615384 0.02403846153846154 0.026442307692307692
0 0.45913461538461536 0.7776442307692307 0.04567307692307692 0.040865384615384616
0 0.5552884615384616 0.8725961538461539 0.0625 0.0673076923076923
0 0.5673076923076923 0.78125 0.016826923076923076 0.019230769230769232
0 0.3389423076923077 0.8581730769230769 0.06971153846153846 0.052884615384615384
0 0.5793269230769231 0.7548076923076923 0.014423076923076924 0.019230769230769232
0 0.5793269230769231 0.7091346153846154 0.016826923076923076 0.016826923076923076
0 0.5685096153846154 0.8329326923076923 0.016826923076923076 0.02403846153846154
0 0.9086538461538461 0.9110576923076923 0.028846153846153848 0.02403846153846154
0 0.7355769230769231 0.7584134615384616 0.0889423076923077 0.055288461538461536
0 0.9435096153846154 0.8449519230769231 0.019230769230769232 0.019230769230769232
0 0.9723557692307693 0.7139423076923077 0.009615384615384616 0.009615384615384616
0 0.9675480769230769 0.7415865384615384 0.014423076923076924 0.01201923076923077
0 0.9831730769230769 0.7055288461538461 0.009615384615384616 0.007211538461538462
0 0.9951923076923077 0.6887019230769231 0.004807692307692308 0.007211538461538462