0 0.46274038461538464 0.15504807692307693 0.026442307692307692 0.07451923076923077
0 0.4206730769230769 0.22956730769230768 0.07211538461538461 0.07692307692307693
0 0.40865384615384615 0.30528846153846156 0.0625 0.06490384615384616
0 0.3870192307692308 0.4014423076923077 0.05048076923076923 0.05048076923076923
0 0.39663461538461536 0.3545673076923077 0.055288461538461536 0.055288461538461536
0 0.3629807692307692 0.48197115384615385 0.03125 0.03365384615384615
0 0.3737980769230769 0.4375 0.03125 0.03365384615384615
0 0.375 0.5216346153846154 0.052884615384615384 0.04807692307692308
0 0.9855769230769231 0.39783653846153844 0.02403846153846154 0.10817307692307693
0 0.65625 0.1778846153846154 0.2692307692307692 0.3076923076923077
0 0.9603365384615384 0.4879807692307692 0.07451923076923077 0.11057692307692307
0 0.6466346153846154 0.9627403846153846 0.10576923076923077 0.06971153846153846
0 0.5600961538461539 0.7091346153846154 0.16346153846153846 0.1778846153846154