0 0.019230769230769232 0.546875 0.038461538461538464 0.06490384615384616
0 0.026442307692307692 0.6237980769230769 0.052884615384615384 0.07451923076923077
0 0.0733173076923077 0.5877403846153846 0.08173076923076923 0.07692307692307693
0 0.1622596153846154 0.5516826923076923 0.12259615384615384 0.11298076923076923
0 0.21394230769230768 0.6730769230769231 0.125 0.10817307692307693
0 0.0829326923076923 0.8016826923076923 0.1346153846153846 0.12980769230769232
0 0.37259615384615385 0.6514423076923077 0.04807692307692308 0.07211538461538461
0 0.34134615384615385 0.7608173076923077 0.11057692307692307 0.12259615384615384
0 0.9699519230769231 0.6670673076923077 0.055288461538461536 0.06490384615384616
0 0.6490384615384616 0.5432692307692307 0.03125 0.03125
0 0.7644230769230769 0.6105769230769231 0.057692307692307696 0.06009615384615385
0 0.6586538461538461 0.5048076923076923 0.03125 0.03125
0 0.7572115384615384 0.5396634615384616 0.036057692307692304 0.03365384615384615
0 0.7836538461538461 0.5324519230769231 0.021634615384615384 0.026442307692307692
0 0.6454326923076923 0.6033653846153846 0.04567307692307692 0.04567307692307692
0 0.6862980769230769 0.4543269230769231 0.021634615384615384 0.021634615384615384
0 0.5793269230769231 0.6009615384615384 0.052884615384615384 0.04807692307692308
0 0.7127403846153846 0.48197115384615385 0.021634615384615384 0.021634615384615384
0 0.6622596153846154 0.4567307692307692 0.021634615384615384 0.021634615384615384
0 0.5396634615384616 0.484375 0.02403846153846154 0.03365384615384615
0 0.6081730769230769 0.5600961538461539 0.036057692307692304 0.040865384615384616
0 0.5853365384615384 0.53125 0.02403846153846154 0.026442307692307692
0 0.578125 0.4891826923076923 0.04326923076923077 0.0673076923076923
0 0.4230769230769231 0.7632211538461539 0.04807692307692308 0.08413461538461539
0 0.6478365384615384 0.4375 0.009615384615384616 0.01201923076923077
0 0.5552884615384616 0.5625 0.040865384615384616 0.055288461538461536
0 0.6033653846153846 0.5348557692307693 0.02403846153846154 0.036057692307692304
0 0.6694711538461539 0.42788461538461536 0.021634615384615384 0.021634615384615384