0 0.27884615384615385 0.026442307692307692 0.08173076923076923 0.052884615384615384
0 0.21394230769230768 0.41586538461538464 0.12980769230769232 0.0625
0 0.296875 0.2860576923076923 0.10096153846153846 0.11778846153846154
0 0.31850961538461536 0.1658653846153846 0.055288461538461536 0.09134615384615384
0 0.8401442307692307 0.010817307692307692 0.04567307692307692 0.021634615384615384
0 0.8389423076923077 0.08533653846153846 0.04807692307692308 0.06490384615384616
0 0.8786057692307693 0.15264423076923078 0.04807692307692308 0.05048076923076923
0 0.9242788461538461 0.2403846153846154 0.036057692307692304 0.040865384615384616
0 0.9014423076923077 0.1971153846153846 0.040865384615384616 0.04326923076923077
0 0.9567307692307693 0.3173076923076923 0.021634615384615384 0.03125
0 0.9362980769230769 0.2764423076923077 0.021634615384615384 0.03125
0 0.9867788461538461 0.34375 0.021634615384615384 0.052884615384615384
0 0.05889423076923077 0.5168269230769231 0.07932692307692307 0.07932692307692307
0 0.05048076923076923 0.46634615384615385 0.0673076923076923 0.03365384615384615
0 0.09495192307692307 0.4579326923076923 0.06490384615384616 0.016826923076923076
0 0.10216346153846154 0.5625 0.06490384615384616 0.055288461538461536
0 0.13942307692307693 0.5949519230769231 0.055288461538461536 0.04807692307692308
0 0.15144230769230768 0.46875 0.08653846153846154 0.038461538461538464
0 0.15745192307692307 0.5048076923076923 0.057692307692307696 0.052884615384615384
0 0.18389423076923078 0.546875 0.040865384615384616 0.040865384615384616
0 0.19591346153846154 0.5252403846153846 0.03125 0.040865384615384616
0 0.20552884615384615 0.5769230769230769 0.036057692307692304 0.036057692307692304
0 0.25721153846153844 0.6370192307692307 0.03125 0.028846153846153848
0 0.0733173076923077 0.7536057692307693 0.06009615384615385 0.04807692307692308
0 0.32572115384615385 0.7331730769230769 0.019230769230769232 0.016826923076923076
0 0.34375 0.7584134615384616 0.004807692307692308 0.016826923076923076
0 0.8725961538461539 0.5264423076923077 0.2403846153846154 0.15384615384615385
0 0.9807692307692307 0.6442307692307693 0.03365384615384615 0.10096153846153846