0 0.018028846153846152 0.21875 0.036057692307692304 0.1201923076923077
0 0.036057692307692304 0.27524038461538464 0.07211538461538461 0.07932692307692307
0 0.13581730769230768 0.14423076923076922 0.10817307692307693 0.10817307692307693
0 0.03125 0.09735576923076923 0.0625 0.13701923076923078
0 0.1466346153846154 0.21514423076923078 0.08413461538461539 0.07932692307692307
0 0.06370192307692307 0.18269230769230768 0.0985576923076923 0.10096153846153846
0 0.2548076923076923 0.18509615384615385 0.0673076923076923 0.07211538461538461
0 0.45552884615384615 0.3317307692307692 0.014423076923076924 0.01201923076923077
0 0.08533653846153846 0.24759615384615385 0.09134615384615384 0.08173076923076923
0 0.25841346153846156 0.1310096153846154 0.040865384615384616 0.0625
0 0.2668269230769231 0.25 0.07211538461538461 0.0673076923076923
0 0.20192307692307693 0.26802884615384615 0.0673076923076923 0.06971153846153846
0 0.4855769230769231 0.328125 0.019230769230769232 0.021634615384615384
0 0.9002403846153846 0.4206730769230769 0.07451923076923077 0.0673076923076923
0 0.9543269230769231 0.4338942307692308 0.052884615384615384 0.04567307692307692
0 0.8425480769230769 0.41466346153846156 0.06490384615384616 0.052884615384615384
0 0.5444711538461539 0.3112980769230769 0.0889423076923077 0.16105769230769232
0 0.9050480769230769 0.44591346153846156 0.06009615384615385 0.021634615384615384
0 0.2932692307692308 0.9699519230769231 0.07692307692307693 0.055288461538461536
0 0.8858173076923077 0.765625 0.04326923076923077 0.04567307692307692
0 0.9411057692307693 0.8846153846153846 0.02403846153846154 0.02403846153846154
0 0.921875 0.8197115384615384 0.03125 0.03365384615384615
0 0.8257211538461539 0.7896634615384616 0.04567307692307692 0.05048076923076923
0 0.7848557692307693 0.7620192307692307 0.0625 0.06971153846153846
0 0.8545673076923077 0.8076923076923077 0.036057692307692304 0.040865384615384616