0 0.22115384615384615 0.078125 0.07451923076923077 0.07211538461538461
0 0.1875 0.18269230769230768 0.0889423076923077 0.0889423076923077
0 0.12980769230769232 0.015625 0.052884615384615384 0.03125
0 0.5216346153846154 0.30288461538461536 0.0673076923076923 0.1971153846153846
0 0.12980769230769232 0.49399038461538464 0.026442307692307692 0.028846153846153848
0 0.109375 0.5072115384615384 0.03125 0.028846153846153848
0 0.09495192307692307 0.5216346153846154 0.03125 0.03125
0 0.15384615384615385 0.4855769230769231 0.038461538461538464 0.014423076923076924
0 0.004807692307692308 0.6442307692307693 0.009615384615384616 0.028846153846153848
0 0.609375 0.7668269230769231 0.03365384615384615 0.03365384615384615
0 0.6971153846153846 0.7572115384615384 0.055288461538461536 0.052884615384615384
0 0.65625 0.625 0.0889423076923077 0.08653846153846154
0 0.8798076923076923 0.5733173076923077 0.08413461538461539 0.08653846153846154
0 0.6045673076923077 0.7007211538461539 0.02403846153846154 0.02403846153846154
0 0.8413461538461539 0.7439903846153846 0.08173076923076923 0.07451923076923077
0 0.578125 0.7163461538461539 0.02403846153846154 0.02403846153846154
0 0.5240384615384616 0.7584134615384616 0.014423076923076924 0.014423076923076924
0 0.5588942307692307 0.7572115384615384 0.021634615384615384 0.021634615384615384
0 0.6274038461538461 0.6550480769230769 0.026442307692307692 0.028846153846153848
0 0.5516826923076923 0.7355769230769231 0.016826923076923076 0.019230769230769232
0 0.5408653846153846 0.7463942307692307 0.014423076923076924 0.014423076923076924