0 0.07932692307692307 0.3894230769230769 0.15865384615384615 0.19230769230769232
0 0.07451923076923077 0.2536057692307692 0.14903846153846154 0.18028846153846154
0 0.08653846153846154 0.12379807692307693 0.17307692307692307 0.17548076923076922
0 0.421875 0.4675480769230769 0.24759615384615385 0.2620192307692308
0 0.36658653846153844 0.28125 0.25240384615384615 0.18269230769230768
0 0.36177884615384615 0.14543269230769232 0.22355769230769232 0.1778846153846154
0 0.8377403846153846 0.41947115384615385 0.09615384615384616 0.11057692307692307
0 0.6382211538461539 0.4675480769230769 0.08173076923076923 0.10817307692307693
0 0.7572115384615384 0.4495192307692308 0.09375 0.11778846153846154
0 0.7920673076923077 0.2764423076923077 0.06009615384615385 0.06971153846153846
0 0.6838942307692307 0.25600961538461536 0.04326923076923077 0.04326923076923077
0 0.796875 0.21875 0.06009615384615385 0.06009615384615385
0 0.7283653846153846 0.17548076923076922 0.040865384615384616 0.038461538461538464
0 0.5901442307692307 0.36899038461538464 0.055288461538461536 0.07211538461538461
0 0.7704326923076923 0.3485576923076923 0.06009615384615385 0.06490384615384616
0 0.7235576923076923 0.30408653846153844 0.057692307692307696 0.057692307692307696
0 0.7139423076923077 0.21153846153846154 0.038461538461538464 0.04326923076923077
0 0.6610576923076923 0.16706730769230768 0.028846153846153848 0.03125
0 0.6850961538461539 0.18269230769230768 0.038461538461538464 0.038461538461538464
0 0.6526442307692307 0.22716346153846154 0.038461538461538464 0.04326923076923077
0 0.7536057692307693 0.23557692307692307 0.04807692307692308 0.04807692307692308
0 0.5757211538461539 0.036057692307692304 0.016826923076923076 0.019230769230769232
0 0.9651442307692307 0.5432692307692307 0.06490384615384616 0.125
0 0.625 0.19591346153846154 0.04326923076923077 0.04807692307692308
0 0.640625 0.15144230769230768 0.03125 0.036057692307692304
0 0.6418269230769231 0.04326923076923077 0.021634615384615384 0.019230769230769232
0 0.6262019230769231 0.046875 0.016826923076923076 0.016826923076923076
0 0.5997596153846154 0.04447115384615385 0.016826923076923076 0.021634615384615384
0 0.6141826923076923 0.03485576923076923 0.016826923076923076 0.019230769230769232
0 0.6286057692307693 0.03245192307692308 0.014423076923076924 0.014423076923076924
0 0.5661057692307693 0.02283653846153846 0.014423076923076924 0.016826923076923076
0 0.5552884615384616 0.027644230769230768 0.014423076923076924 0.021634615384615384
0 0.7644230769230769 0.19591346153846154 0.040865384615384616 0.05048076923076923
0 0.8713942307692307 0.2644230769230769 0.07211538461538461 0.08173076923076923
0 0.21394230769230768 0.96875 0.038461538461538464 0.038461538461538464