0 0.03125 0.6358173076923077 0.0625 0.040865384615384616
0 0.09014423076923077 0.6430288461538461 0.0889423076923077 0.026442307692307692
0 0.07451923076923077 0.07211538461538461 0.14903846153846154 0.14423076923076922
0 0.796875 0.5973557692307693 0.0889423076923077 0.08653846153846154
0 0.9314903846153846 0.33052884615384615 0.13221153846153846 0.17067307692307693
0 0.6418269230769231 0.055288461538461536 0.125 0.11057692307692307
0 0.2439903846153846 0.703125 0.20432692307692307 0.0889423076923077
0 0.15504807692307693 0.9651442307692307 0.07932692307692307 0.06490384615384616
0 0.8137019230769231 0.7319711538461539 0.18028846153846154 0.1466346153846154
0 0.7331730769230769 0.7572115384615384 0.1466346153846154 0.14903846153846154
0 0.65625 0.7103365384615384 0.15384615384615385 0.10336538461538461
0 0.9158653846153846 0.8137019230769231 0.16346153846153846 0.17548076923076922
0 0.9591346153846154 0.7632211538461539 0.07692307692307693 0.2091346153846154