0 0.328125 0.3161057692307692 0.15625 0.16105769230769232
0 0.5745192307692307 0.33653846153846156 0.038461538461538464 0.04326923076923077
0 0.5817307692307693 0.36899038461538464 0.03125 0.03125
0 0.5144230769230769 0.39302884615384615 0.02403846153846154 0.007211538461538462
0 0.44471153846153844 0.359375 0.04567307692307692 0.038461538461538464
0 0.5240384615384616 0.3485576923076923 0.03365384615384615 0.03365384615384615
0 0.7427884615384616 0.24639423076923078 0.04807692307692308 0.04807692307692308
0 0.35216346153846156 0.9050480769230769 0.038461538461538464 0.038461538461538464
0 0.23798076923076922 0.84375 0.06490384615384616 0.06490384615384616
0 0.2548076923076923 0.9891826923076923 0.038461538461538464 0.016826923076923076
0 0.39302884615384615 0.9639423076923077 0.026442307692307692 0.03365384615384615
0 0.21153846153846154 0.8954326923076923 0.0673076923076923 0.08173076923076923
0 0.71875 0.9242788461538461 0.08653846153846154 0.0625
0 0.9242788461538461 0.9759615384615384 0.0625 0.04567307692307692
0 0.9699519230769231 0.9206730769230769 0.055288461538461536 0.07692307692307693
0 0.49399038461538464 0.9795673076923077 0.07451923076923077 0.036057692307692304