0 0.17908653846153846 0.2704326923076923 0.08173076923076923 0.0889423076923077
0 0.4326923076923077 0.18990384615384615 0.14903846153846154 0.15384615384615385
0 0.109375 0.2668269230769231 0.07211538461538461 0.07932692307692307
0 0.36778846153846156 0.41466346153846156 0.1201923076923077 0.11298076923076923
0 0.015625 0.8197115384615384 0.03125 0.07211538461538461
0 0.7379807692307693 0.5877403846153846 0.06971153846153846 0.07211538461538461
0 0.7103365384615384 0.6129807692307693 0.0625 0.0625
0 0.734375 0.5240384615384616 0.057692307692307696 0.057692307692307696
0 0.7391826923076923 0.6959134615384616 0.07932692307692307 0.08413461538461539
0 0.7427884615384616 0.47115384615384615 0.04567307692307692 0.04567307692307692
0 0.7427884615384616 0.4098557692307692 0.04326923076923077 0.04326923076923077
0 0.7415865384615384 0.38341346153846156 0.02403846153846154 0.02403846153846154
0 0.7091346153846154 0.4483173076923077 0.040865384615384616 0.038461538461538464
0 0.71875 0.4855769230769231 0.038461538461538464 0.038461538461538464
0 0.7403846153846154 0.4375 0.052884615384615384 0.05048076923076923
0 0.7127403846153846 0.6778846153846154 0.06490384615384616 0.07211538461538461