0 0.10096153846153846 0.3762019230769231 0.0889423076923077 0.07692307692307693
0 0.06610576923076923 0.27283653846153844 0.057692307692307696 0.057692307692307696
0 0.04807692307692308 0.21514423076923078 0.052884615384615384 0.057692307692307696
0 0.07692307692307693 0.32572115384615385 0.06490384615384616 0.06009615384615385
0 0.06971153846153846 0.5372596153846154 0.052884615384615384 0.03365384615384615
0 0.7668269230769231 0.15745192307692307 0.057692307692307696 0.052884615384615384
0 0.6850961538461539 0.12740384615384615 0.03365384615384615 0.03125
0 0.6081730769230769 0.026442307692307692 0.021634615384615384 0.026442307692307692
0 0.6225961538461539 0.20793269230769232 0.03365384615384615 0.036057692307692304
0 0.5709134615384616 0.12980769230769232 0.021634615384615384 0.02403846153846154
0 0.5805288461538461 0.040865384615384616 0.016826923076923076 0.016826923076923076
0 0.6514423076923077 0.20432692307692307 0.028846153846153848 0.038461538461538464
0 0.5709134615384616 0.10216346153846154 0.021634615384615384 0.021634615384615384
0 0.7367788461538461 0.36538461538461536 0.055288461538461536 0.057692307692307696
0 0.9555288461538461 0.03365384615384615 0.08413461538461539 0.0673076923076923
0 0.5925480769230769 0.15745192307692307 0.026442307692307692 0.03125
0 0.6141826923076923 0.15504807692307693 0.026442307692307692 0.03125
0 0.5661057692307693 0.028846153846153848 0.016826923076923076 0.019230769230769232
0 0.5600961538461539 0.0829326923076923 0.004807692307692308 0.021634615384615384
0 0.2776442307692308 0.640625 0.03125 0.021634615384615384
0 0.18990384615384615 0.6418269230769231 0.028846153846153848 0.02403846153846154
0 0.35336538461538464 0.7956730769230769 0.038461538461538464 0.052884615384615384
0 0.19471153846153846 0.6634615384615384 0.021634615384615384 0.026442307692307692
0 0.703125 0.9735576923076923 0.03125 0.03125
0 0.9423076923076923 0.7475961538461539 0.11057692307692307 0.23557692307692307
0 0.6730769230769231 0.9170673076923077 0.021634615384615384 0.03125
0 0.6838942307692307 0.9362980769230769 0.03125 0.014423076923076924