0 0.2403846153846154 0.3786057692307692 0.07451923076923077 0.07932692307692307
0 0.32091346153846156 0.15144230769230768 0.03365384615384615 0.03365384615384615
0 0.33413461538461536 0.09254807692307693 0.028846153846153848 0.03365384615384615
0 0.018028846153846152 0.45072115384615385 0.036057692307692304 0.10817307692307693
0 0.35336538461538464 0.014423076923076924 0.019230769230769232 0.021634615384615384
0 0.3786057692307692 0.007211538461538462 0.01201923076923077 0.01201923076923077
0 0.36658653846153844 0.002403846153846154 0.016826923076923076 0.004807692307692308
0 0.03485576923076923 0.5985576923076923 0.06971153846153846 0.08173076923076923
0 0.7163461538461539 0.6598557692307693 0.02403846153846154 0.028846153846153848
0 0.9435096153846154 0.8545673076923077 0.09134615384615384 0.10096153846153846
0 0.9771634615384616 0.8112980769230769 0.040865384615384616 0.0889423076923077
0 0.9326923076923077 0.7704326923076923 0.09375 0.11538461538461539
0 0.8834134615384616 0.8076923076923077 0.07692307692307693 0.07692307692307693
0 0.7728365384615384 0.7307692307692307 0.08413461538461539 0.09375
0 0.6550480769230769 0.6850961538461539 0.03125 0.0625