0 0.016826923076923076 0.1935096153846154 0.03365384615384615 0.09375
0 0.49158653846153844 0.3425480769230769 0.06009615384615385 0.057692307692307696
0 0.3233173076923077 0.37259615384615385 0.04326923076923077 0.040865384615384616
0 0.3557692307692308 0.31850961538461536 0.040865384615384616 0.04326923076923077
0 0.4026442307692308 0.29086538461538464 0.04326923076923077 0.040865384615384616
0 0.43149038461538464 0.36899038461538464 0.06009615384615385 0.057692307692307696
0 0.4050480769230769 0.33533653846153844 0.04807692307692308 0.05048076923076923
0 0.31971153846153844 0.3389423076923077 0.040865384615384616 0.040865384615384616
0 0.4338942307692308 0.2668269230769231 0.036057692307692304 0.04567307692307692
0 0.33413461538461536 0.40625 0.05048076923076923 0.052884615384615384
0 0.47475961538461536 0.16466346153846154 0.055288461538461536 0.0625
0 0.5540865384615384 0.10697115384615384 0.06971153846153846 0.06971153846153846
0 0.39663461538461536 0.06370192307692307 0.040865384615384616 0.04567307692307692
0 0.46634615384615385 0.296875 0.057692307692307696 0.06009615384615385
0 0.5192307692307693 0.21875 0.07211538461538461 0.07692307692307693
0 0.28846153846153844 0.3942307692307692 0.038461538461538464 0.0625
0 0.24879807692307693 0.6442307692307693 0.036057692307692304 0.09134615384615384
0 0.23076923076923078 0.7211538461538461 0.07211538461538461 0.09615384615384616