0 0.2848557692307692 0.1310096153846154 0.13942307692307693 0.13942307692307693
0 0.7307692307692307 0.027644230769230768 0.08653846153846154 0.055288461538461536
0 0.640625 0.055288461538461536 0.12740384615384615 0.11057692307692307
0 0.7055288461538461 0.1346153846153846 0.13701923076923078 0.13701923076923078
0 0.6899038461538461 0.2764423076923077 0.15625 0.15625
0 0.5865384615384616 0.2620192307692308 0.17067307692307693 0.17067307692307693
0 0.4735576923076923 0.09014423076923077 0.0673076923076923 0.18028846153846154
0 0.7139423076923077 0.4483173076923077 0.24519230769230768 0.055288461538461536
0 0.6682692307692307 0.40024038461538464 0.4567307692307692 0.15144230769230768
0 0.0829326923076923 0.5709134615384616 0.1658653846153846 0.18509615384615385
0 0.24278846153846154 0.5168269230769231 0.21153846153846154 0.07692307692307693
0 0.40865384615384615 0.5228365384615384 0.057692307692307696 0.0889423076923077
0 0.3605769230769231 0.5637019230769231 0.15384615384615385 0.17067307692307693
0 0.6814903846153846 0.9627403846153846 0.1658653846153846 0.06971153846153846
0 0.7019230769230769 0.8125 0.10336538461538461 0.10336538461538461
0 0.6322115384615384 0.7608173076923077 0.08413461538461539 0.08413461538461539
0 0.65625 0.6995192307692307 0.09134615384615384 0.09134615384615384
0 0.7079326923076923 0.7487980769230769 0.0889423076923077 0.0889423076923077
0 0.6754807692307693 0.6574519230769231 0.06971153846153846 0.06971153846153846
0 0.6838942307692307 0.6129807692307693 0.057692307692307696 0.057692307692307696
0 0.7163461538461539 0.7055288461538461 0.07211538461538461 0.07211538461538461
0 0.7247596153846154 0.6658653846153846 0.07211538461538461 0.07211538461538461
0 0.7235576923076923 0.6310096153846154 0.04807692307692308 0.04807692307692308
0 0.7307692307692307 0.6045673076923077 0.04326923076923077 0.04326923076923077
0 0.7355769230769231 0.5841346153846154 0.04326923076923077 0.04326923076923077
0 0.7475961538461539 0.5661057692307693 0.038461538461538464 0.038461538461538464
0 0.6923076923076923 0.578125 0.057692307692307696 0.057692307692307696
0 0.7103365384615384 0.5540865384615384 0.038461538461538464 0.038461538461538464
0 0.7127403846153846 0.5396634615384616 0.038461538461538464 0.038461538461538464
0 0.71875 0.5228365384615384 0.036057692307692304 0.036057692307692304
0 0.7283653846153846 0.5072115384615384 0.026442307692307692 0.026442307692307692
0 0.7475961538461539 0.5516826923076923 0.03125 0.03125
0 0.7524038461538461 0.5372596153846154 0.03125 0.03125
0 0.7536057692307693 0.5252403846153846 0.026442307692307692 0.026442307692307692
0 0.7596153846153846 0.5108173076923077 0.026442307692307692 0.026442307692307692
0 0.7668269230769231 0.5 0.026442307692307692 0.026442307692307692
0 0.7716346153846154 0.4891826923076923 0.02403846153846154 0.021634615384615384
0 0.7319711538461539 0.4963942307692308 0.02403846153846154 0.02403846153846154
0 0.7379807692307693 0.49038461538461536 0.03365384615384615 0.02403846153846154
0 0.7512019230769231 0.48197115384615385 0.026442307692307692 0.007211538461538462
0 0.49038461538461536 0.6201923076923077 0.10096153846153846 0.10576923076923077
0 0.5492788461538461 0.5973557692307693 0.0673076923076923 0.0673076923076923
0 0.5865384615384616 0.5408653846153846 0.057692307692307696 0.057692307692307696
0 0.6394230769230769 0.49759615384615385 0.052884615384615384 0.038461538461538464
0 0.6646634615384616 0.484375 0.040865384615384616 0.01201923076923077
0 0.8545673076923077 0.59375 0.02403846153846154 0.02403846153846154
0 0.6009615384615384 0.8617788461538461 0.125 0.125