0 0.04567307692307692 0.36778846153846156 0.09134615384615384 0.09615384615384616
0 0.24158653846153846 0.3701923076923077 0.0985576923076923 0.10096153846153846
0 0.16706730769230768 0.15504807692307693 0.040865384615384616 0.038461538461538464
0 0.47836538461538464 0.052884615384615384 0.04567307692307692 0.052884615384615384
0 0.46153846153846156 0.11177884615384616 0.04567307692307692 0.04807692307692308
0 0.5372596153846154 0.11177884615384616 0.052884615384615384 0.052884615384615384
0 0.4170673076923077 0.07211538461538461 0.03365384615384615 0.036057692307692304
0 0.3942307692307692 0.003605769230769231 0.019230769230769232 0.007211538461538462
0 0.40625 0.039663461538461536 0.02403846153846154 0.02403846153846154
0 0.43028846153846156 0.016826923076923076 0.02403846153846154 0.02403846153846154
0 0.4014423076923077 0.025240384615384616 0.021634615384615384 0.016826923076923076
0 0.4254807692307692 0.006009615384615385 0.019230769230769232 0.01201923076923077
0 0.2247596153846154 0.7608173076923077 0.125 0.1346153846153846
0 0.0733173076923077 0.9302884615384616 0.1466346153846154 0.1346153846153846
0 0.2247596153846154 0.6538461538461539 0.07932692307692307 0.04807692307692308
0 0.2824519230769231 0.671875 0.026442307692307692 0.08413461538461539
0 0.02283653846153846 0.9242788461538461 0.04567307692307692 0.15144230769230768
0 0.9543269230769231 0.6875 0.08653846153846154 0.11538461538461539