0 0.44711538461538464 0.23918269230769232 0.052884615384615384 0.036057692307692304
0 0.9867788461538461 0.08774038461538461 0.021634615384615384 0.06490384615384616
0 0.9915865384615384 0.03485576923076923 0.01201923076923077 0.06490384615384616
0 0.7307692307692307 0.234375 0.11057692307692307 0.04567307692307692
0 0.23918269230769232 0.9387019230769231 0.07932692307692307 0.0673076923076923
0 0.41225961538461536 0.921875 0.04326923076923077 0.04567307692307692
0 0.4375 0.8858173076923077 0.04567307692307692 0.04326923076923077
0 0.036057692307692304 0.7764423076923077 0.07211538461538461 0.125
0 0.9939903846153846 0.9567307692307693 0.007211538461538462 0.028846153846153848
0 0.9134615384615384 0.8605769230769231 0.04567307692307692 0.04567307692307692
0 0.890625 0.6658653846153846 0.04567307692307692 0.052884615384615384
0 0.9603365384615384 0.6658653846153846 0.038461538461538464 0.04807692307692308
0 0.9242788461538461 0.6466346153846154 0.04326923076923077 0.05048076923076923
0 0.9314903846153846 0.609375 0.04326923076923077 0.055288461538461536
0 0.9759615384615384 0.7620192307692307 0.02403846153846154 0.028846153846153848
0 0.9939903846153846 0.7824519230769231 0.007211538461538462 0.036057692307692304