0 0.35216346153846156 0.026442307692307692 0.10336538461538461 0.052884615384615384
0 0.7319711538461539 0.038461538461538464 0.0889423076923077 0.07692307692307693
0 0.5889423076923077 0.2439903846153846 0.08413461538461539 0.08413461538461539
0 0.7163461538461539 0.1310096153846154 0.09134615384615384 0.08653846153846154
0 0.65625 0.04447115384615385 0.11538461538461539 0.0889423076923077
0 0.640625 0.31971153846153844 0.07211538461538461 0.0625
0 0.7584134615384616 0.3581730769230769 0.05048076923076923 0.038461538461538464
0 0.39663461538461536 0.8846153846153846 0.07451923076923077 0.07692307692307693
0 0.47115384615384615 0.9807692307692307 0.028846153846153848 0.03365384615384615
0 0.39903846153846156 0.8137019230769231 0.17307692307692307 0.2860576923076923
0 0.5925480769230769 0.9387019230769231 0.07451923076923077 0.06490384615384616
0 0.7620192307692307 0.7860576923076923 0.07211538461538461 0.07692307692307693
0 0.7331730769230769 0.828125 0.0673076923076923 0.07211538461538461
0 0.7007211538461539 0.9242788461538461 0.07692307692307693 0.07932692307692307
0 0.7403846153846154 0.9002403846153846 0.07211538461538461 0.07692307692307693
0 0.6995192307692307 0.9711538461538461 0.0625 0.052884615384615384
0 0.7620192307692307 0.8533653846153846 0.057692307692307696 0.06971153846153846
0 0.7319711538461539 0.9459134615384616 0.05048076923076923 0.06009615384615385
0 0.7548076923076923 0.9615384615384616 0.040865384615384616 0.05048076923076923
0 0.7043269230769231 0.9915865384615384 0.04807692307692308 0.01201923076923077
0 0.7403846153846154 0.9819711538461539 0.07692307692307693 0.03125