0 0.08052884615384616 0.4483173076923077 0.16105769230769232 0.07451923076923077
0 0.03245192307692308 0.43149038461538464 0.06490384615384616 0.10817307692307693
0 0.3545673076923077 0.15384615384615385 0.0673076923076923 0.06971153846153846
0 0.4387019230769231 0.07572115384615384 0.055288461538461536 0.057692307692307696
0 0.1502403846153846 0.2403846153846154 0.09375 0.0985576923076923
0 0.6213942307692307 0.41225961538461536 0.20432692307692307 0.1466346153846154
0 0.5961538461538461 0.06009615384615385 0.10817307692307693 0.0985576923076923
0 0.6526442307692307 0.24519230769230768 0.2668269230769231 0.40384615384615385
0 0.25841346153846156 0.4951923076923077 0.06971153846153846 0.014423076923076924
0 0.010817307692307692 0.5036057692307693 0.021634615384615384 0.03125
0 0.04927884615384615 0.5540865384615384 0.04326923076923077 0.04567307692307692
0 0.10216346153846154 0.5012019230769231 0.036057692307692304 0.026442307692307692
0 0.17548076923076922 0.5408653846153846 0.1201923076923077 0.10576923076923077
0 0.07932692307692307 0.49399038461538464 0.028846153846153848 0.01201923076923077
0 0.09495192307692307 0.6201923076923077 0.057692307692307696 0.0673076923076923
0 0.1466346153846154 0.5913461538461539 0.055288461538461536 0.055288461538461536
0 0.0829326923076923 0.5228365384615384 0.038461538461538464 0.04567307692307692
0 0.4182692307692308 0.9182692307692307 0.1971153846153846 0.15865384615384615
0 0.3293269230769231 0.8221153846153846 0.1971153846153846 0.16826923076923078
0 0.06850961538461539 0.5889423076923077 0.04567307692307692 0.05048076923076923
0 0.030048076923076924 0.5300480769230769 0.055288461538461536 0.057692307692307696
0 0.06009615384615385 0.5084134615384616 0.028846153846153848 0.03365384615384615
0 0.05048076923076923 0.5 0.03365384615384615 0.02403846153846154
0 0.039663461538461536 0.49399038461538464 0.03125 0.01201923076923077
0 0.1141826923076923 0.5552884615384616 0.052884615384615384 0.055288461538461536