0 0.35336538461538464 0.5552884615384616 0.1201923076923077 0.12740384615384615
0 0.26322115384615385 0.44471153846153844 0.10336538461538461 0.10576923076923077
0 0.19110576923076922 0.46634615384615385 0.055288461538461536 0.06490384615384616
0 0.020432692307692308 0.17668269230769232 0.03365384615384615 0.03125
0 0.14543269230769232 0.45913461538461536 0.057692307692307696 0.0673076923076923
0 0.009615384615384616 0.125 0.019230769230769232 0.028846153846153848
0 0.20192307692307693 0.3737980769230769 0.0889423076923077 0.07451923076923077
0 0.15625 0.2932692307692308 0.07932692307692307 0.06971153846153846
0 0.12980769230769232 0.13822115384615385 0.057692307692307696 0.05048076923076923
0 0.5456730769230769 0.39302884615384615 0.04807692307692308 0.04326923076923077
0 0.5757211538461539 0.28125 0.04326923076923077 0.04567307692307692
0 0.6875 0.6081730769230769 0.09615384615384616 0.038461538461538464
0 0.5120192307692307 0.41346153846153844 0.036057692307692304 0.036057692307692304
0 0.7055288461538461 0.5673076923076923 0.09615384615384616 0.09615384615384616
0 0.6598557692307693 0.9639423076923077 0.08413461538461539 0.0673076923076923
0 0.6057692307692307 0.9723557692307693 0.0625 0.05048076923076923
0 0.6225961538461539 0.9122596153846154 0.0625 0.0625
0 0.5889423076923077 0.8725961538461539 0.057692307692307696 0.057692307692307696
0 0.578125 0.9242788461538461 0.04807692307692308 0.0625
0 0.5576923076923077 0.8497596153846154 0.05048076923076923 0.04326923076923077
0 0.5528846153846154 0.9014423076923077 0.03125 0.036057692307692304
0 0.5492788461538461 0.9459134615384616 0.036057692307692304 0.036057692307692304
0 0.5372596153846154 0.9182692307692307 0.03125 0.036057692307692304
0 0.5360576923076923 0.8786057692307693 0.03365384615384615 0.03125
0 0.5180288461538461 0.8665865384615384 0.03125 0.026442307692307692
0 0.5552884615384616 0.9831730769230769 0.038461538461538464 0.028846153846153848
0 0.4963942307692308 0.7127403846153846 0.055288461538461536 0.04567307692307692
0 0.4891826923076923 0.9350961538461539 0.019230769230769232 0.021634615384615384
0 0.4807692307692308 0.8545673076923077 0.019230769230769232 0.019230769230769232
0 0.5180288461538461 0.9074519230769231 0.026442307692307692 0.021634615384615384
0 0.53125 0.9651442307692307 0.026442307692307692 0.026442307692307692