0 0.4795673076923077 0.43149038461538464 0.036057692307692304 0.03125
0 0.29447115384615385 0.06490384615384616 0.22355769230769232 0.12980769230769232
0 0.3581730769230769 0.41225961538461536 0.07692307692307693 0.06971153846153846
0 0.4098557692307692 0.421875 0.07451923076923077 0.05048076923076923
0 0.4579326923076923 0.4375 0.07932692307692307 0.019230769230769232
0 0.3112980769230769 0.40024038461538464 0.057692307692307696 0.06009615384615385
0 0.2620192307692308 0.3918269230769231 0.052884615384615384 0.052884615384615384
0 0.22956730769230768 0.3473557692307692 0.11538461538461539 0.11057692307692307
0 0.18629807692307693 0.375 0.038461538461538464 0.036057692307692304
0 0.15504807692307693 0.36177884615384615 0.028846153846153848 0.03125
0 0.13581730769230768 0.3473557692307692 0.026442307692307692 0.026442307692307692
0 0.008413461538461538 0.30649038461538464 0.016826923076923076 0.036057692307692304
0 0.05048076923076923 0.31850961538461536 0.021634615384615384 0.021634615384615384
0 0.04326923076923077 0.31009615384615385 0.019230769230769232 0.019230769230769232
0 0.07451923076923077 0.32211538461538464 0.021634615384615384 0.021634615384615384
0 0.0733173076923077 0.3329326923076923 0.021634615384615384 0.021634615384615384
0 0.056490384615384616 0.33052884615384615 0.021634615384615384 0.021634615384615384
0 0.11298076923076923 0.3545673076923077 0.026442307692307692 0.02403846153846154
0 0.6370192307692307 0.056490384615384616 0.22115384615384615 0.11298076923076923
0 0.5829326923076923 0.13822115384615385 0.1658653846153846 0.1658653846153846
0 0.7043269230769231 0.42908653846153844 0.08173076923076923 0.036057692307692304
0 0.7536057692307693 0.42908653846153844 0.0889423076923077 0.036057692307692304
0 0.1346153846153846 0.5048076923076923 0.2692307692307692 0.11057692307692307
0 0.2644230769230769 0.48677884615384615 0.28846153846153844 0.07451923076923077
0 0.36778846153846156 0.6382211538461539 0.18509615384615385 0.18509615384615385
0 0.2644230769230769 0.6430288461538461 0.14903846153846154 0.14903846153846154
0 0.09495192307692307 0.5552884615384616 0.18990384615384615 0.1778846153846154
0 0.10216346153846154 0.7379807692307693 0.13221153846153846 0.12980769230769232
0 0.21634615384615385 0.7415865384615384 0.1778846153846154 0.17548076923076922
0 0.12860576923076922 0.6358173076923077 0.25721153846153844 0.37259615384615385
0 0.18269230769230768 0.84375 0.13701923076923078 0.12980769230769232
0 0.2620192307692308 0.9471153846153846 0.0985576923076923 0.09615384615384616
0 0.21514423076923078 0.7992788461538461 0.16105769230769232 0.14903846153846154
0 0.734375 0.9795673076923077 0.10336538461538461 0.036057692307692304
0 0.6622596153846154 0.9759615384615384 0.07451923076923077 0.04326923076923077
0 0.5757211538461539 0.9699519230769231 0.06971153846153846 0.055288461538461536
0 0.5228365384615384 0.9627403846153846 0.04567307692307692 0.06490384615384616
0 0.5444711538461539 0.984375 0.06009615384615385 0.026442307692307692
0 0.6658653846153846 0.9819711538461539 0.14903846153846154 0.03125