0 0.4074519230769231 0.14302884615384615 0.06009615384615385 0.06490384615384616
0 0.6033653846153846 0.4855769230769231 0.02403846153846154 0.02403846153846154
0 0.4699519230769231 0.3894230769230769 0.04807692307692308 0.055288461538461536
0 0.18269230769230768 0.36778846153846156 0.20192307692307693 0.20673076923076922
0 0.3112980769230769 0.04326923076923077 0.0985576923076923 0.08653846153846154
0 0.6538461538461539 0.21394230769230768 0.07211538461538461 0.125
0 0.6598557692307693 0.27403846153846156 0.08413461538461539 0.13942307692307693
0 0.71875 0.27403846153846156 0.08413461538461539 0.09375
0 0.78125 0.31490384615384615 0.08173076923076923 0.08413461538461539
0 0.796875 0.38341346153846156 0.06971153846153846 0.07692307692307693
0 0.8461538461538461 0.41346153846153844 0.055288461538461536 0.0625
0 0.7271634615384616 0.33653846153846156 0.06971153846153846 0.07211538461538461
0 0.828125 0.34615384615384615 0.06009615384615385 0.057692307692307696
0 0.8810096153846154 0.3942307692307692 0.04807692307692308 0.052884615384615384
0 0.9170673076923077 0.42427884615384615 0.040865384615384616 0.04567307692307692
0 0.9519230769230769 0.4579326923076923 0.038461538461538464 0.040865384615384616
0 0.13341346153846154 0.890625 0.20432692307692307 0.20192307692307693
0 0.38100961538461536 0.8088942307692307 0.08173076923076923 0.08413461538461539
0 0.33413461538461536 0.78125 0.08173076923076923 0.09134615384615384
0 0.21033653846153846 0.6838942307692307 0.11778846153846154 0.11778846153846154
0 0.06009615384615385 0.5564903846153846 0.1201923076923077 0.11298076923076923
0 0.17908653846153846 0.5600961538461539 0.10336538461538461 0.0985576923076923
0 0.2536057692307692 0.5697115384615384 0.08653846153846154 0.08413461538461539
0 0.2776442307692308 0.5192307692307693 0.07451923076923077 0.038461538461538464
0 0.3894230769230769 0.5432692307692307 0.04807692307692308 0.052884615384615384
0 0.3629807692307692 0.5204326923076923 0.04807692307692308 0.040865384615384616
0 0.8221153846153846 0.5528846153846154 0.10817307692307693 0.09134615384615384
0 0.8569711538461539 0.6129807692307693 0.09615384615384616 0.0889423076923077
0 0.8485576923076923 0.5120192307692307 0.08173076923076923 0.02403846153846154
0 0.8954326923076923 0.5444711538461539 0.07451923076923077 0.07211538461538461
0 0.9375 0.5072115384615384 0.0673076923076923 0.014423076923076924
0 0.9795673076923077 0.5228365384615384 0.036057692307692304 0.04567307692307692
0 0.9447115384615384 0.8233173076923077 0.09375 0.12259615384615384