0 0.055288461538461536 0.19951923076923078 0.04326923076923077 0.040865384615384616
0 0.11177884615384616 0.07451923076923077 0.021634615384615384 0.019230769230769232
0 0.13701923076923078 0.1045673076923077 0.03125 0.03125
0 0.6971153846153846 0.22115384615384615 0.07451923076923077 0.07211538461538461
0 0.7680288461538461 0.24879807692307693 0.0673076923076923 0.0673076923076923
0 0.828125 0.22235576923076922 0.04807692307692308 0.04567307692307692
0 0.8449519230769231 0.17668269230769232 0.04326923076923077 0.040865384615384616
0 0.7403846153846154 0.16947115384615385 0.052884615384615384 0.05048076923076923
0 0.6418269230769231 0.125 0.06009615384615385 0.057692307692307696
0 0.8701923076923077 0.125 0.026442307692307692 0.028846153846153848
0 0.6875 0.14182692307692307 0.057692307692307696 0.057692307692307696
0 0.8461538461538461 0.1310096153846154 0.03125 0.03125
0 0.7295673076923077 0.14182692307692307 0.05048076923076923 0.052884615384615384
0 0.6923076923076923 0.12379807692307693 0.04567307692307692 0.036057692307692304
0 0.7620192307692307 0.14423076923076922 0.038461538461538464 0.038461538461538464
0 0.7920673076923077 0.13581730769230768 0.038461538461538464 0.040865384615384616
0 0.8197115384615384 0.13701923076923078 0.03365384615384615 0.036057692307692304
0 0.7524038461538461 0.12139423076923077 0.028846153846153848 0.021634615384615384
0 0.8377403846153846 0.11177884615384616 0.026442307692307692 0.028846153846153848
0 0.8149038461538461 0.11057692307692307 0.03365384615384615 0.03365384615384615
0 0.9555288461538461 0.16466346153846154 0.02403846153846154 0.02403846153846154
0 0.9435096153846154 0.1466346153846154 0.02403846153846154 0.02403846153846154
0 0.9302884615384616 0.11658653846153846 0.02403846153846154 0.02403846153846154
0 0.7451923076923077 0.8762019230769231 0.2764423076923077 0.2403846153846154
0 0.8173076923076923 0.7620192307692307 0.25 0.22355769230769232
0 0.8882211538461539 0.6754807692307693 0.21875 0.19230769230769232