0 0.25721153846153844 0.6153846153846154 0.038461538461538464 0.052884615384615384
0 0.24879807692307693 0.6550480769230769 0.04326923076923077 0.04326923076923077
0 0.16105769230769232 0.796875 0.028846153846153848 0.028846153846153848
0 0.15144230769230768 0.8665865384615384 0.021634615384615384 0.021634615384615384
0 0.1346153846153846 0.8545673076923077 0.014423076923076924 0.016826923076923076
0 0.12139423076923077 0.8401442307692307 0.021634615384615384 0.019230769230769232
0 0.13581730769230768 0.8269230769230769 0.019230769230769232 0.021634615384615384
0 0.09615384615384616 0.7884615384615384 0.03125 0.028846153846153848
0 0.2668269230769231 0.5192307692307693 0.019230769230769232 0.052884615384615384
0 0.25841346153846156 0.5540865384615384 0.036057692307692304 0.040865384615384616
0 0.24158653846153846 0.5865384615384616 0.05048076923076923 0.052884615384615384
0 0.3389423076923077 0.6790865384615384 0.03365384615384615 0.03365384615384615
0 0.4831730769230769 0.8930288461538461 0.0625 0.0673076923076923
0 0.47836538461538464 0.8173076923076923 0.06009615384615385 0.06009615384615385
0 0.4543269230769231 0.9555288461538461 0.040865384615384616 0.057692307692307696
0 0.45913461538461536 0.8461538461538461 0.04326923076923077 0.038461538461538464
0 0.44591346153846156 0.765625 0.04567307692307692 0.04807692307692308
0 0.4050480769230769 0.8137019230769231 0.036057692307692304 0.03365384615384615
0 0.43509615384615385 0.8028846153846154 0.038461538461538464 0.05048076923076923
0 0.42788461538461536 0.8389423076923077 0.03365384615384615 0.040865384615384616
0 0.38221153846153844 0.7728365384615384 0.028846153846153848 0.028846153846153848
0 0.38822115384615385 0.7415865384615384 0.036057692307692304 0.04567307692307692
0 0.4110576923076923 0.7692307692307693 0.03365384615384615 0.03365384615384615