0 0.04326923076923077 0.5072115384615384 0.08653846153846154 0.23557692307692307
0 0.07451923076923077 0.6358173076923077 0.14903846153846154 0.18028846153846154
0 0.20432692307692307 0.49278846153846156 0.13701923076923078 0.1346153846153846
0 0.35216346153846156 0.4675480769230769 0.09134615384615384 0.09134615384615384
0 0.3269230769230769 0.5733173076923077 0.12980769230769232 0.12740384615384615
0 0.42788461538461536 0.5432692307692307 0.0889423076923077 0.08653846153846154
0 0.46153846153846156 0.4387019230769231 0.07932692307692307 0.07692307692307693
0 0.5084134615384616 0.4411057692307692 0.016826923076923076 0.06490384615384616
0 0.5108173076923077 0.3137019230769231 0.01201923076923077 0.055288461538461536
0 0.10697115384615384 0.25841346153846156 0.21394230769230768 0.5168269230769231
0 0.22956730769230768 0.21875 0.09134615384615384 0.09615384615384616
0 0.7139423076923077 0.32091346153846156 0.3894230769230769 0.39663461538461536
0 0.8737980769230769 0.4375 0.24759615384615385 0.2980769230769231
0 0.765625 0.057692307692307696 0.1658653846153846 0.11538461538461539
0 0.2776442307692308 0.7572115384615384 0.07451923076923077 0.057692307692307696
0 0.3485576923076923 0.8858173076923077 0.08653846153846154 0.08653846153846154
0 0.32572115384615385 0.7379807692307693 0.0985576923076923 0.019230769230769232
0 0.3112980769230769 0.9555288461538461 0.16105769230769232 0.08413461538461539
0 0.9254807692307693 0.7584134615384616 0.08173076923076923 0.06009615384615385
0 0.9639423076923077 0.8100961538461539 0.0673076923076923 0.07692307692307693
0 0.9711538461538461 0.7752403846153846 0.05048076923076923 0.05048076923076923
0 0.9879807692307693 0.7644230769230769 0.019230769230769232 0.04807692307692308