0 0.49038461538461536 0.6262019230769231 0.06971153846153846 0.0673076923076923
0 0.3401442307692308 0.6526442307692307 0.0889423076923077 0.06971153846153846
0 0.5709134615384616 0.640625 0.04807692307692308 0.04567307692307692
0 0.5240384615384616 0.6634615384615384 0.09134615384615384 0.04807692307692308
0 0.2439903846153846 0.5901442307692307 0.15384615384615385 0.1466346153846154
0 0.040865384615384616 0.6177884615384616 0.08173076923076923 0.13942307692307693
0 0.6850961538461539 0.5985576923076923 0.057692307692307696 0.057692307692307696
0 0.7439903846153846 0.22355769230769232 0.18028846153846154 0.18269230769230768
0 0.9290865384615384 0.14903846153846154 0.13701923076923078 0.1778846153846154
0 0.14543269230769232 0.84375 0.0985576923076923 0.10817307692307693
0 0.24879807692307693 0.8040865384615384 0.11298076923076923 0.13221153846153846
0 0.2692307692307692 0.9435096153846154 0.05048076923076923 0.05048076923076923
0 0.3485576923076923 0.9206730769230769 0.04807692307692308 0.04567307692307692
0 0.3088942307692308 0.8774038461538461 0.07932692307692307 0.0889423076923077
0 0.2127403846153846 0.9002403846153846 0.09375 0.10817307692307693
0 0.29447115384615385 0.9651442307692307 0.06490384615384616 0.06490384615384616
0 0.3701923076923077 0.9519230769230769 0.055288461538461536 0.06009615384615385
0 0.3293269230769231 0.9807692307692307 0.057692307692307696 0.03365384615384615
0 0.8798076923076923 0.9182692307692307 0.06971153846153846 0.06971153846153846