0 0.2980769230769231 0.2800480769230769 0.1201923076923077 0.13942307692307693
0 0.5865384615384616 0.12980769230769232 0.03365384615384615 0.03365384615384615
0 0.6887019230769231 0.21033653846153846 0.06009615384615385 0.06009615384615385
0 0.6971153846153846 0.057692307692307696 0.03365384615384615 0.02403846153846154
0 0.7235576923076923 0.16346153846153846 0.06009615384615385 0.07692307692307693
0 0.1141826923076923 0.5829326923076923 0.06490384615384616 0.08413461538461539
0 0.18028846153846154 0.5252403846153846 0.06009615384615385 0.07451923076923077
0 0.22115384615384615 0.5973557692307693 0.08413461538461539 0.0985576923076923
0 0.08413461538461539 0.49278846153846156 0.052884615384615384 0.028846153846153848
0 0.6887019230769231 0.6358173076923077 0.04567307692307692 0.052884615384615384
0 0.7367788461538461 0.5288461538461539 0.028846153846153848 0.03365384615384615
0 0.6923076923076923 0.4891826923076923 0.028846153846153848 0.021634615384615384
0 0.9831730769230769 0.7055288461538461 0.028846153846153848 0.06490384615384616
0 0.6911057692307693 0.5324519230769231 0.036057692307692304 0.04326923076923077
0 0.8064903846153846 0.4855769230769231 0.021634615384615384 0.014423076923076924
0 0.6466346153846154 0.48677884615384615 0.028846153846153848 0.016826923076923076