0 0.4206730769230769 0.2932692307692308 0.08413461538461539 0.0889423076923077
0 0.5492788461538461 0.48677884615384615 0.04567307692307692 0.04326923076923077
0 0.4963942307692308 0.41225961538461536 0.05048076923076923 0.052884615384615384
0 0.109375 0.2692307692307692 0.21875 0.16826923076923078
0 0.5805288461538461 0.47836538461538464 0.05048076923076923 0.04567307692307692
0 0.9338942307692307 0.3004807692307692 0.10336538461538461 0.09134615384615384
0 0.6033653846153846 0.8401442307692307 0.057692307692307696 0.052884615384615384
0 0.6322115384615384 0.734375 0.028846153846153848 0.036057692307692304
0 0.5901442307692307 0.7704326923076923 0.05048076923076923 0.04807692307692308
0 0.6274038461538461 0.8016826923076923 0.038461538461538464 0.040865384615384616
0 0.6382211538461539 0.7776442307692307 0.016826923076923076 0.036057692307692304
0 0.9831730769230769 0.8004807692307693 0.028846153846153848 0.0625
0 0.8100961538461539 0.9495192307692307 0.22596153846153846 0.09615384615384616