0 0.27524038461538464 0.2920673076923077 0.11778846153846154 0.1201923076923077
0 0.24759615384615385 0.43149038461538464 0.07211538461538461 0.07211538461538461
0 0.10216346153846154 0.09615384615384616 0.20432692307692307 0.19230769230769232
0 0.9242788461538461 0.20793269230769232 0.03125 0.03125
0 0.8161057692307693 0.1875 0.06490384615384616 0.06490384615384616
0 0.9026442307692307 0.06129807692307692 0.0625 0.0625
0 0.7764423076923077 0.24278846153846154 0.06490384615384616 0.06490384615384616
0 0.8569711538461539 0.22235576923076922 0.052884615384615384 0.052884615384615384
0 0.9927884615384616 0.19471153846153846 0.009615384615384616 0.028846153846153848
0 0.7512019230769231 0.03485576923076923 0.18028846153846154 0.06971153846153846
0 0.14783653846153846 0.9615384615384616 0.07932692307692307 0.07211538461538461
0 0.23557692307692307 0.7079326923076923 0.125 0.125
0 0.11538461538461539 0.8245192307692307 0.11057692307692307 0.11057692307692307
0 0.9338942307692307 0.9771634615384616 0.10336538461538461 0.040865384615384616
0 0.5793269230769231 0.9675480769230769 0.22596153846153846 0.06009615384615385