0 0.6610576923076923 0.359375 0.18509615384615385 0.18990384615384615
0 0.030048076923076924 0.7932692307692307 0.06009615384615385 0.12980769230769232
0 0.06610576923076923 0.9122596153846154 0.055288461538461536 0.055288461538461536
0 0.18389423076923078 0.9579326923076923 0.04807692307692308 0.04807692307692308
0 0.12980769230769232 0.859375 0.05048076923076923 0.05048076923076923
0 0.07572115384615384 0.8353365384615384 0.09134615384615384 0.0889423076923077
0 0.026442307692307692 0.8954326923076923 0.052884615384615384 0.10817307692307693
0 0.0985576923076923 0.9230769230769231 0.0673076923076923 0.0673076923076923
0 0.1622596153846154 0.8786057692307693 0.0625 0.06009615384615385
0 0.140625 0.9338942307692307 0.0625 0.06009615384615385
0 0.9447115384615384 0.7572115384615384 0.04326923076923077 0.04326923076923077
0 0.9519230769230769 0.8485576923076923 0.04326923076923077 0.04326923076923077
0 0.9519230769230769 0.7067307692307693 0.08173076923076923 0.07692307692307693
0 0.9903846153846154 0.6694711538461539 0.014423076923076924 0.05048076923076923
0 0.9615384615384616 0.6442307692307693 0.07211538461538461 0.07692307692307693
0 0.9026442307692307 0.7548076923076923 0.0625 0.06009615384615385
0 0.9927884615384616 0.7235576923076923 0.009615384615384616 0.038461538461538464
0 0.9915865384615384 0.8533653846153846 0.01201923076923077 0.03365384615384615
0 0.9891826923076923 0.7716346153846154 0.016826923076923076 0.04326923076923077
0 0.7572115384615384 0.6262019230769231 0.17067307692307693 0.1778846153846154
0 0.7728365384615384 0.8377403846153846 0.09615384615384616 0.0985576923076923
0 0.9711538461538461 0.765625 0.04326923076923077 0.04326923076923077