0 0.29086538461538464 0.056490384615384616 0.04807692307692308 0.04807692307692308
0 0.30288461538461536 0.020432692307692308 0.052884615384615384 0.040865384615384616
0 0.16706730769230768 0.015625 0.09375 0.03125
0 0.265625 0.10096153846153846 0.057692307692307696 0.06009615384615385
0 0.23677884615384615 0.14543269230769232 0.08173076923076923 0.07451923076923077
0 0.25240384615384615 0.020432692307692308 0.0625 0.040865384615384616
0 0.22235576923076922 0.054086538461538464 0.07451923076923077 0.06490384615384616
0 0.6730769230769231 0.12139423076923077 0.07211538461538461 0.07451923076923077
0 0.7836538461538461 0.08653846153846154 0.03125 0.03365384615384615
0 0.7872596153846154 0.046875 0.03125 0.03365384615384615
0 0.7379807692307693 0.009615384615384616 0.0625 0.019230769230769232
0 0.7259615384615384 0.22355769230769232 0.06009615384615385 0.0673076923076923
0 0.7512019230769231 0.03485576923076923 0.038461538461538464 0.036057692307692304
0 0.8028846153846154 0.016826923076923076 0.038461538461538464 0.03365384615384615
0 0.6862980769230769 0.19951923076923078 0.07451923076923077 0.07211538461538461
0 0.7475961538461539 0.2764423076923077 0.06490384615384616 0.06009615384615385
0 0.7668269230769231 0.3449519230769231 0.06971153846153846 0.07692307692307693
0 0.7451923076923077 0.15745192307692307 0.06490384615384616 0.06009615384615385
0 0.75 0.0985576923076923 0.09615384615384616 0.09375
0 0.7704326923076923 0.013221153846153846 0.040865384615384616 0.026442307692307692
0 0.7115384615384616 0.057692307692307696 0.06971153846153846 0.0673076923076923
0 0.07932692307692307 0.7560096153846154 0.06009615384615385 0.0673076923076923
0 0.22596153846153846 0.7764423076923077 0.04807692307692308 0.052884615384615384
0 0.23076923076923078 0.8317307692307693 0.026442307692307692 0.03365384615384615
0 0.2247596153846154 0.7331730769230769 0.02403846153846154 0.028846153846153848
0 0.22596153846153846 0.9507211538461539 0.03365384615384615 0.04326923076923077
0 0.5985576923076923 0.9411057692307693 0.1201923076923077 0.11298076923076923
0 0.6213942307692307 0.7908653846153846 0.07932692307692307 0.09134615384615384
0 0.6394230769230769 0.7391826923076923 0.07692307692307693 0.040865384615384616