0 0.015625 0.16346153846153846 0.03125 0.10096153846153846
0 0.0673076923076923 0.039663461538461536 0.10096153846153846 0.07932692307692307
0 0.021634615384615384 0.019230769230769232 0.04326923076923077 0.038461538461538464
0 0.8521634615384616 0.17548076923076922 0.15144230769230768 0.15144230769230768
0 0.9555288461538461 0.06490384615384616 0.08413461538461539 0.12980769230769232
0 0.010817307692307692 0.8076923076923077 0.021634615384615384 0.038461538461538464
0 0.20432692307692307 0.8581730769230769 0.07451923076923077 0.06971153846153846
0 0.06370192307692307 0.7355769230769231 0.040865384615384616 0.040865384615384616
0 0.10576923076923077 0.7007211538461539 0.040865384615384616 0.040865384615384616
0 0.021634615384615384 0.7163461538461539 0.04326923076923077 0.057692307692307696
0 0.18269230769230768 0.6670673076923077 0.10336538461538461 0.10576923076923077
0 0.9471153846153846 0.5408653846153846 0.10096153846153846 0.0625
0 0.8557692307692307 0.6478365384615384 0.10576923076923077 0.10336538461538461
0 0.8689903846153846 0.6009615384615384 0.25721153846153844 0.18269230769230768
0 0.7620192307692307 0.5721153846153846 0.07211538461538461 0.0673076923076923
0 0.7331730769230769 0.5360576923076923 0.04807692307692308 0.052884615384615384