0 0.5588942307692307 0.36658653846153844 0.13701923076923078 0.18028846153846154
0 0.5288461538461539 0.01201923076923077 0.0625 0.02403846153846154
0 0.4651442307692308 0.6634615384615384 0.3245192307692308 0.21153846153846154
0 0.7319711538461539 0.9495192307692307 0.12259615384615384 0.09615384615384616
0 0.8076923076923077 0.8978365384615384 0.11057692307692307 0.10817307692307693
0 0.8377403846153846 0.7584134615384616 0.07211538461538461 0.06971153846153846
0 0.8942307692307693 0.7055288461538461 0.0625 0.06009615384615385
0 0.8822115384615384 0.6646634615384616 0.05048076923076923 0.04807692307692308
0 0.9651442307692307 0.5697115384615384 0.040865384615384616 0.02403846153846154
0 0.9471153846153846 0.5625 0.038461538461538464 0.009615384615384616
0 0.9290865384615384 0.5829326923076923 0.040865384615384616 0.040865384615384616