0 0.2536057692307692 0.4375 0.16105769230769232 0.13942307692307693
0 0.10216346153846154 0.25 0.17067307692307693 0.16826923076923078
0 0.16105769230769232 0.11658653846153846 0.12740384615384615 0.1346153846153846
0 0.5745192307692307 0.9627403846153846 0.028846153846153848 0.03125
0 0.40384615384615385 0.7091346153846154 0.0625 0.06009615384615385
0 0.5997596153846154 0.8449519230769231 0.057692307692307696 0.06009615384615385
0 0.5697115384615384 0.9939903846153846 0.028846153846153848 0.007211538461538462
0 0.4735576923076923 0.6021634615384616 0.11538461538461539 0.1201923076923077
0 0.5432692307692307 0.8028846153846154 0.06490384615384616 0.06490384615384616
0 0.5384615384615384 0.9158653846153846 0.040865384615384616 0.04326923076923077
0 0.44350961538461536 0.9098557692307693 0.0625 0.0625
0 0.5252403846153846 0.9735576923076923 0.026442307692307692 0.026442307692307692
0 0.53125 0.9903846153846154 0.028846153846153848 0.014423076923076924
0 0.4735576923076923 0.9807692307692307 0.021634615384615384 0.021634615384615384
0 0.6887019230769231 0.9170673076923077 0.06009615384615385 0.11778846153846154