0 0.6947115384615384 0.22355769230769232 0.038461538461538464 0.040865384615384616
0 0.96875 0.03125 0.057692307692307696 0.0625
0 0.65625 0.2512019230769231 0.036057692307692304 0.038461538461538464
0 0.9471153846153846 0.3173076923076923 0.10096153846153846 0.057692307692307696
0 0.7908653846153846 0.15865384615384615 0.04326923076923077 0.04567307692307692
0 0.5997596153846154 0.2848557692307692 0.06009615384615385 0.0625
0 0.19230769230769232 0.6538461538461539 0.3485576923076923 0.37740384615384615
0 0.013221153846153846 0.6766826923076923 0.026442307692307692 0.11778846153846154
0 0.04567307692307692 0.5829326923076923 0.09134615384615384 0.10817307692307693
0 0.018028846153846152 0.5540865384615384 0.036057692307692304 0.09375
0 0.038461538461538464 0.5084134615384616 0.07692307692307693 0.0889423076923077
0 0.03365384615384615 0.4411057692307692 0.0673076923076923 0.07451923076923077
0 0.016826923076923076 0.47716346153846156 0.03365384615384615 0.07451923076923077
0 0.014423076923076924 0.4182692307692308 0.028846153846153848 0.0625
0 0.03365384615384615 0.38100961538461536 0.06009615384615385 0.06009615384615385
0 0.030048076923076924 0.3545673076923077 0.06009615384615385 0.01201923076923077
0 0.01201923076923077 0.3762019230769231 0.02403846153846154 0.04567307692307692
0 0.1346153846153846 0.49399038461538464 0.11778846153846154 0.10817307692307693
0 0.5637019230769231 0.7668269230769231 0.07932692307692307 0.08653846153846154
0 0.8882211538461539 0.609375 0.18990384615384615 0.19471153846153846
0 0.9675480769230769 0.640625 0.06009615384615385 0.25240384615384615
0 0.5240384615384616 0.7836538461538461 0.028846153846153848 0.07211538461538461
0 0.7680288461538461 0.6598557692307693 0.057692307692307696 0.052884615384615384