0 0.6706730769230769 0.13822115384615385 0.11778846153846154 0.11057692307692307
0 0.6826923076923077 0.21754807692307693 0.07451923076923077 0.08413461538461539
0 0.6947115384615384 0.27524038461538464 0.08653846153846154 0.0889423076923077
0 0.7259615384615384 0.22355769230769232 0.055288461538461536 0.07211538461538461
0 0.7379807692307693 0.41466346153846156 0.09134615384615384 0.09134615384615384
0 0.7139423076923077 0.3485576923076923 0.07692307692307693 0.07692307692307693
0 0.7536057692307693 0.32211538461538464 0.07451923076923077 0.07692307692307693
0 0.7439903846153846 0.27283653846153844 0.06490384615384616 0.07451923076923077
0 0.7896634615384616 0.45072115384615385 0.07211538461538461 0.06490384615384616
0 0.8329326923076923 0.47475961538461536 0.0625 0.057692307692307696
0 0.8125 0.3233173076923077 0.09615384615384616 0.0985576923076923
0 0.8317307692307693 0.38341346153846156 0.06490384615384616 0.0625
0 0.8653846153846154 0.4182692307692308 0.04807692307692308 0.04807692307692308
0 0.8737980769230769 0.3942307692307692 0.038461538461538464 0.04567307692307692
0 0.8930288461538461 0.44350961538461536 0.040865384615384616 0.040865384615384616
0 0.9567307692307693 0.49158653846153844 0.036057692307692304 0.03365384615384615
0 0.06009615384615385 0.9350961538461539 0.1201923076923077 0.125
0 0.5132211538461539 0.9122596153846154 0.36778846153846156 0.17067307692307693
0 0.9170673076923077 0.7259615384615384 0.0625 0.07211538461538461