0 0.17548076923076922 0.5516826923076923 0.03365384615384615 0.03125
0 0.203125 0.5180288461538461 0.03125 0.03365384615384615
0 0.24639423076923078 0.46875 0.052884615384615384 0.055288461538461536
0 0.33653846153846156 0.1875 0.016826923076923076 0.021634615384615384
0 0.35216346153846156 0.15384615384615385 0.02403846153846154 0.028846153846153848
0 0.31490384615384615 0.3449519230769231 0.04567307692307692 0.055288461538461536
0 0.36177884615384615 0.2247596153846154 0.02403846153846154 0.02403846153846154
0 0.3786057692307692 0.17067307692307693 0.028846153846153848 0.028846153846153848
0 0.8389423076923077 0.1201923076923077 0.11538461538461539 0.14423076923076922
0 0.7536057692307693 0.29447115384615385 0.16826923076923078 0.21394230769230768
0 0.71875 0.21514423076923078 0.12980769230769232 0.17307692307692307
0 0.6033653846153846 0.41466346153846156 0.1875 0.2403846153846154
0 0.9074519230769231 0.21754807692307693 0.17548076923076922 0.2668269230769231
0 0.8305288461538461 0.057692307692307696 0.10817307692307693 0.11538461538461539
0 0.6610576923076923 0.5264423076923077 0.125 0.08173076923076923
0 0.4495192307692308 0.7211538461538461 0.052884615384615384 0.10096153846153846
0 0.3605769230769231 0.8894230769230769 0.0985576923076923 0.0985576923076923
0 0.7524038461538461 0.8870192307692307 0.2692307692307692 0.22115384615384615