0 0.5673076923076923 0.4266826923076923 0.1971153846153846 0.16105769230769232
0 0.5721153846153846 0.04447115384615385 0.11057692307692307 0.0889423076923077
0 0.39302884615384615 0.2932692307692308 0.5456730769230769 0.42788461538461536
0 0.6466346153846154 0.22596153846153846 0.038461538461538464 0.10576923076923077
0 0.4951923076923077 0.09615384615384616 0.15625 0.125
0 0.6370192307692307 0.11298076923076923 0.057692307692307696 0.11538461538461539
0 0.640625 0.055288461538461536 0.05048076923076923 0.08653846153846154
0 0.640625 0.03125 0.05048076923076923 0.0625
0 0.5889423076923077 0.5913461538461539 0.0889423076923077 0.0889423076923077
0 0.6418269230769231 0.8990384615384616 0.04807692307692308 0.125
0 0.9699519230769231 0.8221153846153846 0.055288461538461536 0.1346153846153846
0 0.9819711538461539 0.7596153846153846 0.03125 0.125
0 0.75 0.5408653846153846 0.12980769230769232 0.0625
0 0.7728365384615384 0.6502403846153846 0.17067307692307693 0.17067307692307693
0 0.96875 0.6995192307692307 0.057692307692307696 0.11057692307692307
0 0.9783653846153846 0.6550480769230769 0.038461538461538464 0.10336538461538461
0 0.9230769230769231 0.609375 0.10336538461538461 0.11298076923076923
0 0.8293269230769231 0.6021634615384616 0.13221153846153846 0.13701923076923078
0 0.6923076923076923 0.5829326923076923 0.04807692307692308 0.1466346153846154
0 0.8473557692307693 0.7608173076923077 0.18028846153846154 0.1875