0 0.28846153846153844 0.054086538461538464 0.375 0.10817307692307693
0 0.34134615384615385 0.328125 0.17307692307692307 0.16346153846153846
0 0.09615384615384616 0.37740384615384615 0.06971153846153846 0.0673076923076923
0 0.44471153846153844 0.30288461538461536 0.040865384615384616 0.038461538461538464
0 0.8822115384615384 0.29447115384615385 0.23076923076923078 0.23798076923076922
0 0.6706730769230769 0.17427884615384615 0.22355769230769232 0.20673076923076922
0 0.19951923076923078 0.7824519230769231 0.28846153846153844 0.2764423076923077
0 0.21153846153846154 0.6586538461538461 0.28846153846153844 0.2403846153846154
0 0.43509615384615385 0.6262019230769231 0.08173076923076923 0.17548076923076922
0 0.43028846153846156 0.7223557692307693 0.09134615384615384 0.15144230769230768
0 0.31850961538461536 0.8533653846153846 0.19230769230769232 0.17307692307692307
0 0.4519230769230769 0.90625 0.04807692307692308 0.12980769230769232
0 0.052884615384615384 0.921875 0.10576923076923077 0.15144230769230768
0 0.25240384615384615 0.8557692307692307 0.44711538461538464 0.28365384615384615
0 0.5745192307692307 0.7728365384615384 0.19230769230769232 0.2860576923076923