0 0.17908653846153846 0.7427884615384616 0.12259615384615384 0.0673076923076923
0 0.5180288461538461 0.3701923076923077 0.036057692307692304 0.09134615384615384
0 0.3870192307692308 0.6081730769230769 0.09615384615384616 0.0985576923076923
0 0.33653846153846156 0.671875 0.0889423076923077 0.09134615384615384
0 0.18509615384615385 0.18629807692307693 0.35096153846153844 0.34615384615384615
0 0.0985576923076923 0.4519230769230769 0.1971153846153846 0.4423076923076923
0 0.44591346153846156 0.6141826923076923 0.06009615384615385 0.0625
0 0.5264423076923077 0.5288461538461539 0.019230769230769232 0.052884615384615384
0 0.46875 0.5637019230769231 0.040865384615384616 0.040865384615384616
0 0.5036057692307693 0.5576923076923077 0.05048076923076923 0.05048076923076923
0 0.5901442307692307 0.47115384615384615 0.10336538461538461 0.2692307692307692
0 0.6658653846153846 0.1622596153846154 0.2548076923076923 0.2956730769230769
0 0.7920673076923077 0.25721153846153844 0.3076923076923077 0.31009615384615385
0 0.7439903846153846 0.4014423076923077 0.21634615384615385 0.21875
0 0.5685096153846154 0.3485576923076923 0.06009615384615385 0.33653846153846156
0 0.9314903846153846 0.8846153846153846 0.1346153846153846 0.13701923076923078
0 0.9050480769230769 0.9831730769230769 0.11298076923076923 0.028846153846153848
0 0.9591346153846154 0.9338942307692307 0.07692307692307693 0.12740384615384615
0 0.6875 0.9651442307692307 0.15384615384615385 0.06490384615384616
0 0.9603365384615384 0.8293269230769231 0.07451923076923077 0.10096153846153846