0 0.35216346153846156 0.3125 0.038461538461538464 0.038461538461538464
0 0.35336538461538464 0.3449519230769231 0.038461538461538464 0.036057692307692304
0 0.34134615384615385 0.26802884615384615 0.028846153846153848 0.03125
0 0.25841346153846156 0.010817307692307692 0.021634615384615384 0.019230769230769232
0 0.2920673076923077 0.0985576923076923 0.021634615384615384 0.021634615384615384
0 0.31009615384615385 0.6189903846153846 0.2548076923076923 0.47836538461538464
0 0.7512019230769231 0.7331730769230769 0.22115384615384615 0.1971153846153846
0 0.8137019230769231 0.4362980769230769 0.13701923076923078 0.11298076923076923
0 0.5528846153846154 0.734375 0.13942307692307693 0.15384615384615385
0 0.71875 0.5552884615384616 0.21394230769230768 0.18509615384615385
0 0.8317307692307693 0.7524038461538461 0.3317307692307692 0.4326923076923077
0 0.9579326923076923 0.8557692307692307 0.07932692307692307 0.12980769230769232
0 0.9747596153846154 0.9711538461538461 0.04567307692307692 0.052884615384615384
0 0.9182692307692307 0.45913461538461536 0.11778846153846154 0.11057692307692307
0 0.96875 0.4963942307692308 0.057692307692307696 0.11298076923076923
0 0.9615384615384616 0.39903846153846156 0.07211538461538461 0.038461538461538464
0 0.9855769230769231 0.4266826923076923 0.02403846153846154 0.08413461538461539
0 0.8569711538461539 0.5396634615384616 0.14903846153846154 0.12980769230769232
0 0.6574519230769231 0.9266826923076923 0.15144230769230768 0.14182692307692307
0 0.7596153846153846 0.9867788461538461 0.20673076923076922 0.021634615384615384