0 0.16826923076923078 0.390625 0.055288461538461536 0.0625
0 0.01201923076923077 0.17427884615384615 0.02403846153846154 0.04567307692307692
0 0.06610576923076923 0.2512019230769231 0.04807692307692308 0.057692307692307696
0 0.21995192307692307 0.1310096153846154 0.0889423076923077 0.09615384615384616
0 0.6021634615384616 0.11538461538461539 0.0889423076923077 0.09134615384615384
0 0.5661057692307693 0.45552884615384615 0.016826923076923076 0.05048076923076923
0 0.9098557692307693 0.12860576923076922 0.17548076923076922 0.18509615384615385
0 0.6670673076923077 0.39783653846153844 0.09615384615384616 0.06971153846153846
0 0.9711538461538461 0.33774038461538464 0.052884615384615384 0.16105769230769232
0 0.23317307692307693 0.6622596153846154 0.20192307692307693 0.10817307692307693
0 0.6117788461538461 0.9302884615384616 0.10817307692307693 0.125