0 0.14543269230769232 0.03365384615384615 0.057692307692307696 0.0625
0 0.6418269230769231 0.23677884615384615 0.15384615384615385 0.13701923076923078
0 0.039663461538461536 0.3545673076923077 0.07932692307692307 0.09375
0 0.3545673076923077 0.9675480769230769 0.14182692307692307 0.06009615384615385
0 0.33774038461538464 0.8725961538461539 0.17548076923076922 0.25
0 0.13581730769230768 0.8581730769230769 0.12259615384615384 0.12980769230769232
0 0.040865384615384616 0.7235576923076923 0.08173076923076923 0.09615384615384616
0 0.24278846153846154 0.9495192307692307 0.11538461538461539 0.09615384615384616
0 0.22235576923076922 0.8665865384615384 0.1466346153846154 0.1658653846153846
0 0.056490384615384616 0.7836538461538461 0.07932692307692307 0.08173076923076923
0 0.06490384615384616 0.8209134615384616 0.06971153846153846 0.07211538461538461
0 0.015625 0.7560096153846154 0.03125 0.06009615384615385
0 0.025240384615384616 0.796875 0.05048076923076923 0.06009615384615385
0 0.006009615384615385 0.7776442307692307 0.01201923076923077 0.055288461538461536