0 0.6298076923076923 0.6454326923076923 0.052884615384615384 0.1466346153846154
0 0.5396634615384616 0.6418269230769231 0.16105769230769232 0.14182692307692307
0 0.40024038461538464 0.7235576923076923 0.11298076923076923 0.0673076923076923
0 0.6021634615384616 0.7475961538461539 0.0985576923076923 0.019230769230769232
0 0.49399038461538464 0.7271634615384616 0.11298076923076923 0.06009615384615385
0 0.921875 0.6358173076923077 0.08173076923076923 0.05048076923076923
0 0.671875 0.46875 0.026442307692307692 0.10096153846153846
0 0.8197115384615384 0.5685096153846154 0.09134615384615384 0.13701923076923078
0 0.8137019230769231 0.6430288461538461 0.03365384615384615 0.038461538461538464
0 0.8966346153846154 0.6129807692307693 0.055288461538461536 0.055288461538461536
0 0.8665865384615384 0.6538461538461539 0.055288461538461536 0.05048076923076923
0 0.9266826923076923 0.6382211538461539 0.055288461538461536 0.057692307692307696
0 0.9038461538461539 0.6586538461538461 0.05048076923076923 0.05048076923076923
0 0.8786057692307693 0.6802884615384616 0.057692307692307696 0.04567307692307692
0 0.9579326923076923 0.6538461538461539 0.04567307692307692 0.05048076923076923
0 0.9338942307692307 0.6790865384615384 0.040865384615384616 0.036057692307692304
0 0.9050480769230769 0.7067307692307693 0.06009615384615385 0.07451923076923077
0 0.9387019230769231 0.703125 0.021634615384615384 0.026442307692307692
0 0.9819711538461539 0.6670673076923077 0.03125 0.04567307692307692
0 0.9591346153846154 0.6899038461538461 0.028846153846153848 0.03125
0 0.9783653846153846 0.6971153846153846 0.028846153846153848 0.03365384615384615
0 0.9927884615384616 0.6790865384615384 0.009615384615384616 0.04567307692307692
0 0.9891826923076923 0.7067307692307693 0.016826923076923076 0.03365384615384615
0 0.125 0.8990384615384616 0.25 0.1971153846153846
0 0.08052884615384616 0.9675480769230769 0.16105769230769232 0.06009615384615385
0 0.7463942307692307 0.9290865384615384 0.07932692307692307 0.08413461538461539
0 0.8233173076923077 0.9074519230769231 0.08173076923076923 0.06971153846153846
0 0.6923076923076923 0.9266826923076923 0.0673076923076923 0.06971153846153846