0 0.1201923076923077 0.30288461538461536 0.028846153846153848 0.03365384615384615
0 0.31009615384615385 0.171875 0.06971153846153846 0.09615384615384616
0 0.17668269230769232 0.35336538461538464 0.021634615384615384 0.021634615384615384
0 0.2956730769230769 0.41346153846153844 0.01201923076923077 0.01201923076923077
0 0.27163461538461536 0.4014423076923077 0.014423076923076924 0.016826923076923076
0 0.3016826923076923 0.4254807692307692 0.009615384615384616 0.01201923076923077
0 0.3161057692307692 0.44350961538461536 0.007211538461538462 0.009615384615384616
0 0.953125 0.06610576923076923 0.0889423076923077 0.13221153846153846
0 0.6382211538461539 0.1778846153846154 0.0985576923076923 0.09615384615384616
0 0.9122596153846154 0.1466346153846154 0.1466346153846154 0.1201923076923077
0 0.6069711538461539 0.24519230769230768 0.08413461538461539 0.07451923076923077
0 0.5 0.2764423076923077 0.0625 0.055288461538461536
0 0.45552884615384615 0.25240384615384615 0.07451923076923077 0.07692307692307693
0 0.46634615384615385 0.1346153846153846 0.09615384615384616 0.09134615384615384
0 0.21033653846153846 0.6766826923076923 0.06009615384615385 0.055288461538461536
0 0.2860576923076923 0.7091346153846154 0.06490384615384616 0.0625
0 0.25961538461538464 0.7475961538461539 0.057692307692307696 0.0625
0 0.3076923076923077 0.8100961538461539 0.05048076923076923 0.05048076923076923
0 0.33533653846153844 0.7872596153846154 0.052884615384615384 0.052884615384615384
0 0.3701923076923077 0.8341346153846154 0.04326923076923077 0.040865384615384616
0 0.34134615384615385 0.8617788461538461 0.036057692307692304 0.038461538461538464
0 0.32091346153846156 0.8774038461538461 0.036057692307692304 0.038461538461538464
0 0.3425480769230769 0.9074519230769231 0.028846153846153848 0.03365384615384615
0 0.3641826923076923 0.8810096153846154 0.02403846153846154 0.03125
0 0.40384615384615385 0.8858173076923077 0.02403846153846154 0.026442307692307692
0 0.3629807692307692 0.9302884615384616 0.03125 0.03365384615384615
0 0.4050480769230769 0.9459134615384616 0.021634615384615384 0.03125
0 0.23557692307692307 0.7860576923076923 0.1971153846153846 0.18990384615384615
0 0.7295673076923077 0.953125 0.028846153846153848 0.036057692307692304
0 0.43509615384615385 0.7956730769230769 0.03365384615384615 0.0673076923076923
0 0.5300480769230769 0.9002403846153846 0.040865384615384616 0.040865384615384616
0 0.5925480769230769 0.8209134615384616 0.06490384615384616 0.07451923076923077