0 0.31850961538461536 0.03125 0.03125 0.02403846153846154
0 0.3629807692307692 0.028846153846153848 0.014423076923076924 0.021634615384615384
0 0.4831730769230769 0.140625 0.016826923076923076 0.021634615384615384
0 0.4963942307692308 0.11057692307692307 0.002403846153846154 0.014423076923076924
0 0.8449519230769231 0.054086538461538464 0.14182692307692307 0.10817307692307693
0 0.5276442307692307 0.04447115384615385 0.055288461538461536 0.0889423076923077
0 0.5576923076923077 0.22235576923076922 0.11538461538461539 0.24278846153846154
0 0.046875 0.6478365384615384 0.07211538461538461 0.07211538461538461
0 0.2692307692307692 0.5709134615384616 0.040865384615384616 0.02403846153846154
0 0.4567307692307692 0.6057692307692307 0.036057692307692304 0.02403846153846154
0 0.39903846153846156 0.5877403846153846 0.038461538461538464 0.028846153846153848
0 0.49158653846153844 0.6129807692307693 0.01201923076923077 0.02403846153846154
0 0.9338942307692307 0.5120192307692307 0.07932692307692307 0.0673076923076923
0 0.7211538461538461 0.44711538461538464 0.0625 0.057692307692307696
0 0.6021634615384616 0.43509615384615385 0.05048076923076923 0.03365384615384615
0 0.5360576923076923 0.4326923076923077 0.057692307692307696 0.028846153846153848