0 0.3425480769230769 0.265625 0.08173076923076923 0.08653846153846154
0 0.5012019230769231 0.19110576923076922 0.03125 0.06490384615384616
0 0.10817307692307693 0.09495192307692307 0.21634615384615385 0.18990384615384615
0 0.49278846153846156 0.12259615384615384 0.04807692307692308 0.10576923076923077
0 0.453125 0.23798076923076922 0.0625 0.0673076923076923
0 0.47115384615384615 0.2824519230769231 0.04326923076923077 0.04326923076923077
0 0.5012019230769231 0.29447115384615385 0.03125 0.036057692307692304
0 0.45552884615384615 0.3112980769230769 0.026442307692307692 0.026442307692307692
0 0.296875 0.1346153846153846 0.1466346153846154 0.15625
0 0.390625 0.19831730769230768 0.09134615384615384 0.09375
0 0.3629807692307692 0.3786057692307692 0.019230769230769232 0.021634615384615384
0 0.3473557692307692 0.390625 0.016826923076923076 0.01201923076923077
0 0.33533653846153844 0.39302884615384615 0.021634615384615384 0.007211538461538462
0 0.4254807692307692 0.3401442307692308 0.019230769230769232 0.016826923076923076
0 0.43149038461538464 0.3485576923076923 0.019230769230769232 0.016826923076923076
0 0.44591346153846156 0.32572115384615385 0.014423076923076924 0.014423076923076924
0 0.4519230769230769 0.33413461538461536 0.02403846153846154 0.021634615384615384
0 0.47716346153846156 0.3137019230769231 0.02403846153846154 0.02403846153846154
0 0.4074519230769231 0.3581730769230769 0.021634615384615384 0.019230769230769232
0 0.5913461538461539 0.296875 0.13701923076923078 0.14182692307692307
0 0.20072115384615385 0.9807692307692307 0.06009615384615385 0.03365384615384615
0 0.31009615384615385 0.8798076923076923 0.07932692307692307 0.06971153846153846
0 0.33653846153846156 0.734375 0.10336538461538461 0.11538461538461539
0 0.48197115384615385 0.6574519230769231 0.06971153846153846 0.13221153846153846
0 0.44350961538461536 0.7872596153846154 0.0985576923076923 0.09134615384615384
0 0.30288461538461536 0.9230769230769231 0.08413461538461539 0.06971153846153846
0 0.24158653846153846 0.9759615384615384 0.06009615384615385 0.04326923076923077
0 0.9759615384615384 0.7596153846153846 0.04567307692307692 0.040865384615384616
0 0.9819711538461539 0.6670673076923077 0.03125 0.06490384615384616
0 0.9278846153846154 0.6370192307692307 0.06971153846153846 0.06971153846153846
0 0.5961538461538461 0.5216346153846154 0.15384615384615385 0.20192307692307693
0 0.9375 0.5552884615384616 0.0985576923076923 0.10336538461538461