0 0.08774038461538461 0.15985576923076922 0.040865384615384616 0.04567307692307692
0 0.05889423076923077 0.04326923076923077 0.06971153846153846 0.08173076923076923
0 0.13822115384615385 0.49038461538461536 0.07451923076923077 0.09134615384615384
0 0.12620192307692307 0.40865384615384615 0.055288461538461536 0.0673076923076923
0 0.12379807692307693 0.3449519230769231 0.055288461538461536 0.057692307692307696
0 0.09014423076923077 0.27163461538461536 0.09375 0.13221153846153846
0 0.07932692307692307 0.12620192307692307 0.040865384615384616 0.040865384615384616
0 0.07692307692307693 0.09134615384615384 0.036057692307692304 0.038461538461538464
0 0.06850961538461539 0.15144230769230768 0.03125 0.038461538461538464
0 0.7391826923076923 0.006009615384615385 0.040865384615384616 0.01201923076923077
0 0.3701923076923077 0.953125 0.15384615384615385 0.0889423076923077