0 0.3545673076923077 0.4026442307692308 0.06971153846153846 0.09375
0 0.6370192307692307 0.06490384615384616 0.10096153846153846 0.11778846153846154
0 0.7259615384615384 0.17908653846153846 0.08413461538461539 0.09615384615384616
0 0.7079326923076923 0.05889423076923077 0.0985576923076923 0.10336538461538461
0 0.7920673076923077 0.17908653846153846 0.06009615384615385 0.06971153846153846
0 0.8052884615384616 0.27163461538461536 0.057692307692307696 0.06971153846153846
0 0.5697115384615384 0.3293269230769231 0.1346153846153846 0.10817307692307693
0 0.8641826923076923 0.265625 0.06009615384615385 0.06490384615384616
0 0.8569711538461539 0.32091346153846156 0.052884615384615384 0.06490384615384616
0 0.18509615384615385 0.7115384615384616 0.14182692307692307 0.18269230769230768
0 0.1971153846153846 0.8822115384615384 0.14423076923076922 0.18269230769230768
0 0.32572115384615385 0.9375 0.11057692307692307 0.1201923076923077
0 0.3449519230769231 0.8894230769230769 0.06009615384615385 0.0673076923076923
0 0.22596153846153846 0.65625 0.14903846153846154 0.09615384615384616
0 0.3858173076923077 0.9230769230769231 0.040865384615384616 0.09615384615384616
0 0.9867788461538461 0.921875 0.021634615384615384 0.0985576923076923
0 0.9423076923076923 0.765625 0.11057692307692307 0.0889423076923077
0 0.9579326923076923 0.9399038461538461 0.07932692307692307 0.0625
0 0.8701923076923077 0.9603365384615384 0.06971153846153846 0.06490384615384616
0 0.7800480769230769 0.8762019230769231 0.09375 0.1346153846153846
0 0.6682692307692307 0.9567307692307693 0.22115384615384615 0.08173076923076923