0 0.6778846153846154 0.28966346153846156 0.057692307692307696 0.06009615384615385
0 0.44350961538461536 0.19591346153846154 0.04567307692307692 0.038461538461538464
0 0.5697115384615384 0.23798076923076922 0.07932692307692307 0.057692307692307696
0 0.35096153846153844 0.16105769230769232 0.04326923076923077 0.028846153846153848
0 0.15745192307692307 0.08774038461538461 0.021634615384615384 0.019230769230769232
0 0.2776442307692308 0.12740384615384615 0.04326923076923077 0.03365384615384615
0 0.13701923076923078 0.07572115384615384 0.019230769230769232 0.02403846153846154
0 0.11778846153846154 0.06971153846153846 0.02403846153846154 0.02403846153846154
0 0.18990384615384615 0.0985576923076923 0.03365384615384615 0.02403846153846154
0 0.4338942307692308 0.6875 0.1658653846153846 0.11298076923076923
0 0.6598557692307693 0.7632211538461539 0.09375 0.12259615384615384
0 0.5420673076923077 0.6730769230769231 0.1346153846153846 0.08653846153846154
0 0.2764423076923077 0.8870192307692307 0.20432692307692307 0.17307692307692307
0 0.4639423076923077 0.8581730769230769 0.1971153846153846 0.16346153846153846
0 0.5540865384615384 0.96875 0.2283653846153846 0.057692307692307696
0 0.22716346153846154 0.6346153846153846 0.13942307692307693 0.09615384615384616
0 0.32572115384615385 0.7223557692307693 0.12740384615384615 0.10576923076923077
0 0.5865384615384616 0.8064903846153846 0.20192307692307693 0.14903846153846154
0 0.8401442307692307 0.6262019230769231 0.04326923076923077 0.0673076923076923
0 0.9891826923076923 0.5480769230769231 0.016826923076923076 0.04807692307692308
0 0.8978365384615384 0.578125 0.04807692307692308 0.0625
0 0.9507211538461539 0.5612980769230769 0.04326923076923077 0.052884615384615384