0 0.23317307692307693 0.5192307692307693 0.03125 0.03365384615384615
0 0.5 0.2704326923076923 0.0625 0.06490384615384616
0 0.6802884615384616 0.30528846153846156 0.11057692307692307 0.08653846153846154
0 0.49278846153846156 0.35096153846153844 0.04807692307692308 0.052884615384615384
0 0.6225961538461539 0.3401442307692308 0.07211538461538461 0.06971153846153846
0 0.5576923076923077 0.36658653846153844 0.05048076923076923 0.05048076923076923
0 0.9603365384615384 0.3425480769230769 0.07451923076923077 0.11298076923076923
0 0.13581730769230768 0.8858173076923077 0.06009615384615385 0.057692307692307696
0 0.1622596153846154 0.9771634615384616 0.040865384615384616 0.03365384615384615
0 0.040865384615384616 0.8221153846153846 0.08173076923076923 0.08653846153846154
0 0.30408653846153844 0.8834134615384616 0.07932692307692307 0.0889423076923077
0 0.38822115384615385 0.9591346153846154 0.04807692307692308 0.057692307692307696
0 0.18269230769230768 0.9579326923076923 0.04326923076923077 0.04326923076923077
0 0.32211538461538464 0.953125 0.055288461538461536 0.0625
0 0.3858173076923077 0.9867788461538461 0.040865384615384616 0.021634615384615384