0 0.33533653846153844 0.5012019230769231 0.07932692307692307 0.03125
0 0.5528846153846154 0.33052884615384615 0.2692307692307692 0.37259615384615385
0 0.6778846153846154 0.35336538461538464 0.24759615384615385 0.25721153846153844
0 0.7776442307692307 0.45913461538461536 0.19951923076923078 0.11538461538461539
0 0.8317307692307693 0.47596153846153844 0.22115384615384615 0.08173076923076923
0 0.8461538461538461 0.31490384615384615 0.30288461538461536 0.40384615384615385
0 0.9507211538461539 0.4411057692307692 0.09375 0.15144230769230768
0 0.78125 0.9555288461538461 0.1201923076923077 0.08413461538461539
0 0.8329326923076923 0.9675480769230769 0.07451923076923077 0.06009615384615385
0 0.8209134615384616 0.9098557692307693 0.08413461538461539 0.08413461538461539
0 0.9026442307692307 0.9338942307692307 0.0673076923076923 0.0673076923076923
0 0.8653846153846154 0.8774038461538461 0.10336538461538461 0.10817307692307693
0 0.8990384615384616 0.8052884615384616 0.08413461538461539 0.08653846153846154
0 0.9254807692307693 0.828125 0.057692307692307696 0.06490384615384616
0 0.8653846153846154 0.9459134615384616 0.07692307692307693 0.07451923076923077
0 0.8641826923076923 0.9831730769230769 0.06490384615384616 0.028846153846153848
0 0.8990384615384616 0.9819711538461539 0.07211538461538461 0.03125