0 0.3485576923076923 0.28846153846153844 0.34375 0.31971153846153844
0 0.4387019230769231 0.11057692307692307 0.3581730769230769 0.22115384615384615
0 0.13221153846153846 0.21394230769230768 0.1778846153846154 0.17307692307692307
0 0.10817307692307693 0.359375 0.20192307692307693 0.18028846153846154
0 0.054086538461538464 0.2620192307692308 0.10817307692307693 0.125
0 0.039663461538461536 0.38221153846153844 0.07932692307692307 0.1346153846153846
0 0.015625 0.2980769230769231 0.03125 0.09615384615384616
0 0.9338942307692307 0.051682692307692304 0.12740384615384615 0.10336538461538461
0 0.9074519230769231 0.4963942307692308 0.18028846153846154 0.07932692307692307
0 0.7992788461538461 0.20072115384615385 0.3389423076923077 0.4014423076923077
0 0.10576923076923077 0.8197115384615384 0.21153846153846154 0.22115384615384615
0 0.051682692307692304 0.8257211538461539 0.10336538461538461 0.2091346153846154
0 0.03125 0.9338942307692307 0.0625 0.12740384615384615
0 0.10096153846153846 0.6370192307692307 0.12740384615384615 0.1346153846153846
0 0.08173076923076923 0.5540865384615384 0.10096153846153846 0.03125
0 0.037259615384615384 0.5913461538461539 0.07451923076923077 0.10576923076923077
0 0.014423076923076924 0.6153846153846154 0.028846153846153848 0.09615384615384616
0 0.013221153846153846 0.5588942307692307 0.026442307692307692 0.040865384615384616
0 0.8401442307692307 0.6490384615384616 0.10576923076923077 0.11298076923076923
0 0.8798076923076923 0.8137019230769231 0.15144230769230768 0.15865384615384615
0 0.7740384615384616 0.5625 0.0673076923076923 0.04807692307692308
0 0.8064903846153846 0.7776442307692307 0.35336538461538464 0.43990384615384615
0 0.7920673076923077 0.5576923076923077 0.14182692307692307 0.038461538461538464