0 0.15144230769230768 0.36538461538461536 0.30288461538461536 0.30288461538461536
0 0.41947115384615385 0.4879807692307692 0.1466346153846154 0.11538461538461539
0 0.5144230769230769 0.5300480769230769 0.08653846153846154 0.03125
0 0.24519230769230768 0.171875 0.3557692307692308 0.34375
0 0.6021634615384616 0.49278846153846156 0.06971153846153846 0.10576923076923077
0 0.4987980769230769 0.39903846153846156 0.18269230769230768 0.22355769230769232
0 0.9290865384615384 0.2548076923076923 0.0889423076923077 0.09134615384615384
0 0.9651442307692307 0.4795673076923077 0.036057692307692304 0.03365384615384615
0 0.7043269230769231 0.5336538461538461 0.028846153846153848 0.02403846153846154
0 0.4567307692307692 0.6274038461538461 0.07451923076923077 0.07451923076923077
0 0.5120192307692307 0.6935096153846154 0.04807692307692308 0.04326923076923077
0 0.38100961538461536 0.6069711538461539 0.021634615384615384 0.021634615384615384
0 0.5168269230769231 0.6201923076923077 0.0889423076923077 0.08173076923076923
0 0.5841346153846154 0.6117788461538461 0.07451923076923077 0.06971153846153846
0 0.4495192307692308 0.6838942307692307 0.057692307692307696 0.05048076923076923
0 0.3557692307692308 0.6670673076923077 0.057692307692307696 0.057692307692307696
0 0.39783653846153844 0.6213942307692307 0.0673076923076923 0.07211538461538461
0 0.30649038461538464 0.71875 0.055288461538461536 0.0625
0 0.3173076923076923 0.7944711538461539 0.040865384615384616 0.038461538461538464
0 0.08774038461538461 0.765625 0.028846153846153848 0.036057692307692304
0 0.2439903846153846 0.8485576923076923 0.028846153846153848 0.026442307692307692
0 0.2920673076923077 0.8341346153846154 0.03125 0.03125
0 0.38822115384615385 0.6862980769230769 0.052884615384615384 0.052884615384615384
0 0.20793269230769232 0.8798076923076923 0.019230769230769232 0.019230769230769232
0 0.41346153846153844 0.734375 0.052884615384615384 0.04807692307692308
0 0.35216346153846156 0.7199519230769231 0.04807692307692308 0.052884615384615384
0 0.375 0.7764423076923077 0.03125 0.03125
0 0.33653846153846156 0.8233173076923077 0.03125 0.026442307692307692
0 0.27283653846153844 0.7920673076923077 0.03365384615384615 0.036057692307692304
0 0.3317307692307692 0.7439903846153846 0.04807692307692308 0.04326923076923077
0 0.14182692307692307 0.8557692307692307 0.02403846153846154 0.03125
0 0.2644230769230769 0.8689903846153846 0.021634615384615384 0.021634615384615384
0 0.2091346153846154 0.8942307692307693 0.016826923076923076 0.019230769230769232
0 0.1875 0.8954326923076923 0.016826923076923076 0.019230769230769232
0 0.17067307692307693 0.9038461538461539 0.019230769230769232 0.019230769230769232
0 0.18870192307692307 0.9098557692307693 0.016826923076923076 0.019230769230769232
0 0.12259615384615384 0.9074519230769231 0.019230769230769232 0.019230769230769232
0 0.11298076923076923 0.9170673076923077 0.01201923076923077 0.01201923076923077
0 0.15504807692307693 0.9182692307692307 0.016826923076923076 0.014423076923076924
0 0.14423076923076922 0.9254807692307693 0.014423076923076924 0.014423076923076924
0 0.16826923076923078 0.921875 0.014423076923076924 0.016826923076923076
0 0.15625 0.9266826923076923 0.01201923076923077 0.01201923076923077
0 0.10216346153846154 0.9302884615384616 0.01201923076923077 0.01201923076923077
0 0.09975961538461539 0.9399038461538461 0.01201923076923077 0.01201923076923077
0 0.08173076923076923 0.9399038461538461 0.01201923076923077 0.01201923076923077
0 0.13942307692307693 0.9423076923076923 0.009615384615384616 0.009615384615384616
0 0.7536057692307693 0.9146634615384616 0.09615384615384616 0.0889423076923077