0 0.24519230769230768 0.5625 0.04567307692307692 0.05048076923076923
0 0.3004807692307692 0.6021634615384616 0.02403846153846154 0.026442307692307692
0 0.265625 0.5360576923076923 0.04567307692307692 0.04567307692307692
0 0.19110576923076922 0.4387019230769231 0.052884615384615384 0.055288461538461536
0 0.5324519230769231 0.018028846153846152 0.1466346153846154 0.036057692307692304
0 0.9074519230769231 0.5949519230769231 0.0985576923076923 0.06490384615384616
0 0.0733173076923077 0.8737980769230769 0.06971153846153846 0.07932692307692307
0 0.05889423076923077 0.9567307692307693 0.08413461538461539 0.07692307692307693
0 0.7403846153846154 0.9495192307692307 0.08173076923076923 0.06490384615384616
0 0.8677884615384616 0.9807692307692307 0.057692307692307696 0.03365384615384615
0 0.8834134615384616 0.9495192307692307 0.04567307692307692 0.04567307692307692
0 0.9663461538461539 0.8052884615384616 0.028846153846153848 0.03125
0 0.9735576923076923 0.7355769230769231 0.021634615384615384 0.021634615384615384
0 0.9903846153846154 0.7463942307692307 0.014423076923076924 0.016826923076923076
0 0.9951923076923077 0.7608173076923077 0.004807692307692308 0.021634615384615384
0 0.9891826923076923 0.7740384615384616 0.019230769230769232 0.021634615384615384