0 0.3389423076923077 0.29447115384615385 0.22596153846153846 0.22355769230769232
0 0.4338942307692308 0.07451923076923077 0.19471153846153846 0.14903846153846154
0 0.09735576923076923 0.23317307692307693 0.10096153846153846 0.11057692307692307
0 0.10576923076923077 0.042067307692307696 0.026442307692307692 0.026442307692307692
0 0.046875 0.08653846153846154 0.016826923076923076 0.016826923076923076
0 0.16826923076923078 0.4963942307692308 0.09615384615384616 0.09375
0 0.08413461538461539 0.5348557692307693 0.07932692307692307 0.07692307692307693
0 0.14783653846153846 0.4182692307692308 0.07932692307692307 0.019230769230769232
0 0.06370192307692307 0.45913461538461536 0.0625 0.06490384615384616
0 0.6129807692307693 0.7788461538461539 0.08653846153846154 0.09615384615384616
0 0.6442307692307693 0.7247596153846154 0.10096153846153846 0.10096153846153846
0 0.5925480769230769 0.44711538461538464 0.03365384615384615 0.036057692307692304