0 0.20552884615384615 0.5072115384615384 0.055288461538461536 0.057692307692307696
0 0.12740384615384615 0.5504807692307693 0.03365384615384615 0.009615384615384616
0 0.34975961538461536 0.4338942307692308 0.09615384615384616 0.09375
0 0.6923076923076923 0.21033653846153846 0.10576923076923077 0.0889423076923077
0 0.9158653846153846 0.5348557692307693 0.02403846153846154 0.028846153846153848
0 0.8762019230769231 0.515625 0.03365384615384615 0.03365384615384615
0 0.8689903846153846 0.4891826923076923 0.03125 0.038461538461538464
0 0.9399038461538461 0.5516826923076923 0.02403846153846154 0.007211538461538462
0 0.6610576923076923 0.054086538461538464 0.14903846153846154 0.10817307692307693
0 0.8834134615384616 0.4230769230769231 0.06490384615384616 0.06971153846153846
0 0.8774038461538461 0.5396634615384616 0.019230769230769232 0.019230769230769232
0 0.7427884615384616 0.5997596153846154 0.18269230769230768 0.08413461538461539
0 0.6478365384615384 0.9915865384615384 0.06009615384615385 0.01201923076923077