0 0.43990384615384615 0.1658653846153846 0.23076923076923078 0.19230769230769232
0 0.6658653846153846 0.25961538461538464 0.14182692307692307 0.11298076923076923
0 0.47475961538461536 0.28365384615384615 0.1778846153846154 0.125
0 0.6887019230769231 0.3762019230769231 0.14903846153846154 0.12740384615384615
0 0.7920673076923077 0.20192307692307693 0.14903846153846154 0.13701923076923078
0 0.12740384615384615 0.9170673076923077 0.040865384615384616 0.036057692307692304
0 0.027644230769230768 0.9639423076923077 0.055288461538461536 0.0625
0 0.29086538461538464 0.8533653846153846 0.028846153846153848 0.052884615384615384
0 0.23557692307692307 0.8978365384615384 0.125 0.07692307692307693
0 0.09375 0.9314903846153846 0.036057692307692304 0.036057692307692304
0 0.06129807692307692 0.9387019230769231 0.036057692307692304 0.03125
0 0.12139423076923077 0.9375 0.036057692307692304 0.026442307692307692
0 0.5336538461538461 0.8629807692307693 0.12259615384615384 0.11057692307692307
0 0.4014423076923077 0.7716346153846154 0.08653846153846154 0.10336538461538461