0 0.037259615384615384 0.34134615384615385 0.03365384615384615 0.03365384615384615
0 0.12259615384615384 0.34975961538461536 0.04807692307692308 0.03125
0 0.08173076923076923 0.3485576923076923 0.04326923076923077 0.03365384615384615
0 0.019230769230769232 0.33774038461538464 0.028846153846153848 0.03125
0 0.006009615384615385 0.3329326923076923 0.01201923076923077 0.036057692307692304
0 0.18990384615384615 0.3557692307692308 0.052884615384615384 0.019230769230769232
0 0.265625 0.3545673076923077 0.06971153846153846 0.021634615384615384
0 0.375 0.24519230769230768 0.07211538461538461 0.14903846153846154
0 0.2536057692307692 0.4483173076923077 0.1658653846153846 0.16105769230769232
0 0.2920673076923077 0.6466346153846154 0.0889423076923077 0.13942307692307693
0 0.0985576923076923 0.5661057692307693 0.1778846153846154 0.17548076923076922
0 0.24639423076923078 0.7680288461538461 0.10576923076923077 0.11057692307692307
0 0.23197115384615385 0.8942307692307693 0.06490384615384616 0.0673076923076923
0 0.15504807692307693 0.4879807692307692 0.17307692307692307 0.18028846153846154
0 0.12860576923076922 0.41346153846153844 0.21394230769230768 0.09134615384615384
0 0.07451923076923077 0.4362980769230769 0.14903846153846154 0.13701923076923078
0 0.21033653846153846 0.6394230769230769 0.13701923076923078 0.1346153846153846
0 0.14783653846153846 0.6826923076923077 0.1201923076923077 0.12259615384615384
0 0.18990384615384615 0.7932692307692307 0.09134615384615384 0.09375
0 0.27403846153846156 0.8461538461538461 0.07932692307692307 0.08173076923076923
0 0.28846153846153844 0.9098557692307693 0.07692307692307693 0.07451923076923077
0 0.3004807692307692 0.9519230769230769 0.06009615384615385 0.0625
0 0.21033653846153846 0.8425480769230769 0.0673076923076923 0.06971153846153846
0 0.6935096153846154 0.9555288461538461 0.0985576923076923 0.08413461538461539
0 0.7992788461538461 0.9723557692307693 0.0985576923076923 0.05048076923076923
0 0.6225961538461539 0.8894230769230769 0.06971153846153846 0.0625
0 0.6682692307692307 0.9194711538461539 0.06971153846153846 0.06009615384615385
0 0.41346153846153844 0.4891826923076923 0.14903846153846154 0.19951923076923078
0 0.7331730769230769 0.7175480769230769 0.15384615384615385 0.13701923076923078
0 0.8774038461538461 0.9362980769230769 0.12259615384615384 0.11057692307692307
0 0.4807692307692308 0.8701923076923077 0.07211538461538461 0.06971153846153846
0 0.5348557692307693 0.8834134615384616 0.07211538461538461 0.06971153846153846
0 0.5853365384615384 0.9110576923076923 0.07692307692307693 0.06971153846153846
0 0.4338942307692308 0.8617788461538461 0.057692307692307696 0.057692307692307696
0 0.38341346153846156 0.8581730769230769 0.052884615384615384 0.052884615384615384
0 0.37259615384615385 0.8173076923076923 0.0673076923076923 0.11057692307692307
0 0.6069711538461539 0.9314903846153846 0.04567307692307692 0.04567307692307692