0 0.36538461538461536 0.3088942307692308 0.038461538461538464 0.038461538461538464
0 0.36177884615384615 0.3485576923076923 0.028846153846153848 0.03125
0 0.2127403846153846 0.47475961538461536 0.028846153846153848 0.03125
0 0.3076923076923077 0.44591346153846156 0.02403846153846154 0.02403846153846154
0 0.27524038461538464 0.4891826923076923 0.014423076923076924 0.014423076923076924
0 0.09254807692307693 0.49759615384615385 0.03365384615384615 0.036057692307692304
0 0.20072115384615385 0.5408653846153846 0.019230769230769232 0.021634615384615384
0 0.1778846153846154 0.5600961538461539 0.016826923076923076 0.016826923076923076
0 0.15504807692307693 0.578125 0.014423076923076924 0.014423076923076924
0 0.3161057692307692 0.484375 0.009615384615384616 0.009615384615384616
0 0.32572115384615385 0.484375 0.007211538461538462 0.007211538461538462
0 0.3629807692307692 0.44471153846153844 0.009615384615384616 0.009615384615384616
0 0.3557692307692308 0.4014423076923077 0.014423076923076924 0.014423076923076924
0 0.35336538461538464 0.41346153846153844 0.009615384615384616 0.009615384615384616
0 0.3762019230769231 0.24278846153846154 0.05048076923076923 0.052884615384615384
0 0.7139423076923077 0.6213942307692307 0.07692307692307693 0.03125
0 0.8533653846153846 0.41225961538461536 0.125 0.12259615384615384
0 0.7115384615384616 0.5012019230769231 0.10817307692307693 0.11057692307692307
0 0.39783653846153844 0.8341346153846154 0.11057692307692307 0.11538461538461539
0 0.38341346153846156 0.8834134615384616 0.07692307692307693 0.07692307692307693
0 0.47596153846153844 0.8774038461538461 0.06009615384615385 0.06009615384615385
0 0.9459134615384616 0.6598557692307693 0.10336538461538461 0.040865384615384616
0 0.8834134615384616 0.6923076923076923 0.15144230769230768 0.10576923076923077
0 0.8894230769230769 0.7740384615384616 0.09615384615384616 0.09375
0 0.8137019230769231 0.8100961538461539 0.07211538461538461 0.07211538461538461
0 0.84375 0.8413461538461539 0.07451923076923077 0.07211538461538461
0 0.7872596153846154 0.921875 0.06971153846153846 0.07211538461538461