0 0.5973557692307693 0.46875 0.07932692307692307 0.19230769230769232
0 0.42788461538461536 0.34975961538461536 0.28125 0.28846153846153844
0 0.6502403846153846 0.1622596153846154 0.021634615384615384 0.04567307692307692
0 0.7836538461538461 0.04807692307692308 0.06490384615384616 0.06490384615384616
0 0.8786057692307693 0.12620192307692307 0.08413461538461539 0.08173076923076923
0 0.15985576923076922 0.6310096153846154 0.31971153846153844 0.10336538461538461
0 0.026442307692307692 0.6502403846153846 0.052884615384615384 0.14182692307692307
0 0.3942307692307692 0.9266826923076923 0.10576923076923077 0.10817307692307693
0 0.37740384615384615 0.9783653846153846 0.14903846153846154 0.038461538461538464
0 0.3605769230769231 0.7355769230769231 0.5528846153846154 0.3125
0 0.1814903846153846 0.9074519230769231 0.21394230769230768 0.18028846153846154
0 0.2283653846153846 0.7872596153846154 0.10336538461538461 0.09134615384615384
0 0.4411057692307692 0.8413461538461539 0.12980769230769232 0.15625
0 0.2800480769230769 0.8882211538461539 0.11298076923076923 0.10576923076923077
0 0.3016826923076923 0.9411057692307693 0.08653846153846154 0.09134615384615384
0 0.3161057692307692 0.9651442307692307 0.0985576923076923 0.06490384615384616