0 0.3125 0.21754807692307693 0.10576923076923077 0.10817307692307693
0 0.6959134615384616 0.42908653846153844 0.10817307692307693 0.09375
0 0.5228365384615384 0.4050480769230769 0.15625 0.14182692307692307
0 0.9579326923076923 0.3269230769230769 0.07692307692307693 0.07692307692307693
0 0.30288461538461536 0.9795673076923077 0.10096153846153846 0.036057692307692304
0 0.7884615384615384 0.7079326923076923 0.16826923076923078 0.15865384615384615
0 0.8497596153846154 0.8545673076923077 0.055288461538461536 0.0625
0 0.6442307692307693 0.7463942307692307 0.1466346153846154 0.14903846153846154
0 0.7223557692307693 0.8052884615384616 0.12740384615384615 0.125
0 0.6069711538461539 0.8533653846153846 0.15865384615384615 0.16105769230769232
0 0.796875 0.7704326923076923 0.0889423076923077 0.0889423076923077
0 0.9939903846153846 0.6286057692307693 0.007211538461538462 0.05048076923076923
0 0.8485576923076923 0.6850961538461539 0.06490384615384616 0.0625
0 0.9795673076923077 0.6778846153846154 0.036057692307692304 0.0673076923076923