0 0.21634615384615385 0.038461538461538464 0.07451923076923077 0.07451923076923077
0 0.24639423076923078 0.008413461538461538 0.06490384615384616 0.016826923076923076
0 0.03365384615384615 0.39903846153846156 0.0673076923076923 0.09615384615384616
0 0.13942307692307693 0.30408653846153844 0.27884615384615385 0.2860576923076923
0 0.10817307692307693 0.14783653846153846 0.0985576923076923 0.0985576923076923
0 0.17067307692307693 0.11298076923076923 0.11778846153846154 0.11778846153846154
0 0.16706730769230768 0.06490384615384616 0.052884615384615384 0.052884615384615384
0 0.20552884615384615 0.02283653846153846 0.09375 0.04567307692307692
0 0.5180288461538461 0.5949519230769231 0.055288461538461536 0.1658653846153846
0 0.4483173076923077 0.7091346153846154 0.19471153846153846 0.2692307692307692
0 0.35096153846153844 0.6286057692307693 0.18990384615384615 0.18990384615384615
0 0.328125 0.5372596153846154 0.15625 0.15625
0 0.22596153846153846 0.7487980769230769 0.17307692307692307 0.17067307692307693
0 0.17307692307692307 0.6814903846153846 0.13942307692307693 0.13942307692307693
0 0.09495192307692307 0.7740384615384616 0.11538461538461539 0.11538461538461539
0 0.10096153846153846 0.6370192307692307 0.1201923076923077 0.11778846153846154