0 0.2283653846153846 0.49399038461538464 0.019230769230769232 0.019230769230769232
0 0.12259615384615384 0.4567307692307692 0.028846153846153848 0.028846153846153848
0 0.007211538461538462 0.4639423076923077 0.014423076923076924 0.028846153846153848
0 0.36658653846153844 0.3954326923076923 0.021634615384615384 0.026442307692307692
0 0.3173076923076923 0.44350961538461536 0.021634615384615384 0.021634615384615384
0 0.24879807692307693 0.47836538461538464 0.019230769230769232 0.019230769230769232
0 0.10576923076923077 0.44711538461538464 0.021634615384615384 0.021634615384615384
0 0.2127403846153846 0.265625 0.05048076923076923 0.05048076923076923
0 0.28846153846153844 0.4519230769230769 0.03365384615384615 0.028846153846153848
0 0.20432692307692307 0.5060096153846154 0.019230769230769232 0.016826923076923076
0 0.0733173076923077 0.4891826923076923 0.016826923076923076 0.026442307692307692
0 0.004807692307692308 0.5300480769230769 0.009615384615384616 0.01201923076923077
0 0.9002403846153846 0.27884615384615385 0.04567307692307692 0.04567307692307692
0 0.9014423076923077 0.22596153846153846 0.0625 0.0625
0 0.7920673076923077 0.2283653846153846 0.06490384615384616 0.0673076923076923
0 0.8137019230769231 0.13701923076923078 0.07211538461538461 0.08413461538461539
0 0.5793269230769231 0.12259615384615384 0.10096153846153846 0.1346153846153846
0 0.6045673076923077 0.051682692307692304 0.18990384615384615 0.10336538461538461
0 0.9927884615384616 0.34134615384615385 0.009615384615384616 0.019230769230769232
0 0.9879807692307693 0.33653846153846156 0.019230769230769232 0.019230769230769232
0 0.9639423076923077 0.328125 0.019230769230769232 0.021634615384615384
0 0.9939903846153846 0.30288461538461536 0.007211538461538462 0.03365384615384615
0 0.9387019230769231 0.31490384615384615 0.03365384615384615 0.03365384615384615
0 0.9723557692307693 0.2932692307692308 0.05048076923076923 0.07692307692307693
0 0.15384615384615385 0.6790865384615384 0.1778846153846154 0.16826923076923078
0 0.34975961538461536 0.6742788461538461 0.055288461538461536 0.11778846153846154
0 0.35096153846153844 0.8389423076923077 0.052884615384615384 0.08173076923076923
0 0.2127403846153846 0.9423076923076923 0.057692307692307696 0.040865384615384616
0 0.12620192307692307 0.9771634615384616 0.06490384615384616 0.040865384615384616
0 0.8557692307692307 0.6947115384615384 0.28365384615384615 0.30288461538461536