0 0.17307692307692307 0.19951923076923078 0.03125 0.036057692307692304
0 0.19110576923076922 0.16346153846153846 0.02403846153846154 0.028846153846153848
0 0.37740384615384615 0.10216346153846154 0.02403846153846154 0.028846153846153848
0 0.2776442307692308 0.09375 0.019230769230769232 0.021634615384615384
0 0.3245192307692308 0.06610576923076923 0.01201923076923077 0.014423076923076924
0 0.41346153846153844 0.04447115384615385 0.014423076923076924 0.019230769230769232
0 0.4423076923076923 0.036057692307692304 0.016826923076923076 0.01201923076923077
0 0.4651442307692308 0.030048076923076924 0.002403846153846154 0.016826923076923076
0 0.2848557692307692 0.055288461538461536 0.007211538461538462 0.009615384615384616
0 0.2764423076923077 0.05048076923076923 0.004807692307692308 0.004807692307692308
0 0.22596153846153846 0.0733173076923077 0.007211538461538462 0.009615384615384616
0 0.21754807692307693 0.11658653846153846 0.01201923076923077 0.01201923076923077
0 0.22355769230769232 0.10576923076923077 0.007211538461538462 0.009615384615384616
0 0.13822115384615385 0.25600961538461536 0.038461538461538464 0.05048076923076923
0 0.9591346153846154 0.34134615384615385 0.07692307692307693 0.12980769230769232
0 0.8858173076923077 0.28846153846153844 0.10576923076923077 0.0985576923076923
0 0.953125 0.2548076923076923 0.0889423076923077 0.11057692307692307
0 0.7788461538461539 0.31971153846153844 0.1201923076923077 0.13942307692307693
0 0.6165865384615384 0.2692307692307692 0.0673076923076923 0.08173076923076923
0 0.8713942307692307 0.21033653846153846 0.08413461538461539 0.08653846153846154
0 0.8028846153846154 0.23677884615384615 0.08173076923076923 0.08173076923076923
0 0.7451923076923077 0.20793269230769232 0.08413461538461539 0.09134615384615384
0 0.6887019230769231 0.17427884615384615 0.0625 0.0625
0 0.6526442307692307 0.14302884615384615 0.052884615384615384 0.057692307692307696
0 0.6129807692307693 0.12740384615384615 0.04567307692307692 0.04567307692307692
0 0.47596153846153844 0.04927884615384615 0.014423076923076924 0.03125
0 0.7896634615384616 0.1778846153846154 0.07451923076923077 0.06971153846153846
0 0.7512019230769231 0.15264423076923078 0.052884615384615384 0.052884615384615384
0 0.7151442307692307 0.13341346153846154 0.040865384615384616 0.04567307692307692
0 0.6802884615384616 0.11538461538461539 0.055288461538461536 0.052884615384615384