0 0.5336538461538461 0.09014423076923077 0.026442307692307692 0.021634615384615384
0 0.14423076923076922 0.12980769230769232 0.28846153846153844 0.25961538461538464
0 0.0889423076923077 0.3425480769230769 0.1778846153846154 0.2668269230769231
0 0.09134615384615384 0.43509615384615385 0.18269230769230768 0.10096153846153846
0 0.22956730769230768 0.43028846153846156 0.12740384615384615 0.11057692307692307
0 0.2644230769230769 0.21634615384615385 0.18509615384615385 0.18028846153846154
0 0.5192307692307693 0.06370192307692307 0.052884615384615384 0.07451923076923077
0 0.33413461538461536 0.34615384615384615 0.09134615384615384 0.09375
0 0.4266826923076923 0.21514423076923078 0.06490384615384616 0.07211538461538461
0 0.4675480769230769 0.17908653846153846 0.038461538461538464 0.036057692307692304
0 0.5276442307692307 0.125 0.03125 0.03125
0 0.5324519230769231 0.140625 0.028846153846153848 0.02403846153846154
0 0.5168269230769231 0.22235576923076922 0.014423076923076924 0.014423076923076924
0 0.515625 0.23557692307692307 0.01201923076923077 0.01201923076923077
0 0.5108173076923077 0.24639423076923078 0.01201923076923077 0.01201923076923077
0 0.5108173076923077 0.265625 0.007211538461538462 0.009615384615384616
0 0.9591346153846154 0.09975961538461539 0.07692307692307693 0.19951923076923078
0 0.71875 0.7163461538461539 0.125 0.1466346153846154
0 0.8882211538461539 0.5456730769230769 0.11778846153846154 0.11538461538461539
0 0.8137019230769231 0.6778846153846154 0.1201923076923077 0.1201923076923077
0 0.8737980769230769 0.7115384615384616 0.08653846153846154 0.10096153846153846
0 0.7776442307692307 0.7848557692307693 0.10336538461538461 0.10576923076923077
0 0.8377403846153846 0.7920673076923077 0.06971153846153846 0.07692307692307693
0 0.8149038461538461 0.8653846153846154 0.07932692307692307 0.08173076923076923
0 0.8557692307692307 0.8701923076923077 0.07932692307692307 0.08413461538461539
0 0.859375 0.9254807692307693 0.055288461538461536 0.055288461538461536
0 0.8677884615384616 0.9759615384615384 0.052884615384615384 0.04326923076923077