0 0.15144230769230768 0.21394230769230768 0.0889423076923077 0.09375
0 0.32091346153846156 0.2932692307692308 0.0673076923076923 0.06971153846153846
0 0.6177884615384616 0.5324519230769231 0.18269230769230768 0.18990384615384615
0 0.6826923076923077 0.3125 0.10576923076923077 0.13701923076923078
0 0.7295673076923077 0.49759615384615385 0.11538461538461539 0.17307692307692307
0 0.7956730769230769 0.27403846153846156 0.1201923076923077 0.14423076923076922
0 0.9795673076923077 0.018028846153846152 0.036057692307692304 0.036057692307692304
0 0.984375 0.0625 0.026442307692307692 0.019230769230769232
0 0.6105769230769231 0.1935096153846154 0.12980769230769232 0.14423076923076922
0 0.29447115384615385 0.8653846153846154 0.07932692307692307 0.0889423076923077
0 0.36658653846153844 0.7668269230769231 0.040865384615384616 0.08173076923076923
0 0.3641826923076923 0.8677884615384616 0.04567307692307692 0.15865384615384615
0 0.7632211538461539 0.9387019230769231 0.06009615384615385 0.0889423076923077