0 0.14903846153846154 0.055288461538461536 0.1346153846153846 0.11057692307692307
0 0.4074519230769231 0.20673076923076922 0.0985576923076923 0.21153846153846154
0 0.39302884615384615 0.051682692307692304 0.12740384615384615 0.10336538461538461
0 0.03245192307692308 0.25 0.06490384615384616 0.09134615384615384
0 0.9086538461538461 0.3485576923076923 0.11538461538461539 0.057692307692307696
0 0.6394230769230769 0.17908653846153846 0.04807692307692308 0.036057692307692304
0 0.53125 0.21514423076923078 0.021634615384615384 0.019230769230769232
0 0.5072115384615384 0.12620192307692307 0.019230769230769232 0.014423076923076924
0 0.5853365384615384 0.17427884615384615 0.028846153846153848 0.03125
0 0.5504807692307693 0.19110576923076922 0.026442307692307692 0.019230769230769232
0 0.515625 0.1875 0.019230769230769232 0.019230769230769232
0 0.47596153846153844 0.16105769230769232 0.01201923076923077 0.01201923076923077
0 0.47475961538461536 0.14903846153846154 0.01201923076923077 0.01201923076923077
0 0.46875 0.18269230769230768 0.004807692307692308 0.007211538461538462
0 0.46274038461538464 0.15865384615384615 0.007211538461538462 0.014423076923076924
0 0.48197115384615385 0.17548076923076922 0.009615384615384616 0.009615384615384616
0 0.47115384615384615 0.19591346153846154 0.009615384615384616 0.009615384615384616
0 0.46274038461538464 0.19110576923076922 0.007211538461538462 0.01201923076923077
0 0.35096153846153844 0.421875 0.21153846153846154 0.08413461538461539
0 0.025240384615384616 0.8822115384615384 0.05048076923076923 0.16826923076923078
0 0.140625 0.6742788461538461 0.28125 0.3293269230769231
0 0.07692307692307693 0.5420673076923077 0.13701923076923078 0.1201923076923077
0 0.46875 0.8413461538461539 0.019230769230769232 0.03365384615384615
0 0.5240384615384616 0.8617788461538461 0.04326923076923077 0.036057692307692304
0 0.5612980769230769 0.7824519230769231 0.057692307692307696 0.04326923076923077
0 0.7956730769230769 0.7836538461538461 0.0889423076923077 0.0673076923076923