0 0.15865384615384615 0.14903846153846154 0.3173076923076923 0.2980769230769231
0 0.13341346153846154 0.3016826923076923 0.25961538461538464 0.25721153846153844
0 0.037259615384615384 0.3737980769230769 0.07451923076923077 0.2091346153846154
0 0.15865384615384615 0.45072115384615385 0.3173076923076923 0.29086538461538464
0 0.03485576923076923 0.5480769230769231 0.06971153846153846 0.09615384615384616
0 0.8149038461538461 0.5757211538461539 0.09134615384615384 0.040865384615384616
0 0.7536057692307693 0.5528846153846154 0.08413461538461539 0.08653846153846154
0 0.7584134615384616 0.5769230769230769 0.07932692307692307 0.038461538461538464
0 0.6935096153846154 0.5060096153846154 0.09615384615384616 0.09375
0 0.703125 0.5588942307692307 0.07932692307692307 0.07451923076923077
0 0.7151442307692307 0.5793269230769231 0.06490384615384616 0.03365384615384615
0 0.6430288461538461 0.5721153846153846 0.06971153846153846 0.04807692307692308
0 0.5180288461538461 0.3641826923076923 0.11057692307692307 0.10576923076923077
0 0.03485576923076923 0.8713942307692307 0.06971153846153846 0.13701923076923078
0 0.03125 0.9579326923076923 0.0625 0.07932692307692307
0 0.06490384615384616 0.8665865384615384 0.11778846153846154 0.1201923076923077
0 0.057692307692307696 0.7512019230769231 0.11538461538461539 0.17548076923076922
0 0.06850961538461539 0.9519230769230769 0.10817307692307693 0.09134615384615384