0 0.040865384615384616 0.38822115384615385 0.08173076923076923 0.2956730769230769
0 0.8605769230769231 0.3798076923076923 0.06009615384615385 0.06009615384615385
0 0.8870192307692307 0.0889423076923077 0.12980769230769232 0.12980769230769232
0 0.890625 0.5 0.05048076923076923 0.05048076923076923
0 0.39903846153846156 0.7716346153846154 0.1971153846153846 0.23557692307692307
0 0.4675480769230769 0.9314903846153846 0.06009615384615385 0.13221153846153846
0 0.41947115384615385 0.8605769230769231 0.15625 0.1875
0 0.15144230769230768 0.7367788461538461 0.09134615384615384 0.09134615384615384
0 0.2644230769230769 0.7836538461538461 0.12740384615384615 0.12740384615384615
0 0.2704326923076923 0.8557692307692307 0.10817307692307693 0.10817307692307693
0 0.34615384615384615 0.8846153846153846 0.13942307692307693 0.13942307692307693
0 0.40625 0.9375 0.125 0.1201923076923077
0 0.23076923076923078 0.7103365384615384 0.15625 0.15625
0 0.12620192307692307 0.6670673076923077 0.11298076923076923 0.11298076923076923
0 0.08533653846153846 0.7043269230769231 0.08173076923076923 0.08173076923076923
0 0.056490384615384616 0.6382211538461539 0.08173076923076923 0.08173076923076923
0 0.02283653846153846 0.6298076923076923 0.04567307692307692 0.07692307692307693
0 0.03365384615384615 0.6766826923076923 0.0673076923076923 0.07451923076923077
0 0.009615384615384616 0.6742788461538461 0.019230769230769232 0.04567307692307692
0 0.02283653846153846 0.7127403846153846 0.04567307692307692 0.05048076923076923
0 0.09254807692307693 0.7548076923076923 0.0673076923076923 0.0673076923076923
0 0.008413461538461538 0.6983173076923077 0.016826923076923076 0.04567307692307692
0 0.05048076923076923 0.7391826923076923 0.04807692307692308 0.04807692307692308
0 0.019230769230769232 0.7367788461538461 0.03365384615384615 0.03365384615384615
0 0.7163461538461539 0.9591346153846154 0.08653846153846154 0.07692307692307693
0 0.6454326923076923 0.9423076923076923 0.057692307692307696 0.057692307692307696
0 0.671875 0.9783653846153846 0.06009615384615385 0.038461538461538464
0 0.71875 0.984375 0.09134615384615384 0.026442307692307692
0 0.6069711538461539 0.9362980769230769 0.055288461538461536 0.055288461538461536
0 0.5685096153846154 0.921875 0.05048076923076923 0.05048076923076923
0 0.6310096153846154 0.9723557692307693 0.04807692307692308 0.04807692307692308
0 0.5985576923076923 0.9579326923076923 0.04326923076923077 0.04326923076923077
0 0.5625 0.9519230769230769 0.04567307692307692 0.04567307692307692
0 0.546875 0.96875 0.038461538461538464 0.038461538461538464
0 0.6069711538461539 0.9795673076923077 0.09375 0.036057692307692304
0 0.5793269230769231 0.9735576923076923 0.04326923076923077 0.04326923076923077
0 0.5288461538461539 0.9387019230769231 0.028846153846153848 0.028846153846153848
0 0.5144230769230769 0.9338942307692307 0.026442307692307692 0.026442307692307692
0 0.5060096153846154 0.9302884615384616 0.01201923076923077 0.028846153846153848
0 0.5072115384615384 0.9627403846153846 0.014423076923076924 0.03125