0 0.4831730769230769 0.1875 0.07932692307692307 0.0889423076923077
0 0.33774038461538464 0.036057692307692304 0.18990384615384615 0.07211538461538461
0 0.31490384615384615 0.2776442307692308 0.2403846153846154 0.25
0 0.15384615384615385 0.27884615384615385 0.2692307692307692 0.2620192307692308
0 0.8930288461538461 0.3425480769230769 0.18990384615384615 0.1658653846153846
0 0.9663461538461539 0.29927884615384615 0.0625 0.17548076923076922
0 0.44471153846153844 0.9399038461538461 0.11538461538461539 0.11538461538461539
0 0.47716346153846156 0.7884615384615384 0.07692307692307693 0.0889423076923077
0 0.5060096153846154 0.6550480769230769 0.06009615384615385 0.07451923076923077
0 0.5120192307692307 0.5564903846153846 0.04807692307692308 0.10817307692307693
0 0.4987980769230769 0.7163461538461539 0.07211538461538461 0.07692307692307693
0 0.578125 0.8822115384615384 0.07932692307692307 0.11538461538461539
0 0.5925480769230769 0.6790865384615384 0.07451923076923077 0.07932692307692307
0 0.7584134615384616 0.4362980769230769 0.026442307692307692 0.016826923076923076
0 0.6862980769230769 0.9903846153846154 0.04567307692307692 0.014423076923076924