0 0.004807692307692308 0.43990384615384615 0.009615384615384616 0.04326923076923077
0 0.038461538461538464 0.453125 0.055288461538461536 0.055288461538461536
0 0.06129807692307692 0.3473557692307692 0.06009615384615385 0.055288461538461536
0 0.14543269230769232 0.3894230769230769 0.07692307692307693 0.06009615384615385
0 0.21634615384615385 0.1658653846153846 0.12259615384615384 0.08173076923076923
0 0.35096153846153844 0.2247596153846154 0.22596153846153846 0.15144230769230768
0 0.8112980769230769 0.37740384615384615 0.04567307692307692 0.055288461538461536
0 0.8581730769230769 0.2800480769230769 0.06971153846153846 0.08413461538461539
0 0.8209134615384616 0.4266826923076923 0.04567307692307692 0.05048076923076923
0 0.7608173076923077 0.5276442307692307 0.03125 0.016826923076923076
0 0.7704326923076923 0.4579326923076923 0.03125 0.03365384615384615
0 0.8317307692307693 0.11298076923076923 0.052884615384615384 0.08413461538461539
0 0.7848557692307693 0.48677884615384615 0.040865384615384616 0.04326923076923077
0 0.890625 0.3125 0.06009615384615385 0.06971153846153846
0 0.7475961538461539 0.5132211538461539 0.019230769230769232 0.03125
0 0.9615384615384616 0.0889423076923077 0.07211538461538461 0.125
0 0.8557692307692307 0.015625 0.0625 0.03125
0 0.8293269230769231 0.036057692307692304 0.052884615384615384 0.07211538461538461
0 0.15144230769230768 0.9759615384615384 0.08653846153846154 0.04326923076923077
0 0.03245192307692308 0.7980769230769231 0.04807692307692308 0.04567307692307692
0 0.003605769230769231 0.7199519230769231 0.007211538461538462 0.036057692307692304
0 0.08052884615384616 0.8762019230769231 0.052884615384615384 0.055288461538461536
0 0.01201923076923077 0.7524038461538461 0.02403846153846154 0.038461538461538464
0 0.47716346153846156 0.9759615384615384 0.25721153846153844 0.04326923076923077
0 0.014423076923076924 0.8064903846153846 0.028846153846153848 0.05048076923076923
0 0.8930288461538461 0.8149038461538461 0.03365384615384615 0.021634615384615384
0 0.9819711538461539 0.5889423076923077 0.03125 0.052884615384615384
0 0.9074519230769231 0.7596153846153846 0.028846153846153848 0.019230769230769232
0 0.8112980769230769 0.7668269230769231 0.01201923076923077 0.009615384615384616
0 0.9735576923076923 0.7788461538461539 0.04807692307692308 0.04326923076923077
0 0.9459134615384616 0.7391826923076923 0.03365384615384615 0.028846153846153848
0 0.8653846153846154 0.7872596153846154 0.016826923076923076 0.019230769230769232
0 0.8497596153846154 0.8605769230769231 0.016826923076923076 0.019230769230769232
0 0.8317307692307693 0.8581730769230769 0.016826923076923076 0.014423076923076924
0 0.8293269230769231 0.8353365384615384 0.019230769230769232 0.014423076923076924
0 0.8329326923076923 0.8076923076923077 0.016826923076923076 0.014423076923076924
0 0.7944711538461539 0.8677884615384616 0.01201923076923077 0.01201923076923077
0 0.7980769230769231 0.8497596153846154 0.01201923076923077 0.01201923076923077
0 0.7980769230769231 0.8305288461538461 0.014423076923076924 0.014423076923076924