0 0.5144230769230769 0.019230769230769232 0.08173076923076923 0.038461538461538464
0 0.9747596153846154 0.21995192307692307 0.04567307692307692 0.12740384615384615
0 0.36778846153846156 0.7271634615384616 0.22115384615384615 0.21153846153846154
0 0.5276442307692307 0.7055288461538461 0.07932692307692307 0.12259615384615384
0 0.5420673076923077 0.5877403846153846 0.05048076923076923 0.08413461538461539
0 0.5012019230769231 0.9230769230769231 0.04326923076923077 0.057692307692307696
0 0.5540865384615384 0.6286057692307693 0.021634615384615384 0.016826923076923076
0 0.6045673076923077 0.8257211538461539 0.06971153846153846 0.21394230769230768
0 0.6983173076923077 0.8040865384615384 0.10336538461538461 0.1201923076923077
0 0.7175480769230769 0.6021634615384616 0.06009615384615385 0.06009615384615385
0 0.7127403846153846 0.6850961538461539 0.07211538461538461 0.08173076923076923
0 0.7127403846153846 0.7271634615384616 0.021634615384615384 0.016826923076923076