0 0.16105769230769232 0.1778846153846154 0.15144230769230768 0.13221153846153846
0 0.3485576923076923 0.12740384615384615 0.22355769230769232 0.19471153846153846
0 0.3112980769230769 0.20552884615384615 0.18028846153846154 0.15144230769230768
0 0.4987980769230769 0.1622596153846154 0.17548076923076922 0.21875
0 0.18990384615384615 0.08533653846153846 0.27403846153846156 0.17067307692307693
0 0.109375 0.234375 0.14423076923076922 0.12259615384615384
0 0.5588942307692307 0.04567307692307692 0.055288461538461536 0.09134615384615384
0 0.8954326923076923 0.15985576923076922 0.20432692307692307 0.24759615384615385
0 0.8966346153846154 0.03365384615384615 0.16346153846153846 0.0673076923076923
0 0.20793269230769232 0.5360576923076923 0.14903846153846154 0.14182692307692307
0 0.5564903846153846 0.5733173076923077 0.06009615384615385 0.14182692307692307
0 0.36778846153846156 0.5456730769230769 0.11298076923076923 0.1201923076923077
0 0.9134615384615384 0.36658653846153844 0.13942307692307693 0.055288461538461536
0 0.609375 0.515625 0.040865384615384616 0.09375