0 0.41586538461538464 0.4879807692307692 0.07932692307692307 0.07932692307692307
0 0.3557692307692308 0.5132211538461539 0.07211538461538461 0.07211538461538461
0 0.4266826923076923 0.5300480769230769 0.07932692307692307 0.05048076923076923
0 0.24278846153846154 0.46274038461538464 0.04807692307692308 0.04807692307692308
0 0.5276442307692307 0.5324519230769231 0.11778846153846154 0.04567307692307692
0 0.484375 0.5108173076923077 0.0985576923076923 0.0889423076923077
0 0.3786057692307692 0.5324519230769231 0.06009615384615385 0.04567307692307692
0 0.2956730769230769 0.4855769230769231 0.057692307692307696 0.057692307692307696
0 0.296875 0.5120192307692307 0.04567307692307692 0.04567307692307692
0 0.18509615384615385 0.44350961538461536 0.040865384615384616 0.040865384615384616
0 0.22956730769230768 0.47475961538461536 0.04807692307692308 0.04807692307692308
0 0.12379807692307693 0.40865384615384615 0.040865384615384616 0.040865384615384616
0 0.6983173076923077 0.4423076923076923 0.1346153846153846 0.1346153846153846
0 0.6081730769230769 0.46153846153846156 0.038461538461538464 0.09615384615384616
0 0.5372596153846154 0.9134615384615384 0.0985576923076923 0.16826923076923078
0 0.4110576923076923 0.9507211538461539 0.052884615384615384 0.052884615384615384
0 0.4735576923076923 0.9675480769230769 0.04326923076923077 0.04326923076923077
0 0.37259615384615385 0.7067307692307693 0.42788461538461536 0.2980769230769231
0 0.5721153846153846 0.9855769230769231 0.028846153846153848 0.02403846153846154
0 0.5132211538461539 0.9651442307692307 0.13221153846153846 0.06490384615384616