0 0.3293269230769231 0.43149038461538464 0.052884615384615384 0.06971153846153846
0 0.21875 0.40625 0.04807692307692308 0.04567307692307692
0 0.34615384615384615 0.4519230769230769 0.019230769230769232 0.057692307692307696
0 0.27524038461538464 0.4170673076923077 0.057692307692307696 0.052884615384615384
0 0.2824519230769231 0.4423076923076923 0.04567307692307692 0.04326923076923077
0 0.15745192307692307 0.39903846153846156 0.040865384615384616 0.038461538461538464
0 0.20793269230769232 0.4206730769230769 0.05048076923076923 0.04326923076923077
0 0.09014423076923077 0.3762019230769231 0.040865384615384616 0.038461538461538464
0 0.14903846153846154 0.9807692307692307 0.10576923076923077 0.03365384615384615
0 0.30649038461538464 0.9519230769230769 0.0985576923076923 0.09134615384615384
0 0.9507211538461539 0.6117788461538461 0.09375 0.12740384615384615
0 0.5637019230769231 0.6682692307692307 0.07451923076923077 0.07211538461538461
0 0.36538461538461536 0.6742788461538461 0.014423076923076924 0.03125
0 0.6838942307692307 0.6081730769230769 0.1201923076923077 0.1201923076923077
0 0.49278846153846156 0.6153846153846154 0.0673076923076923 0.06490384615384616
0 0.4543269230769231 0.6286057692307693 0.0625 0.06009615384615385
0 0.41586538461538464 0.6298076923076923 0.06009615384615385 0.0625
0 0.3894230769230769 0.6298076923076923 0.040865384615384616 0.040865384615384616
0 0.6189903846153846 0.7007211538461539 0.07451923076923077 0.06971153846153846
0 0.8725961538461539 0.7379807692307693 0.13942307692307693 0.13221153846153846
0 0.7920673076923077 0.6153846153846154 0.16105769230769232 0.1346153846153846