0 0.3401442307692308 0.037259615384615384 0.15144230769230768 0.07451923076923077
0 0.30528846153846156 0.19951923076923078 0.10576923076923077 0.12740384615384615
0 0.4387019230769231 0.30288461538461536 0.06490384615384616 0.08413461538461539
0 0.27403846153846156 0.3942307692307692 0.04807692307692308 0.02403846153846154
0 0.5697115384615384 0.3858173076923077 0.0625 0.040865384615384616
0 0.6394230769230769 0.3894230769230769 0.0673076923076923 0.03365384615384615
0 0.515625 0.7920673076923077 0.040865384615384616 0.0889423076923077
0 0.22956730769230768 0.8653846153846154 0.057692307692307696 0.04326923076923077
0 0.31490384615384615 0.875 0.06971153846153846 0.052884615384615384
0 0.36538461538461536 0.8341346153846154 0.08413461538461539 0.055288461538461536
0 0.4266826923076923 0.8605769230769231 0.0985576923076923 0.07451923076923077
0 0.6971153846153846 0.8425480769230769 0.11778846153846154 0.09134615384615384
0 0.5865384615384616 0.8629807692307693 0.09134615384615384 0.07692307692307693
0 0.890625 0.8245192307692307 0.21394230769230768 0.1875
0 0.7860576923076923 0.8497596153846154 0.028846153846153848 0.052884615384615384
0 0.5661057692307693 0.9002403846153846 0.055288461538461536 0.055288461538461536