0 0.1346153846153846 0.5264423076923077 0.2692307692307692 0.4807692307692308
0 0.33653846153846156 0.6189903846153846 0.1778846153846154 0.2956730769230769
0 0.6165865384615384 0.2800480769230769 0.04567307692307692 0.04807692307692308
0 0.5480769230769231 0.21634615384615385 0.038461538461538464 0.038461538461538464
0 0.5420673076923077 0.18028846153846154 0.026442307692307692 0.03125
0 0.5072115384615384 0.14783653846153846 0.02403846153846154 0.026442307692307692
0 0.4891826923076923 0.12980769230769232 0.016826923076923076 0.019230769230769232
0 0.4831730769230769 0.1141826923076923 0.016826923076923076 0.021634615384615384
0 0.4723557692307692 0.10336538461538461 0.014423076923076924 0.019230769230769232
0 0.46033653846153844 0.09254807692307693 0.01201923076923077 0.016826923076923076
0 0.453125 0.08413461538461539 0.01201923076923077 0.01201923076923077
0 0.8064903846153846 0.5673076923076923 0.1346153846153846 0.14423076923076922
0 0.1658653846153846 0.7884615384615384 0.1875 0.038461538461538464
0 0.8269230769230769 0.8834134615384616 0.34134615384615385 0.2283653846153846
0 0.8617788461538461 0.8834134615384616 0.27163461538461536 0.2283653846153846