0 0.16826923076923078 0.057692307692307696 0.1201923076923077 0.11538461538461539
0 0.07692307692307693 0.06009615384615385 0.14903846153846154 0.1201923076923077
0 0.4639423076923077 0.4423076923076923 0.02403846153846154 0.028846153846153848
0 0.36658653846153844 0.3858173076923077 0.026442307692307692 0.026442307692307692
0 0.2860576923076923 0.4375 0.038461538461538464 0.040865384615384616
0 0.43990384615384615 0.4098557692307692 0.019230769230769232 0.016826923076923076
0 0.41947115384615385 0.4098557692307692 0.038461538461538464 0.038461538461538464
0 0.7920673076923077 0.5925480769230769 0.11538461538461539 0.11057692307692307
0 0.625 0.6237980769230769 0.16105769230769232 0.15625
0 0.8918269230769231 0.53125 0.0673076923076923 0.0673076923076923
0 0.6850961538461539 0.5360576923076923 0.41346153846153844 0.3942307692307692
0 0.9326923076923077 0.5516826923076923 0.12980769230769232 0.1466346153846154