0 0.171875 0.203125 0.052884615384615384 0.055288461538461536
0 0.04447115384615385 0.10216346153846154 0.040865384615384616 0.036057692307692304
0 0.23317307692307693 0.15745192307692307 0.08173076923076923 0.07692307692307693
0 0.15745192307692307 0.31490384615384615 0.03125 0.03365384615384615
0 0.14182692307692307 0.2800480769230769 0.04326923076923077 0.04567307692307692
0 0.18509615384615385 0.35697115384615385 0.10576923076923077 0.07932692307692307
0 0.028846153846153848 0.17908653846153846 0.05048076923076923 0.04326923076923077
0 0.7331730769230769 0.27283653846153844 0.16346153846153846 0.12259615384615384
0 0.8221153846153846 0.23076923076923078 0.10576923076923077 0.08413461538461539
0 0.7439903846153846 0.17307692307692307 0.10096153846153846 0.0889423076923077
0 0.7103365384615384 0.21995192307692307 0.06971153846153846 0.057692307692307696
0 0.6538461538461539 0.21875 0.057692307692307696 0.057692307692307696
0 0.6778846153846154 0.16346153846153846 0.08173076923076923 0.08173076923076923
0 0.6947115384615384 0.33653846153846156 0.057692307692307696 0.036057692307692304
0 0.6394230769230769 0.25240384615384615 0.05048076923076923 0.04567307692307692
0 0.6550480769230769 0.31971153846153844 0.040865384615384616 0.040865384615384616
0 0.6598557692307693 0.28365384615384615 0.04567307692307692 0.04567307692307692
0 0.6826923076923077 0.24639423076923078 0.05048076923076923 0.040865384615384616
0 0.1141826923076923 0.953125 0.0889423076923077 0.0889423076923077
0 0.15384615384615385 0.5769230769230769 0.21634615384615385 0.19471153846153846
0 0.09134615384615384 0.9711538461538461 0.09615384615384616 0.052884615384615384
0 0.03365384615384615 0.9399038461538461 0.0673076923076923 0.08173076923076923
0 0.03485576923076923 0.8882211538461539 0.0673076923076923 0.07932692307692307
0 0.008413461538461538 0.8942307692307693 0.016826923076923076 0.07211538461538461
0 0.7848557692307693 0.8701923076923077 0.4254807692307692 0.2548076923076923
0 0.8617788461538461 0.6286057692307693 0.27163461538461536 0.31490384615384615