0 0.47475961538461536 0.010817307692307692 0.04567307692307692 0.021634615384615384
0 0.484375 0.08774038461538461 0.026442307692307692 0.10817307692307693
0 0.4651442307692308 0.0889423076923077 0.06490384615384616 0.09134615384615384
0 0.3425480769230769 0.3942307692307692 0.25240384615384615 0.25240384615384615
0 0.6670673076923077 0.5072115384615384 0.18509615384615385 0.18269230769230768
0 0.44471153846153844 0.8990384615384616 0.10576923076923077 0.1346153846153846
0 0.3557692307692308 0.84375 0.13221153846153846 0.13221153846153846
0 0.38341346153846156 0.7824519230769231 0.08173076923076923 0.08173076923076923
0 0.39783653846153844 0.7560096153846154 0.08413461538461539 0.08413461538461539
0 0.41947115384615385 0.7295673076923077 0.0673076923076923 0.0673076923076923
0 0.4567307692307692 0.6947115384615384 0.04326923076923077 0.04326923076923077
0 0.4362980769230769 0.7067307692307693 0.04326923076923077 0.04567307692307692
0 0.8882211538461539 0.6983173076923077 0.21875 0.16105769230769232