0 0.14182692307692307 0.38100961538461536 0.09134615384615384 0.09134615384615384
0 0.21754807692307693 0.4170673076923077 0.08173076923076923 0.08173076923076923
0 0.29086538461538464 0.44350961538461536 0.08653846153846154 0.04567307692307692
0 0.16346153846153846 0.21754807692307693 0.1778846153846154 0.18990384615384615
0 0.078125 0.06971153846153846 0.15625 0.13942307692307693
0 0.30649038461538464 0.18990384615384615 0.19951923076923078 0.2091346153846154
0 0.8425480769230769 0.46033653846153844 0.036057692307692304 0.01201923076923077
0 0.7584134615384616 0.45072115384615385 0.028846153846153848 0.03125
0 0.6670673076923077 0.3401442307692308 0.05048076923076923 0.05048076923076923
0 0.6995192307692307 0.4230769230769231 0.03125 0.03125
0 0.8918269230769231 0.039663461538461536 0.12980769230769232 0.07932692307692307
0 0.7127403846153846 0.45072115384615385 0.026442307692307692 0.02403846153846154
0 0.15144230769230768 0.6610576923076923 0.13221153846153846 0.1346153846153846
0 0.008413461538461538 0.5745192307692307 0.016826923076923076 0.12980769230769232
0 0.13341346153846154 0.8245192307692307 0.07932692307692307 0.07932692307692307
0 0.14543269230769232 0.9939903846153846 0.021634615384615384 0.007211538461538462
0 0.7956730769230769 0.7019230769230769 0.12980769230769232 0.12980769230769232
0 0.6814903846153846 0.6189903846153846 0.125 0.12740384615384615
0 0.9519230769230769 0.8076923076923077 0.09134615384615384 0.16826923076923078
0 0.9002403846153846 0.9555288461538461 0.10817307692307693 0.08413461538461539
0 0.6370192307692307 0.8774038461538461 0.038461538461538464 0.0673076923076923
0 0.8088942307692307 0.9110576923076923 0.11057692307692307 0.10576923076923077
0 0.6766826923076923 0.9158653846153846 0.06490384615384616 0.06490384615384616