0 0.3545673076923077 0.44711538461538464 0.24759615384615385 0.22355769230769232
0 0.12740384615384615 0.11899038461538461 0.07451923076923077 0.07932692307692307
0 0.24759615384615385 0.026442307692307692 0.09615384615384616 0.052884615384615384
0 0.046875 0.3269230769230769 0.09375 0.10096153846153846
0 0.6225961538461539 0.11899038461538461 0.08413461538461539 0.08173076923076923
0 0.5757211538461539 0.15264423076923078 0.07211538461538461 0.07451923076923077
0 0.5372596153846154 0.1658653846153846 0.055288461538461536 0.07692307692307693
0 0.5168269230769231 0.17908653846153846 0.014423076923076924 0.06971153846153846
0 0.6766826923076923 0.021634615384615384 0.09375 0.04326923076923077
0 0.6201923076923077 0.042067307692307696 0.07692307692307693 0.08173076923076923
0 0.5625 0.0829326923076923 0.06971153846153846 0.07211538461538461
0 0.5276442307692307 0.1201923076923077 0.036057692307692304 0.0673076923076923
0 0.625 0.4699519230769231 0.23076923076923078 0.27163461538461536
0 0.13701923076923078 0.8834134615384616 0.0889423076923077 0.09375
0 0.13221153846153846 0.7355769230769231 0.057692307692307696 0.06009615384615385
0 0.078125 0.8966346153846154 0.07211538461538461 0.07451923076923077
0 0.1658653846153846 0.6610576923076923 0.04567307692307692 0.04807692307692308
0 0.11899038461538461 0.9579326923076923 0.11778846153846154 0.07932692307692307
0 0.08173076923076923 0.9663461538461539 0.08173076923076923 0.0625
0 0.06009615384615385 0.96875 0.08653846153846154 0.057692307692307696
0 0.1045673076923077 0.8353365384615384 0.1201923076923077 0.13701923076923078
0 0.10817307692307693 0.7512019230769231 0.04326923076923077 0.04326923076923077
0 0.14302884615384615 0.6754807692307693 0.04567307692307692 0.05048076923076923
0 0.4675480769230769 0.7379807692307693 0.07932692307692307 0.25961538461538464
0 0.7716346153846154 0.9579326923076923 0.3317307692307692 0.07932692307692307
0 0.578125 0.9399038461538461 0.13701923076923078 0.11538461538461539
0 0.7127403846153846 0.7872596153846154 0.20192307692307693 0.20192307692307693
0 0.6225961538461539 0.8257211538461539 0.1971153846153846 0.1971153846153846
0 0.5673076923076923 0.8004807692307693 0.11538461538461539 0.1778846153846154
0 0.6875 0.6610576923076923 0.1346153846153846 0.10576923076923077
0 0.6189903846153846 0.6670673076923077 0.13701923076923078 0.11778846153846154
0 0.5612980769230769 0.6622596153846154 0.10336538461538461 0.10817307692307693