0 0.03245192307692308 0.4170673076923077 0.06490384615384616 0.040865384615384616
0 0.06971153846153846 0.39663461538461536 0.0625 0.06009615384615385
0 0.19471153846153846 0.40384615384615385 0.04326923076923077 0.040865384615384616
0 0.11899038461538461 0.421875 0.04567307692307692 0.03125
0 0.13942307692307693 0.40384615384615385 0.052884615384615384 0.052884615384615384
0 0.18389423076923078 0.4254807692307692 0.040865384615384616 0.02403846153846154
0 0.2548076923076923 0.41225961538461536 0.036057692307692304 0.036057692307692304
0 0.30528846153846156 0.4110576923076923 0.026442307692307692 0.026442307692307692
0 0.27884615384615385 0.41947115384615385 0.03125 0.036057692307692304
0 0.25841346153846156 0.3233173076923077 0.15625 0.2091346153846154
0 0.2956730769230769 0.4254807692307692 0.019230769230769232 0.021634615384615384
0 0.31971153846153844 0.4230769230769231 0.02403846153846154 0.021634615384615384
0 0.33052884615384615 0.42427884615384615 0.01201923076923077 0.021634615384615384
0 0.6141826923076923 0.4266826923076923 0.05048076923076923 0.021634615384615384
0 0.23798076923076922 0.6358173076923077 0.06009615384615385 0.0625
0 0.21394230769230768 0.7319711538461539 0.036057692307692304 0.040865384615384616
0 0.29447115384615385 0.49038461538461536 0.08413461538461539 0.10096153846153846
0 0.06850961538461539 0.8016826923076923 0.03125 0.036057692307692304
0 0.01201923076923077 0.8641826923076923 0.02403846153846154 0.03125
0 0.04326923076923077 0.8605769230769231 0.026442307692307692 0.028846153846153848
0 0.203125 0.7752403846153846 0.038461538461538464 0.038461538461538464
0 0.18509615384615385 0.7932692307692307 0.02403846153846154 0.02403846153846154
0 0.18389423076923078 0.8413461538461539 0.028846153846153848 0.03125
0 0.36177884615384615 0.9110576923076923 0.04567307692307692 0.09134615384615384