0 0.09014423076923077 0.4110576923076923 0.12980769230769232 0.10336538461538461
0 0.7596153846153846 0.49399038461538464 0.04807692307692308 0.04567307692307692
0 0.7043269230769231 0.5288461538461539 0.04326923076923077 0.03365384615384615
0 0.9795673076923077 0.3293269230769231 0.036057692307692304 0.125
0 0.8016826923076923 0.3858173076923077 0.07932692307692307 0.0625
0 0.6838942307692307 0.421875 0.07211538461538461 0.0625
0 0.8269230769230769 0.46033653846153844 0.08173076923076923 0.07451923076923077
0 0.8581730769230769 0.4639423076923077 0.06009615384615385 0.052884615384615384
0 0.9050480769230769 0.40384615384615385 0.07932692307692307 0.0673076923076923
0 0.9711538461538461 0.38822115384615385 0.052884615384615384 0.07932692307692307
0 0.4495192307692308 0.9651442307692307 0.036057692307692304 0.03365384615384615
0 0.48197115384615385 0.9387019230769231 0.007211538461538462 0.026442307692307692
0 0.47596153846153844 0.9543269230769231 0.019230769230769232 0.019230769230769232
0 0.41947115384615385 0.9891826923076923 0.07932692307692307 0.016826923076923076
0 0.4182692307692308 0.9915865384615384 0.02403846153846154 0.01201923076923077
0 0.3942307692307692 0.9915865384615384 0.028846153846153848 0.01201923076923077
0 0.6766826923076923 0.8125 0.06009615384615385 0.06009615384615385
0 0.5889423076923077 0.9783653846153846 0.03365384615384615 0.03365384615384615
0 0.6225961538461539 0.9194711538461539 0.040865384615384616 0.04326923076923077