0 0.2776442307692308 0.38221153846153844 0.1346153846153846 0.12980769230769232
0 0.3245192307692308 0.3173076923076923 0.04326923076923077 0.11057692307692307
0 0.3076923076923077 0.21033653846153846 0.07692307692307693 0.12259615384615384
0 0.2956730769230769 0.10817307692307693 0.10096153846153846 0.08173076923076923
0 0.17548076923076922 0.07211538461538461 0.07211538461538461 0.0673076923076923
0 0.02403846153846154 0.0829326923076923 0.04807692307692308 0.05048076923076923
0 0.04447115384615385 0.036057692307692304 0.0889423076923077 0.07211538461538461
0 0.28846153846153844 0.16346153846153846 0.11538461538461539 0.08173076923076923
0 0.7860576923076923 0.07572115384615384 0.1778846153846154 0.10817307692307693
0 0.3798076923076923 0.359375 0.0625 0.18990384615384615
0 0.21754807692307693 0.6478365384615384 0.0673076923076923 0.07211538461538461
0 0.328125 0.5865384615384616 0.036057692307692304 0.014423076923076924
0 0.28725961538461536 0.6069711538461539 0.06490384615384616 0.055288461538461536
0 0.13701923076923078 0.6478365384615384 0.06971153846153846 0.07211538461538461
0 0.6153846153846154 0.6201923076923077 0.028846153846153848 0.03365384615384615
0 0.5733173076923077 0.6478365384615384 0.038461538461538464 0.07451923076923077
0 0.5072115384615384 0.6310096153846154 0.03365384615384615 0.03365384615384615
0 0.5180288461538461 0.6802884615384616 0.04326923076923077 0.06490384615384616
0 0.5 0.6081730769230769 0.028846153846153848 0.04326923076923077
0 0.6418269230769231 0.6538461538461539 0.038461538461538464 0.04807692307692308
0 0.5492788461538461 0.5949519230769231 0.02403846153846154 0.028846153846153848
0 0.640625 0.8473557692307693 0.15384615384615385 0.09375
0 0.7896634615384616 0.6971153846153846 0.07692307692307693 0.06009615384615385
0 0.6045673076923077 0.5961538461538461 0.03125 0.03365384615384615
0 0.4963942307692308 0.5829326923076923 0.026442307692307692 0.007211538461538462
0 0.5504807692307693 0.5829326923076923 0.028846153846153848 0.007211538461538462