0 0.4387019230769231 0.23317307692307693 0.11778846153846154 0.28846153846153844
0 0.3016826923076923 0.3581730769230769 0.15144230769230768 0.09615384615384616
0 0.38100961538461536 0.21033653846153846 0.17307692307692307 0.19230769230769232
0 0.19831730769230768 0.2283653846153846 0.12740384615384615 0.13221153846153846
0 0.328125 0.026442307692307692 0.11298076923076923 0.052884615384615384
0 0.20072115384615385 0.3293269230769231 0.17548076923076922 0.15384615384615385
0 0.3076923076923077 0.18629807692307693 0.3798076923076923 0.37259615384615385
0 0.09615384615384616 0.31490384615384615 0.12740384615384615 0.13701923076923078
0 0.02283653846153846 0.3786057692307692 0.04567307692307692 0.055288461538461536
0 0.14302884615384615 0.33533653846153844 0.1466346153846154 0.14182692307692307
0 0.6141826923076923 0.33052884615384615 0.15625 0.15144230769230768
0 0.5673076923076923 0.18990384615384615 0.09134615384615384 0.0889423076923077
0 0.5576923076923077 0.28125 0.11538461538461539 0.13942307692307693
0 0.546875 0.38221153846153844 0.09375 0.04807692307692308
0 0.5168269230769231 0.19471153846153846 0.03365384615384615 0.07211538461538461
0 0.5204326923076923 0.3125 0.040865384615384616 0.07692307692307693
0 0.5096153846153846 0.3088942307692308 0.019230769230769232 0.0985576923076923
0 0.5480769230769231 0.1346153846153846 0.04567307692307692 0.04567307692307692
0 0.5132211538461539 0.2512019230769231 0.026442307692307692 0.06971153846153846
0 0.5264423076923077 0.21875 0.052884615384615384 0.06009615384615385
0 0.5216346153846154 0.15144230769230768 0.04326923076923077 0.04807692307692308
0 0.53125 0.16466346153846154 0.03365384615384615 0.038461538461538464
0 0.5552884615384616 0.11057692307692307 0.040865384615384616 0.040865384615384616
0 0.5528846153846154 0.08774038461538461 0.03365384615384615 0.03125
0 0.5516826923076923 0.0733173076923077 0.038461538461538464 0.036057692307692304
0 0.5240384615384616 0.09975961538461539 0.038461538461538464 0.036057692307692304
0 0.5216346153846154 0.06971153846153846 0.028846153846153848 0.028846153846153848
0 0.5192307692307693 0.11658653846153846 0.038461538461538464 0.05048076923076923
0 0.20192307692307693 0.6117788461538461 0.036057692307692304 0.038461538461538464
0 0.23076923076923078 0.47836538461538464 0.026442307692307692 0.026442307692307692
0 0.22716346153846154 0.5024038461538461 0.019230769230769232 0.016826923076923076
0 0.21995192307692307 0.5204326923076923 0.028846153846153848 0.028846153846153848
0 0.16826923076923078 0.7620192307692307 0.06490384615384616 0.0673076923076923
0 0.17548076923076922 0.671875 0.09615384615384616 0.09375
0 0.3894230769230769 0.7091346153846154 0.08413461538461539 0.08653846153846154
0 0.2091346153846154 0.5637019230769231 0.04807692307692308 0.052884615384615384
0 0.24639423076923078 0.41586538461538464 0.03125 0.014423076923076924
0 0.140625 0.8930288461538461 0.23317307692307693 0.2091346153846154
0 0.5060096153846154 0.7235576923076923 0.01201923076923077 0.028846153846153848
0 0.8076923076923077 0.6009615384615384 0.0673076923076923 0.0673076923076923
0 0.5204326923076923 0.6911057692307693 0.026442307692307692 0.026442307692307692
0 0.921875 0.4795673076923077 0.07211538461538461 0.07451923076923077
0 0.7824519230769231 0.6935096153846154 0.07692307692307693 0.07451923076923077
0 0.5252403846153846 0.7127403846153846 0.02403846153846154 0.026442307692307692
0 0.6045673076923077 0.6694711538461539 0.03365384615384615 0.03365384615384615
0 0.875 0.5721153846153846 0.07451923076923077 0.07211538461538461
0 0.6730769230769231 0.6478365384615384 0.04567307692307692 0.04807692307692308