0 0.027644230769230768 0.1310096153846154 0.055288461538461536 0.10336538461538461
0 0.03245192307692308 0.038461538461538464 0.06490384615384616 0.07692307692307693
0 0.008413461538461538 0.07451923076923077 0.016826923076923076 0.08173076923076923
0 0.01201923076923077 0.014423076923076924 0.02403846153846154 0.028846153846153848
0 0.6658653846153846 0.5072115384615384 0.1778846153846154 0.057692307692307696
0 0.6959134615384616 0.39783653846153844 0.14182692307692307 0.1466346153846154
0 0.6862980769230769 0.051682692307692304 0.12740384615384615 0.10336538461538461
0 0.25841346153846156 0.6754807692307693 0.3389423076923077 0.27403846153846156
0 0.027644230769230768 0.8233173076923077 0.055288461538461536 0.15625
0 0.03485576923076923 0.7391826923076923 0.06971153846153846 0.15144230769230768
0 0.5913461538461539 0.8629807692307693 0.0673076923076923 0.08173076923076923
0 0.6526442307692307 0.6418269230769231 0.052884615384615384 0.055288461538461536
0 0.6382211538461539 0.7019230769230769 0.052884615384615384 0.055288461538461536
0 0.5829326923076923 0.9254807692307693 0.05048076923076923 0.08653846153846154
0 0.6105769230769231 0.7752403846153846 0.06971153846153846 0.07211538461538461