0 0.17307692307692307 0.2800480769230769 0.34615384615384615 0.43509615384615385
0 0.2548076923076923 0.3798076923076923 0.13942307692307693 0.18990384615384615
0 0.35697115384615385 0.453125 0.06009615384615385 0.0889423076923077
0 0.9543269230769231 0.44471153846153844 0.08653846153846154 0.10576923076923077
0 0.7548076923076923 0.3737980769230769 0.21153846153846154 0.23557692307692307
0 0.8233173076923077 0.4675480769230769 0.20432692307692307 0.06009615384615385
0 0.9639423076923077 0.27403846153846156 0.0673076923076923 0.15865384615384615
0 0.9266826923076923 0.3870192307692308 0.12980769230769232 0.1466346153846154
0 0.11057692307692307 0.8100961538461539 0.10096153846153846 0.09375
0 0.08173076923076923 0.9206730769230769 0.10817307692307693 0.09134615384615384
0 0.3762019230769231 0.875 0.021634615384615384 0.052884615384615384
0 0.23557692307692307 0.7776442307692307 0.07932692307692307 0.07932692307692307
0 0.3088942307692308 0.9615384615384616 0.06490384615384616 0.057692307692307696
0 0.28846153846153844 0.8798076923076923 0.09375 0.07932692307692307
0 0.8365384615384616 0.9254807692307693 0.06490384615384616 0.07451923076923077
0 0.9002403846153846 0.6730769230769231 0.028846153846153848 0.03365384615384615
0 0.8978365384615384 0.7932692307692307 0.036057692307692304 0.040865384615384616
0 0.8161057692307693 0.6201923076923077 0.057692307692307696 0.05048076923076923
0 0.7692307692307693 0.6971153846153846 0.07692307692307693 0.0673076923076923
0 0.8834134615384616 0.7620192307692307 0.040865384615384616 0.04807692307692308
0 0.8461538461538461 0.5757211538461539 0.036057692307692304 0.03365384615384615
0 0.8762019230769231 0.5216346153846154 0.02403846153846154 0.02403846153846154
0 0.7415865384615384 0.6141826923076923 0.0673076923076923 0.0625
0 0.7956730769230769 0.5540865384615384 0.05048076923076923 0.040865384615384616
0 0.8653846153846154 0.5576923076923077 0.03365384615384615 0.03125
0 0.8305288461538461 0.5276442307692307 0.03365384615384615 0.03365384615384615
0 0.9242788461538461 0.5697115384615384 0.028846153846153848 0.026442307692307692
0 0.9050480769230769 0.5048076923076923 0.036057692307692304 0.009615384615384616
0 0.9122596153846154 0.6274038461538461 0.021634615384615384 0.02403846153846154
0 0.9254807692307693 0.6478365384615384 0.021634615384615384 0.021634615384615384
0 0.5024038461538461 0.8401442307692307 0.19471153846153846 0.15865384615384615
0 0.7163461538461539 0.7824519230769231 0.09615384615384616 0.09615384615384616
0 0.9266826923076923 0.609375 0.021634615384615384 0.021634615384615384
0 0.9302884615384616 0.5168269230769231 0.016826923076923076 0.016826923076923076