0 0.11298076923076923 0.48197115384615385 0.09134615384615384 0.09615384615384616
0 0.21875 0.5625 0.15144230769230768 0.16346153846153846
0 0.10216346153846154 0.3942307692307692 0.07932692307692307 0.08173076923076923
0 0.16947115384615385 0.39903846153846156 0.0985576923076923 0.10336538461538461
0 0.2439903846153846 0.45072115384615385 0.10336538461538461 0.13221153846153846
0 0.039663461538461536 0.4326923076923077 0.07932692307692307 0.10096153846153846
0 0.046875 0.35336538461538464 0.08173076923076923 0.0889423076923077
0 0.006009615384615385 0.38341346153846156 0.01201923076923077 0.06009615384615385
0 0.014423076923076924 0.34615384615384615 0.028846153846153848 0.04807692307692308
0 0.40625 0.17067307692307693 0.12259615384615384 0.125
0 0.5252403846153846 0.015625 0.0985576923076923 0.03125
0 0.3629807692307692 0.6081730769230769 0.12980769230769232 0.11538461538461539
0 0.0625 0.9795673076923077 0.125 0.036057692307692304
0 0.08533653846153846 0.9230769230769231 0.10576923076923077 0.10817307692307693
0 0.04927884615384615 0.7620192307692307 0.03365384615384615 0.040865384615384616
0 0.45072115384615385 0.703125 0.11298076923076923 0.06971153846153846
0 0.5600961538461539 0.7560096153846154 0.3701923076923077 0.17548076923076922