0 0.5661057692307693 0.15384615384615385 0.055288461538461536 0.0625
0 0.5 0.23918269230769232 0.08413461538461539 0.09615384615384616
0 0.5661057692307693 0.10336538461538461 0.052884615384615384 0.057692307692307696
0 0.609375 0.08413461538461539 0.01201923076923077 0.04326923076923077
0 0.49038461538461536 0.4074519230769231 0.06971153846153846 0.09375
0 0.6033653846153846 0.051682692307692304 0.02403846153846154 0.05048076923076923
0 0.47596153846153844 0.20072115384615385 0.07211538461538461 0.07932692307692307
0 0.14423076923076922 0.24639423076923078 0.21875 0.21153846153846154
0 0.35216346153846156 0.40384615384615385 0.10817307692307693 0.13701923076923078
0 0.4423076923076923 0.5120192307692307 0.08173076923076923 0.0673076923076923
0 0.47716346153846156 0.4855769230769231 0.06490384615384616 0.08413461538461539
0 0.8088942307692307 0.8173076923076923 0.02403846153846154 0.028846153846153848
0 0.7199519230769231 0.9350961538461539 0.036057692307692304 0.038461538461538464
0 0.8293269230769231 0.78125 0.02403846153846154 0.028846153846153848
0 0.9302884615384616 0.5649038461538461 0.019230769230769232 0.019230769230769232
0 0.7728365384615384 0.8846153846153846 0.07692307692307693 0.07692307692307693
0 0.6887019230769231 0.9783653846153846 0.05048076923076923 0.038461538461538464
0 0.9014423076923077 0.6478365384615384 0.057692307692307696 0.0673076923076923