0 0.16346153846153846 0.25 0.0673076923076923 0.055288461538461536
0 0.3125 0.30649038461538464 0.0673076923076923 0.06971153846153846
0 0.016826923076923076 0.14903846153846154 0.03365384615384615 0.03365384615384615
0 0.021634615384615384 0.12980769230769232 0.03125 0.026442307692307692
0 0.38341346153846156 0.2668269230769231 0.06971153846153846 0.09615384615384616
0 0.44350961538461536 0.17668269230769232 0.08173076923076923 0.06490384615384616
0 0.36778846153846156 0.10576923076923077 0.038461538461538464 0.0673076923076923
0 0.3545673076923077 0.0889423076923077 0.01201923076923077 0.052884615384615384
0 0.43509615384615385 0.06490384615384616 0.057692307692307696 0.04807692307692308
0 0.4807692307692308 0.06370192307692307 0.05048076923076923 0.04326923076923077
0 0.5144230769230769 0.046875 0.040865384615384616 0.036057692307692304
0 0.5637019230769231 0.04927884615384615 0.04326923076923077 0.036057692307692304
0 0.6189903846153846 0.03485576923076923 0.04567307692307692 0.036057692307692304
0 0.65625 0.025240384615384616 0.036057692307692304 0.03125
0 0.2920673076923077 0.6502403846153846 0.055288461538461536 0.040865384615384616
0 0.010817307692307692 0.9519230769230769 0.021634615384615384 0.09134615384615384
0 0.5444711538461539 0.7283653846153846 0.052884615384615384 0.05048076923076923
0 0.5228365384615384 0.6814903846153846 0.04567307692307692 0.04326923076923077
0 0.4795673076923077 0.7139423076923077 0.04567307692307692 0.04807692307692308
0 0.4879807692307692 0.6346153846153846 0.03365384615384615 0.009615384615384616
0 0.5300480769230769 0.6394230769230769 0.026442307692307692 0.019230769230769232
0 0.6298076923076923 0.734375 0.057692307692307696 0.055288461538461536
0 0.5853365384615384 0.6935096153846154 0.06009615384615385 0.07211538461538461
0 0.5625 0.6598557692307693 0.03125 0.04567307692307692
0 0.5492788461538461 0.6454326923076923 0.026442307692307692 0.03125
0 0.45552884615384615 0.6526442307692307 0.036057692307692304 0.04567307692307692
0 0.46634615384615385 0.6814903846153846 0.038461538461538464 0.05048076923076923
0 0.44471153846153844 0.6394230769230769 0.028846153846153848 0.019230769230769232
0 0.5132211538461539 0.6622596153846154 0.03125 0.036057692307692304
0 0.4963942307692308 0.6490384615384616 0.036057692307692304 0.038461538461538464