0 0.2668269230769231 0.4170673076923077 0.12980769230769232 0.06009615384615385
0 0.5348557692307693 0.35336538461538464 0.10336538461538461 0.1875
0 0.16466346153846154 0.32091346153846156 0.10576923076923077 0.125
0 0.7439903846153846 0.051682692307692304 0.038461538461538464 0.038461538461538464
0 0.7079326923076923 0.055288461538461536 0.03125 0.02403846153846154
0 0.6742788461538461 0.09014423076923077 0.026442307692307692 0.02403846153846154
0 0.65625 0.10697115384615384 0.019230769230769232 0.016826923076923076
0 0.6394230769230769 0.11177884615384616 0.021634615384615384 0.016826923076923076
0 0.6286057692307693 0.12379807692307693 0.019230769230769232 0.014423076923076924
0 0.6165865384615384 0.1346153846153846 0.014423076923076924 0.01201923076923077
0 0.6081730769230769 0.14182692307692307 0.009615384615384616 0.009615384615384616
0 0.07211538461538461 0.7055288461538461 0.036057692307692304 0.038461538461538464
0 0.21394230769230768 0.5264423076923077 0.10336538461538461 0.10576923076923077
0 0.32091346153846156 0.4855769230769231 0.1466346153846154 0.07211538461538461
0 0.09254807692307693 0.8689903846153846 0.036057692307692304 0.036057692307692304
0 0.06009615384615385 0.7848557692307693 0.03365384615384615 0.036057692307692304
0 0.02403846153846154 0.9194711538461539 0.019230769230769232 0.016826923076923076
0 0.19471153846153846 0.6971153846153846 0.1466346153846154 0.12259615384615384
0 0.13341346153846154 0.7463942307692307 0.038461538461538464 0.04326923076923077
0 0.09375 0.6490384615384616 0.040865384615384616 0.057692307692307696
0 0.6586538461538461 0.6213942307692307 0.13942307692307693 0.34375