0 0.2548076923076923 0.34375 0.19230769230769232 0.19951923076923078
0 0.14423076923076922 0.09975961538461539 0.20192307692307693 0.19951923076923078
0 0.17427884615384615 0.2704326923076923 0.15384615384615385 0.15865384615384615
0 0.4074519230769231 0.33653846153846156 0.06009615384615385 0.2692307692307692
0 0.3389423076923077 0.21153846153846154 0.1971153846153846 0.25961538461538464
0 0.36778846153846156 0.0889423076923077 0.13942307692307693 0.1778846153846154
0 0.3473557692307692 0.484375 0.1658653846153846 0.06490384615384616
0 0.35096153846153844 0.40384615384615385 0.16346153846153846 0.1658653846153846
0 0.08052884615384616 0.07451923076923077 0.16105769230769232 0.14903846153846154
0 0.24879807692307693 0.1502403846153846 0.24278846153846154 0.25
0 0.8834134615384616 0.24879807692307693 0.13221153846153846 0.1346153846153846
0 0.9399038461538461 0.17067307692307693 0.11538461538461539 0.16346153846153846
0 0.7067307692307693 0.21033653846153846 0.0985576923076923 0.0985576923076923
0 0.6598557692307693 0.13221153846153846 0.10336538461538461 0.10096153846153846
0 0.7307692307692307 0.375 0.0673076923076923 0.0673076923076923
0 0.8497596153846154 0.4387019230769231 0.09134615384615384 0.09375
0 0.8569711538461539 0.3954326923076923 0.11298076923076923 0.11538461538461539
0 0.5757211538461539 0.9182692307692307 0.0625 0.06490384615384616
0 0.7295673076923077 0.9855769230769231 0.08413461538461539 0.02403846153846154
0 0.6742788461538461 0.9603365384615384 0.0889423076923077 0.07451923076923077
0 0.6298076923076923 0.9399038461538461 0.06009615384615385 0.06009615384615385
0 0.4987980769230769 0.8966346153846154 0.05048076923076923 0.05048076923076923
0 0.6069711538461539 0.9591346153846154 0.057692307692307696 0.06009615384615385
0 0.5180288461538461 0.9266826923076923 0.04326923076923077 0.04326923076923077
0 0.5709134615384616 0.9735576923076923 0.05048076923076923 0.04807692307692308
0 0.5552884615384616 0.9483173076923077 0.04807692307692308 0.04807692307692308
0 0.5324519230769231 0.9627403846153846 0.040865384615384616 0.040865384615384616
0 0.6778846153846154 0.9771634615384616 0.07211538461538461 0.040865384615384616
0 0.6225961538461539 0.9807692307692307 0.057692307692307696 0.03365384615384615