0 0.1141826923076923 0.5324519230769231 0.1466346153846154 0.10817307692307693
0 0.016826923076923076 0.36177884615384615 0.03365384615384615 0.12259615384615384
0 0.41466346153846156 0.3557692307692308 0.07451923076923077 0.09134615384615384
0 0.32091346153846156 0.5456730769230769 0.026442307692307692 0.052884615384615384
0 0.33413461538461536 0.5733173076923077 0.052884615384615384 0.026442307692307692
0 0.8798076923076923 0.9759615384615384 0.16346153846153846 0.04326923076923077
0 0.8461538461538461 0.765625 0.14903846153846154 0.15384615384615385
0 0.7439903846153846 0.6298076923076923 0.09375 0.08173076923076923
0 0.6634615384615384 0.7283653846153846 0.07451923076923077 0.0985576923076923
0 0.5889423076923077 0.859375 0.055288461538461536 0.08173076923076923
0 0.5456730769230769 0.9447115384615384 0.06009615384615385 0.07451923076923077
0 0.5288461538461539 0.9831730769230769 0.04807692307692308 0.028846153846153848