0 0.052884615384615384 0.10336538461538461 0.10576923076923077 0.20673076923076922
0 0.06370192307692307 0.16466346153846154 0.12740384615384615 0.12259615384615384
0 0.13701923076923078 0.07091346153846154 0.09134615384615384 0.07211538461538461
0 0.22355769230769232 0.03485576923076923 0.0673076923076923 0.06971153846153846
0 0.18870192307692307 0.09615384615384616 0.1201923076923077 0.11298076923076923
0 0.24759615384615385 0.07091346153846154 0.019230769230769232 0.07451923076923077
0 0.8125 0.375 0.13701923076923078 0.13221153846153846
0 0.7740384615384616 0.16706730769230768 0.07932692307692307 0.06971153846153846
0 0.5865384615384616 0.25240384615384615 0.10096153846153846 0.07692307692307693
0 0.5721153846153846 0.2091346153846154 0.09615384615384616 0.07692307692307693
0 0.6730769230769231 0.19230769230769232 0.07932692307692307 0.06490384615384616
0 0.5228365384615384 0.19471153846153846 0.07692307692307693 0.06971153846153846
0 0.8401442307692307 0.16346153846153846 0.04807692307692308 0.038461538461538464
0 0.7007211538461539 0.15985576923076922 0.052884615384615384 0.040865384615384616
0 0.6153846153846154 0.17427884615384615 0.0625 0.040865384615384616
0 0.8870192307692307 0.14903846153846154 0.05048076923076923 0.05048076923076923
0 0.7451923076923077 0.6225961538461539 0.27884615384615385 0.04807692307692308
0 0.484375 0.5540865384615384 0.22355769230769232 0.18269230769230768
0 0.6141826923076923 0.7115384615384616 0.16105769230769232 0.125
0 0.8389423076923077 0.6778846153846154 0.08653846153846154 0.057692307692307696