0 0.1971153846153846 0.054086538461538464 0.20192307692307693 0.10817307692307693
0 0.23798076923076922 0.1201923076923077 0.1971153846153846 0.23076923076923078
0 0.14182692307692307 0.43509615384615385 0.28365384615384615 0.3173076923076923
0 0.17427884615384615 0.3389423076923077 0.2620192307692308 0.20192307692307693
0 0.2764423076923077 0.3161057692307692 0.1201923076923077 0.15625
0 0.8449519230769231 0.8954326923076923 0.10817307692307693 0.0985576923076923
0 0.7752403846153846 0.5709134615384616 0.08413461538461539 0.0889423076923077
0 0.8942307692307693 0.6454326923076923 0.0625 0.06490384615384616
0 0.7776442307692307 0.5252403846153846 0.08413461538461539 0.09134615384615384
0 0.8401442307692307 0.6117788461538461 0.08173076923076923 0.08653846153846154
0 0.8521634615384616 0.5769230769230769 0.07211538461538461 0.07451923076923077
0 0.9447115384615384 0.6430288461538461 0.10576923076923077 0.15625
0 0.9050480769230769 0.8173076923076923 0.08653846153846154 0.08173076923076923