0 0.06971153846153846 0.24158653846153846 0.13942307692307693 0.20432692307692307
0 0.1466346153846154 0.1045673076923077 0.2932692307692308 0.2091346153846154
0 0.036057692307692304 0.28846153846153844 0.07211538461538461 0.16826923076923078
0 0.22956730769230768 0.39903846153846156 0.09134615384615384 0.0889423076923077
0 0.17427884615384615 0.23197115384615385 0.1346153846153846 0.14182692307692307
0 0.1141826923076923 0.38221153846153844 0.06971153846153846 0.0673076923076923
0 0.037259615384615384 0.9783653846153846 0.06009615384615385 0.038461538461538464
0 0.016826923076923076 0.9375 0.03365384615384615 0.10576923076923077
0 0.7572115384615384 0.9447115384615384 0.10096153846153846 0.09615384615384616
0 0.8798076923076923 0.7451923076923077 0.21875 0.22115384615384615
0 0.9278846153846154 0.6418269230769231 0.13942307692307693 0.1875