0 0.3545673076923077 0.41586538461538464 0.07932692307692307 0.09134615384615384
0 0.19471153846153846 0.5600961538461539 0.03125 0.038461538461538464
0 0.3088942307692308 0.49759615384615385 0.055288461538461536 0.06971153846153846
0 0.29447115384615385 0.5793269230769231 0.036057692307692304 0.036057692307692304
0 0.2247596153846154 0.6418269230769231 0.026442307692307692 0.02403846153846154
0 0.07451923076923077 0.6298076923076923 0.019230769230769232 0.021634615384615384
0 0.055288461538461536 0.6466346153846154 0.01201923076923077 0.016826923076923076
0 0.18870192307692307 0.6586538461538461 0.04567307692307692 0.04326923076923077
0 0.1502403846153846 0.6586538461538461 0.021634615384615384 0.021634615384615384
0 0.24639423076923078 0.6286057692307693 0.019230769230769232 0.021634615384615384
0 0.29447115384615385 0.5492788461538461 0.04807692307692308 0.04807692307692308
0 0.27524038461538464 0.5997596153846154 0.03365384615384615 0.03125
0 0.2620192307692308 0.6225961538461539 0.028846153846153848 0.03365384615384615
0 0.13341346153846154 0.6598557692307693 0.021634615384615384 0.014423076923076924
0 0.1045673076923077 0.6634615384615384 0.016826923076923076 0.016826923076923076
0 0.08774038461538461 0.6646634615384616 0.01201923076923077 0.016826923076923076
0 0.07211538461538461 0.6682692307692307 0.01201923076923077 0.014423076923076924
0 0.056490384615384616 0.6682692307692307 0.01201923076923077 0.01201923076923077
0 0.042067307692307696 0.6706730769230769 0.01201923076923077 0.01201923076923077
0 0.5072115384615384 0.33052884615384615 0.07692307692307693 0.10817307692307693
0 0.6971153846153846 0.12259615384615384 0.2644230769230769 0.24519230769230768
0 0.9266826923076923 0.6298076923076923 0.07211538461538461 0.052884615384615384
0 0.1045673076923077 0.8329326923076923 0.06490384615384616 0.055288461538461536
0 0.027644230769230768 0.8245192307692307 0.055288461538461536 0.057692307692307696
0 0.22716346153846154 0.7584134615384616 0.10336538461538461 0.09134615384615384
0 0.22235576923076922 0.8125 0.10336538461538461 0.09134615384615384
0 0.009615384615384616 0.8629807692307693 0.019230769230769232 0.057692307692307696
0 0.44471153846153844 0.7608173076923077 0.04326923076923077 0.13701923076923078
0 0.6394230769230769 0.9783653846153846 0.040865384615384616 0.040865384615384616