0 0.29447115384615385 0.5120192307692307 0.0673076923076923 0.055288461538461536
0 0.3545673076923077 0.42908653846153844 0.06009615384615385 0.05048076923076923
0 0.36538461538461536 0.484375 0.05048076923076923 0.04807692307692308
0 0.42427884615384615 0.4699519230769231 0.038461538461538464 0.036057692307692304
0 0.4326923076923077 0.4170673076923077 0.038461538461538464 0.036057692307692304
0 0.46033653846153844 0.4230769230769231 0.01201923076923077 0.03365384615384615
0 0.4483173076923077 0.31490384615384615 0.036057692307692304 0.04326923076923077
0 0.6394230769230769 0.33052884615384615 0.11538461538461539 0.11298076923076923
0 0.6490384615384616 0.1875 0.11057692307692307 0.10096153846153846
0 0.7259615384615384 0.38221153846153844 0.07692307692307693 0.07932692307692307
0 0.7860576923076923 0.5709134615384616 0.08173076923076923 0.03125
0 0.7475961538461539 0.5060096153846154 0.11298076923076923 0.08413461538461539
0 0.421875 0.9831730769230769 0.0889423076923077 0.028846153846153848
0 0.22956730769230768 0.9399038461538461 0.35336538461538464 0.11538461538461539
0 0.6033653846153846 0.7800480769230769 0.07932692307692307 0.07932692307692307
0 0.7199519230769231 0.6213942307692307 0.0625 0.055288461538461536
0 0.7836538461538461 0.6430288461538461 0.04326923076923077 0.057692307692307696
0 0.5480769230769231 0.9086538461538461 0.052884615384615384 0.06971153846153846