0 0.11658653846153846 0.16346153846153846 0.04326923076923077 0.04326923076923077
0 0.06971153846153846 0.018028846153846152 0.02403846153846154 0.02403846153846154
0 0.06490384615384616 0.09735576923076923 0.03125 0.03365384615384615
0 0.08052884615384616 0.04326923076923077 0.02403846153846154 0.02403846153846154
0 0.10216346153846154 0.11177884615384616 0.036057692307692304 0.036057692307692304
0 0.11057692307692307 0.27403846153846156 0.0625 0.0625
0 0.12980769230769232 0.22716346153846154 0.08653846153846154 0.08413461538461539
0 0.04807692307692308 0.003605769230769231 0.02403846153846154 0.007211538461538462
0 0.8365384615384616 0.14543269230769232 0.17307692307692307 0.23317307692307693
0 0.27163461538461536 0.78125 0.07211538461538461 0.08413461538461539
0 0.23677884615384615 0.6730769230769231 0.06009615384615385 0.06490384615384616
0 0.23798076923076922 0.9543269230769231 0.09615384615384616 0.08653846153846154
0 0.27524038461538464 0.9002403846153846 0.0889423076923077 0.10576923076923077
0 0.9278846153846154 0.5084134615384616 0.14182692307692307 0.1466346153846154
0 0.7848557692307693 0.7668269230769231 0.06971153846153846 0.125
0 0.7836538461538461 0.6742788461538461 0.0673076923076923 0.10817307692307693
0 0.8016826923076923 0.5877403846153846 0.10336538461538461 0.12740384615384615
0 0.9134615384615384 0.8725961538461539 0.16826923076923078 0.17307692307692307
0 0.9242788461538461 0.5997596153846154 0.1466346153846154 0.20432692307692307
0 0.9122596153846154 0.7355769230769231 0.17067307692307693 0.1875