0 0.02403846153846154 0.3737980769230769 0.04807692307692308 0.09375
0 0.04567307692307692 0.06971153846153846 0.09134615384615384 0.11538461538461539
0 0.008413461538461538 0.3004807692307692 0.016826923076923076 0.09134615384615384
0 0.9170673076923077 0.4423076923076923 0.0985576923076923 0.10336538461538461
0 0.9519230769230769 0.5192307692307693 0.09134615384615384 0.07211538461538461
0 0.859375 0.45552884615384615 0.07692307692307693 0.08653846153846154
0 0.8822115384615384 0.515625 0.08173076923076923 0.07932692307692307
0 0.8185096153846154 0.4651442307692308 0.06009615384615385 0.07211538461538461
0 0.7740384615384616 0.390625 0.07451923076923077 0.07451923076923077
0 0.7560096153846154 0.4098557692307692 0.0625 0.06490384615384616
0 0.6850961538461539 0.31971153846153844 0.12740384615384615 0.1466346153846154
0 0.7175480769230769 0.36899038461538464 0.038461538461538464 0.03365384615384615
0 0.578125 0.18028846153846154 0.03125 0.03365384615384615
0 0.5516826923076923 0.18269230769230768 0.026442307692307692 0.038461538461538464
0 0.5769230769230769 0.22115384615384615 0.0673076923076923 0.0673076923076923
0 0.5877403846153846 0.24879807692307693 0.02403846153846154 0.02403846153846154
0 0.11057692307692307 0.8846153846153846 0.08413461538461539 0.09615384615384616
0 0.3233173076923077 0.7872596153846154 0.20432692307692307 0.1971153846153846
0 0.4567307692307692 0.7223557692307693 0.15865384615384615 0.25721153846153844