0 0.27163461538461536 0.21394230769230768 0.038461538461538464 0.038461538461538464
0 0.4951923076923077 0.15985576923076922 0.03365384615384615 0.036057692307692304
0 0.19230769230769232 0.21033653846153846 0.04807692307692308 0.04567307692307692
0 0.34134615384615385 0.21995192307692307 0.03125 0.03125
0 0.4675480769230769 0.18269230769230768 0.026442307692307692 0.028846153846153848
0 0.36658653846153844 0.051682692307692304 0.0673076923076923 0.07692307692307693
0 0.42427884615384615 0.25961538461538464 0.014423076923076924 0.014423076923076924
0 0.5192307692307693 0.23677884615384615 0.02403846153846154 0.02403846153846154
0 0.30649038461538464 0.7668269230769231 0.038461538461538464 0.038461538461538464
0 0.2247596153846154 0.47596153846153844 0.11538461538461539 0.13942307692307693
0 0.4723557692307692 0.6899038461538461 0.036057692307692304 0.040865384615384616
0 0.45913461538461536 0.734375 0.026442307692307692 0.028846153846153848
0 0.48197115384615385 0.7632211538461539 0.021634615384615384 0.021634615384615384
0 0.026442307692307692 0.4675480769230769 0.052884615384615384 0.17548076923076922
0 0.43149038461538464 0.8052884615384616 0.021634615384615384 0.02403846153846154
0 0.5072115384615384 0.7860576923076923 0.016826923076923076 0.014423076923076924
0 0.5252403846153846 0.7836538461538461 0.019230769230769232 0.019230769230769232
0 0.4423076923076923 0.8173076923076923 0.014423076923076924 0.014423076923076924
0 0.45552884615384615 0.8137019230769231 0.019230769230769232 0.021634615384615384
0 0.5228365384615384 0.8040865384615384 0.009615384615384616 0.01201923076923077
0 0.5072115384615384 0.7487980769230769 0.04326923076923077 0.057692307692307696
0 0.9915865384615384 0.9855769230769231 0.01201923076923077 0.02403846153846154
0 0.9471153846153846 0.8737980769230769 0.07451923076923077 0.07692307692307693