0 0.9350961538461539 0.6262019230769231 0.052884615384615384 0.021634615384615384
0 0.6129807692307693 0.06370192307692307 0.16826923076923078 0.12740384615384615
0 0.051682692307692304 0.9627403846153846 0.10336538461538461 0.06971153846153846
0 0.5084134615384616 0.7067307692307693 0.036057692307692304 0.07211538461538461
0 0.2980769230769231 0.7620192307692307 0.3942307692307692 0.24519230769230768
0 0.43149038461538464 0.7259615384615384 0.0985576923076923 0.10336538461538461
0 0.25721153846153844 0.8365384615384616 0.14182692307692307 0.12740384615384615
0 0.8004807692307693 0.7091346153846154 0.07692307692307693 0.09615384615384616
0 0.7596153846153846 0.9555288461538461 0.07692307692307693 0.08413461538461539
0 0.8112980769230769 0.9266826923076923 0.06009615384615385 0.0673076923076923
0 0.7475961538461539 0.8605769230769231 0.0985576923076923 0.11298076923076923
0 0.7836538461538461 0.8497596153846154 0.06490384615384616 0.08173076923076923
0 0.8016826923076923 0.8353365384615384 0.0673076923076923 0.08653846153846154
0 0.8052884615384616 0.9627403846153846 0.09615384615384616 0.06971153846153846