0 0.32091346153846156 0.02403846153846154 0.0985576923076923 0.04807692307692308
0 0.4254807692307692 0.07211538461538461 0.08173076923076923 0.12980769230769232
0 0.1502403846153846 0.8293269230769231 0.125 0.12740384615384615
0 0.1502403846153846 0.5300480769230769 0.1658653846153846 0.17548076923076922
0 0.1622596153846154 0.37259615384615385 0.1466346153846154 0.028846153846153848
0 0.2980769230769231 0.8209134615384616 0.15384615384615385 0.16105769230769232
0 0.2704326923076923 0.9603365384615384 0.13221153846153846 0.07451923076923077
0 0.34975961538461536 0.5096153846153846 0.23317307692307693 0.2980769230769231
0 0.6514423076923077 0.6105769230769231 0.057692307692307696 0.06490384615384616
0 0.6153846153846154 0.5637019230769231 0.0625 0.0673076923076923
0 0.6394230769230769 0.734375 0.036057692307692304 0.03125
0 0.6887019230769231 0.8521634615384616 0.036057692307692304 0.03365384615384615
0 0.6586538461538461 0.7620192307692307 0.08173076923076923 0.07932692307692307
0 0.6346153846153846 0.8209134615384616 0.03125 0.028846153846153848
0 0.6177884615384616 0.7560096153846154 0.028846153846153848 0.03125
0 0.7331730769230769 0.8317307692307693 0.08653846153846154 0.07451923076923077
0 0.7151442307692307 0.7776442307692307 0.052884615384615384 0.05048076923076923
0 0.7355769230769231 0.7259615384615384 0.07211538461538461 0.06971153846153846
0 0.6899038461538461 0.7175480769230769 0.055288461538461536 0.052884615384615384
0 0.6995192307692307 0.6322115384615384 0.0889423076923077 0.08653846153846154
0 0.6983173076923077 0.6826923076923077 0.057692307692307696 0.057692307692307696
0 0.6334134615384616 0.8545673076923077 0.026442307692307692 0.028846153846153848
0 0.671875 0.8870192307692307 0.02403846153846154 0.02403846153846154