0 0.3954326923076923 0.734375 0.0625 0.052884615384615384
0 0.453125 0.6646634615384616 0.04567307692307692 0.08413461538461539
0 0.3870192307692308 0.6923076923076923 0.07451923076923077 0.06971153846153846
0 0.3401442307692308 0.7932692307692307 0.04567307692307692 0.04807692307692308
0 0.35216346153846156 0.7355769230769231 0.055288461538461536 0.05048076923076923
0 0.3112980769230769 0.7860576923076923 0.052884615384615384 0.052884615384615384
0 0.2692307692307692 0.8257211538461539 0.04807692307692308 0.040865384615384616
0 0.24158653846153846 0.8425480769230769 0.036057692307692304 0.007211538461538462
0 0.2932692307692308 0.828125 0.03365384615384615 0.03125
0 0.9050480769230769 0.7307692307692307 0.08653846153846154 0.06971153846153846
0 0.9411057692307693 0.7487980769230769 0.0889423076923077 0.06009615384615385
0 0.8737980769230769 0.7896634615384616 0.07451923076923077 0.06490384615384616
0 0.8269230769230769 0.8185096153846154 0.05048076923076923 0.04807692307692308
0 0.7884615384615384 0.8341346153846154 0.052884615384615384 0.02403846153846154
0 0.057692307692307696 0.9230769230769231 0.11538461538461539 0.14903846153846154