0 0.25721153846153844 0.4675480769230769 0.10817307692307693 0.13701923076923078
0 0.042067307692307696 0.4387019230769231 0.08413461538461539 0.17067307692307693
0 0.4807692307692308 0.30408653846153844 0.10576923076923077 0.15625
0 0.7163461538461539 0.46274038461538464 0.08413461538461539 0.07451923076923077
0 0.7884615384615384 0.35336538461538464 0.11298076923076923 0.09375
0 0.7644230769230769 0.41225961538461536 0.09134615384615384 0.07692307692307693
0 0.8449519230769231 0.35216346153846156 0.11057692307692307 0.10096153846153846
0 0.9375 0.31490384615384615 0.12259615384615384 0.09615384615384616
0 0.6286057692307693 0.5516826923076923 0.10336538461538461 0.03125
0 0.5144230769230769 0.08774038461538461 0.17307692307692307 0.17548076923076922
0 0.7620192307692307 0.0733173076923077 0.23076923076923078 0.1466346153846154
0 0.18028846153846154 0.7848557692307693 0.0625 0.055288461538461536
0 0.26322115384615385 0.6911057692307693 0.0985576923076923 0.08413461538461539
0 0.12740384615384615 0.8485576923076923 0.052884615384615384 0.04326923076923077
0 0.2956730769230769 0.7451923076923077 0.2283653846153846 0.2091346153846154
0 0.09735576923076923 0.8810096153846154 0.040865384615384616 0.03365384615384615
0 0.04567307692307692 0.9507211538461539 0.026442307692307692 0.026442307692307692
0 0.05048076923076923 0.9675480769230769 0.021634615384615384 0.016826923076923076
0 0.7259615384615384 0.9146634615384616 0.08413461538461539 0.07692307692307693
0 0.6105769230769231 0.90625 0.12980769230769232 0.12259615384615384
0 0.8137019230769231 0.8689903846153846 0.08413461538461539 0.06971153846153846
0 0.8581730769230769 0.8882211538461539 0.07932692307692307 0.0673076923076923
0 0.6706730769230769 0.9278846153846154 0.09134615384615384 0.0889423076923077
0 0.7704326923076923 0.9507211538461539 0.07451923076923077 0.0625
0 0.9591346153846154 0.8076923076923077 0.07692307692307693 0.09615384615384616
0 0.5612980769230769 0.9663461538461539 0.09375 0.0625
0 0.609375 0.9711538461538461 0.0985576923076923 0.052884615384615384
0 0.6658653846153846 0.9759615384615384 0.0673076923076923 0.04326923076923077
0 0.7331730769230769 0.9459134615384616 0.10336538461538461 0.07932692307692307
0 0.7091346153846154 0.9867788461538461 0.0673076923076923 0.021634615384615384