0 0.24639423076923078 0.32572115384615385 0.08413461538461539 0.08653846153846154
0 0.35697115384615385 0.46274038461538464 0.12259615384615384 0.1201923076923077
0 0.2536057692307692 0.4387019230769231 0.09375 0.10576923076923077
0 0.17307692307692307 0.2439903846153846 0.06490384615384616 0.06009615384615385
0 0.09735576923076923 0.23798076923076922 0.04567307692307692 0.03365384615384615
0 0.18509615384615385 0.3545673076923077 0.07451923076923077 0.07211538461538461
0 0.007211538461538462 0.12860576923076922 0.014423076923076924 0.036057692307692304
0 0.5757211538461539 0.5564903846153846 0.036057692307692304 0.03365384615384615
0 0.6802884615384616 0.44711538461538464 0.0985576923076923 0.07451923076923077
0 0.5516826923076923 0.5709134615384616 0.026442307692307692 0.01201923076923077
0 0.9086538461538461 0.22115384615384615 0.1778846153846154 0.1875
0 0.7860576923076923 0.3581730769230769 0.16105769230769232 0.11778846153846154
0 0.8653846153846154 0.4651442307692308 0.23317307692307693 0.1658653846153846
0 0.7103365384615384 0.5348557692307693 0.09134615384615384 0.08653846153846154
0 0.6117788461538461 0.53125 0.06490384615384616 0.05048076923076923
0 0.640625 0.03125 0.0889423076923077 0.0625
0 0.6009615384615384 0.5673076923076923 0.125 0.019230769230769232
0 0.9134615384615384 0.6370192307692307 0.10817307692307693 0.08413461538461539