0 0.23798076923076922 0.042067307692307696 0.15865384615384615 0.08413461538461539
0 0.234375 0.19591346153846154 0.13221153846153846 0.12980769230769232
0 0.37259615384615385 0.3125 0.07932692307692307 0.08173076923076923
0 0.6514423076923077 0.19951923076923078 0.07932692307692307 0.10096153846153846
0 0.7536057692307693 0.39903846153846156 0.055288461538461536 0.057692307692307696
0 0.5817307692307693 0.4387019230769231 0.08653846153846154 0.13221153846153846
0 0.8100961538461539 0.5060096153846154 0.036057692307692304 0.036057692307692304
0 0.8365384615384616 0.5552884615384616 0.03125 0.026442307692307692
0 0.8245192307692307 0.5745192307692307 0.03125 0.026442307692307692
0 0.3894230769230769 0.7848557692307693 0.06971153846153846 0.0625
0 0.46634615384615385 0.7271634615384616 0.055288461538461536 0.04807692307692308
0 0.40024038461538464 0.6971153846153846 0.0625 0.05048076923076923
0 0.484375 0.6586538461538461 0.036057692307692304 0.036057692307692304
0 0.4387019230769231 0.6778846153846154 0.052884615384615384 0.038461538461538464
0 0.8088942307692307 0.75 0.0673076923076923 0.07211538461538461
0 0.7079326923076923 0.6574519230769231 0.20432692307692307 0.0985576923076923
0 0.7788461538461539 0.796875 0.07932692307692307 0.07451923076923077
0 0.8365384615384616 0.8870192307692307 0.057692307692307696 0.057692307692307696