0 0.3004807692307692 0.2548076923076923 0.11057692307692307 0.11538461538461539
0 0.38461538461538464 0.47836538461538464 0.04326923076923077 0.038461538461538464
0 0.3581730769230769 0.49038461538461536 0.04326923076923077 0.014423076923076924
0 0.0829326923076923 0.9735576923076923 0.1658653846153846 0.04807692307692308
0 0.051682692307692304 0.8389423076923077 0.10336538461538461 0.2980769230769231
0 0.30649038461538464 0.9603365384615384 0.0889423076923077 0.07451923076923077
0 0.13822115384615385 0.9122596153846154 0.11538461538461539 0.1346153846153846
0 0.49038461538461536 0.9771634615384616 0.08653846153846154 0.040865384615384616
0 0.6153846153846154 0.8317307692307693 0.10576923076923077 0.08653846153846154
0 0.6490384615384616 0.8629807692307693 0.10096153846153846 0.08653846153846154
0 0.5673076923076923 0.9242788461538461 0.08413461538461539 0.07211538461538461
0 0.6995192307692307 0.8521634615384616 0.08173076923076923 0.07692307692307693
0 0.5588942307692307 0.9663461538461539 0.055288461538461536 0.04567307692307692
0 0.6274038461538461 0.9134615384615384 0.06490384615384616 0.04807692307692308
0 0.9591346153846154 0.71875 0.07692307692307693 0.13942307692307693
0 0.5637019230769231 0.5600961538461539 0.24278846153846154 0.1201923076923077