0 0.039663461538461536 0.9074519230769231 0.07932692307692307 0.18028846153846154
0 0.7716346153846154 0.5637019230769231 0.0673076923076923 0.0673076923076923
0 0.6237980769230769 0.6153846153846154 0.03365384615384615 0.03365384615384615
0 0.6610576923076923 0.6129807692307693 0.04326923076923077 0.04326923076923077
0 0.5745192307692307 0.6286057692307693 0.026442307692307692 0.026442307692307692
0 0.7139423076923077 0.6033653846153846 0.04326923076923077 0.04326923076923077
0 0.5540865384615384 0.5817307692307693 0.028846153846153848 0.028846153846153848
0 0.5324519230769231 0.5985576923076923 0.026442307692307692 0.026442307692307692
0 0.9014423076923077 0.5552884615384616 0.19230769230769232 0.22115384615384615
0 0.5492788461538461 0.6334134615384616 0.021634615384615384 0.021634615384615384
0 0.5360576923076923 0.6382211538461539 0.021634615384615384 0.021634615384615384
0 0.5600961538461539 0.6286057692307693 0.019230769230769232 0.019230769230769232