0 0.6117788461538461 0.5444711538461539 0.13701923076923078 0.04567307692307692
0 0.5324519230769231 0.5504807692307693 0.07932692307692307 0.03365384615384615
0 0.47596153846153844 0.4579326923076923 0.07692307692307693 0.08653846153846154
0 0.4639423076923077 0.49759615384615385 0.06971153846153846 0.09134615384615384
0 0.41466346153846156 0.4362980769230769 0.06971153846153846 0.07692307692307693
0 0.3786057692307692 0.3942307692307692 0.052884615384615384 0.052884615384615384
0 0.3557692307692308 0.3581730769230769 0.03365384615384615 0.052884615384615384
0 0.4338942307692308 0.9254807692307693 0.07211538461538461 0.07451923076923077
0 0.40625 0.7644230769230769 0.0889423076923077 0.0985576923076923
0 0.609375 0.6598557692307693 0.21394230769230768 0.18028846153846154
0 0.7992788461538461 0.6334134615384616 0.3004807692307692 0.12740384615384615