0 0.421875 0.25961538461538464 0.021634615384615384 0.02403846153846154
0 0.33413461538461536 0.359375 0.06009615384615385 0.052884615384615384
0 0.34615384615384615 0.3269230769230769 0.04567307692307692 0.038461538461538464
0 0.5060096153846154 0.3545673076923077 0.021634615384615384 0.021634615384615384
0 0.20072115384615385 0.29927884615384615 0.09134615384615384 0.07692307692307693
0 0.27884615384615385 0.24158653846153846 0.07932692307692307 0.0673076923076923
0 0.3173076923076923 0.23918269230769232 0.055288461538461536 0.052884615384615384
0 0.34134615384615385 0.21995192307692307 0.02403846153846154 0.028846153846153848
0 0.35697115384615385 0.22956730769230768 0.040865384615384616 0.04326923076923077
0 0.5324519230769231 0.36177884615384615 0.021634615384615384 0.02403846153846154
0 0.8149038461538461 0.5408653846153846 0.16826923076923078 0.1658653846153846
0 0.8810096153846154 0.4879807692307692 0.14423076923076922 0.1658653846153846
0 0.9639423076923077 0.5168269230769231 0.0673076923076923 0.07211538461538461
0 0.8016826923076923 0.3088942307692308 0.19471153846153846 0.1971153846153846
0 0.7764423076923077 0.17668269230769232 0.057692307692307696 0.038461538461538464
0 0.8653846153846154 0.3076923076923077 0.13701923076923078 0.14423076923076922
0 0.9086538461538461 0.3786057692307692 0.16346153846153846 0.18509615384615385
0 0.8822115384615384 0.2247596153846154 0.08653846153846154 0.10336538461538461
0 0.7524038461538461 0.08533653846153846 0.1466346153846154 0.15865384615384615
0 0.8064903846153846 0.04927884615384615 0.08173076923076923 0.09615384615384616
0 0.8197115384615384 0.13701923076923078 0.0889423076923077 0.07932692307692307
0 0.8449519230769231 0.0985576923076923 0.08653846153846154 0.09375
0 0.8329326923076923 0.03485576923076923 0.0889423076923077 0.06971153846153846
0 0.3737980769230769 0.7235576923076923 0.11298076923076923 0.04807692307692308
0 0.2608173076923077 0.8497596153846154 0.1971153846153846 0.18028846153846154
0 0.4807692307692308 0.7548076923076923 0.11538461538461539 0.11057692307692307
0 0.5324519230769231 0.78125 0.07932692307692307 0.08173076923076923
0 0.5829326923076923 0.7572115384615384 0.04567307692307692 0.0625
0 0.5588942307692307 0.9435096153846154 0.09375 0.08413461538461539
0 0.9314903846153846 0.9362980769230769 0.07211538461538461 0.07451923076923077
0 0.8389423076923077 0.8473557692307693 0.22115384615384615 0.20192307692307693
0 0.8689903846153846 0.7247596153846154 0.07451923076923077 0.05048076923076923
0 0.8473557692307693 0.7560096153846154 0.057692307692307696 0.04807692307692308
0 0.7932692307692307 0.9435096153846154 0.3701923076923077 0.10817307692307693
0 0.8762019230769231 0.9759615384615384 0.11298076923076923 0.04326923076923077