0 0.12620192307692307 0.1971153846153846 0.07211538461538461 0.0625
0 0.013221153846153846 0.08052884615384616 0.026442307692307692 0.05048076923076923
0 0.30649038461538464 0.31009615384615385 0.0985576923076923 0.08413461538461539
0 0.055288461538461536 0.10817307692307693 0.04807692307692308 0.04567307692307692
0 0.6358173076923077 0.12139423076923077 0.0985576923076923 0.09615384615384616
0 0.6394230769230769 0.055288461538461536 0.10096153846153846 0.10336538461538461
0 0.8076923076923077 0.3557692307692308 0.125 0.13701923076923078
0 0.7163461538461539 0.051682692307692304 0.06490384615384616 0.0673076923076923
0 0.5108173076923077 0.234375 0.12259615384615384 0.18990384615384615
0 0.7716346153846154 0.04447115384615385 0.055288461538461536 0.055288461538461536
0 0.734375 0.09014423076923077 0.07451923076923077 0.07451923076923077
0 0.5132211538461539 0.14783653846153846 0.12740384615384615 0.15625
0 0.5456730769230769 0.07932692307692307 0.08413461538461539 0.07451923076923077
0 0.9338942307692307 0.038461538461538464 0.03365384615384615 0.036057692307692304
0 0.4651442307692308 0.10817307692307693 0.03125 0.1346153846153846
0 0.8004807692307693 0.08052884615384616 0.06490384615384616 0.06009615384615385
0 0.055288461538461536 0.8052884615384616 0.11057692307692307 0.21153846153846154
0 0.8497596153846154 0.5540865384615384 0.23798076923076922 0.15144230769230768