0 0.6766826923076923 0.21033653846153846 0.06009615384615385 0.11298076923076923
0 0.7884615384615384 0.3701923076923077 0.0985576923076923 0.0985576923076923
0 0.8389423076923077 0.4495192307692308 0.07211538461538461 0.06971153846153846
0 0.8774038461538461 0.4723557692307692 0.057692307692307696 0.026442307692307692
0 0.39903846153846156 0.7043269230769231 0.11298076923076923 0.11538461538461539
0 0.6033653846153846 0.6310096153846154 0.06490384615384616 0.06490384615384616
0 0.6971153846153846 0.5637019230769231 0.019230769230769232 0.04567307692307692
0 0.6153846153846154 0.5829326923076923 0.07451923076923077 0.07451923076923077
0 0.7620192307692307 0.5793269230769231 0.09134615384615384 0.09134615384615384
0 0.7475961538461539 0.7055288461538461 0.0625 0.0625
0 0.7163461538461539 0.9014423076923077 0.014423076923076924 0.028846153846153848
0 0.7403846153846154 0.8257211538461539 0.04807692307692308 0.04807692307692308
0 0.7115384615384616 0.9867788461538461 0.004807692307692308 0.016826923076923076
0 0.7223557692307693 0.9302884615384616 0.026442307692307692 0.028846153846153848
0 0.7319711538461539 0.9879807692307693 0.019230769230769232 0.019230769230769232
0 0.7403846153846154 0.8846153846153846 0.026442307692307692 0.026442307692307692
0 0.7427884615384616 0.9086538461538461 0.026442307692307692 0.026442307692307692
0 0.75 0.9194711538461539 0.019230769230769232 0.019230769230769232
0 0.7596153846153846 0.9350961538461539 0.019230769230769232 0.019230769230769232
0 0.7175480769230769 0.9939903846153846 0.016826923076923076 0.007211538461538462
0 0.7716346153846154 0.9423076923076923 0.016826923076923076 0.016826923076923076
0 0.7512019230769231 0.9771634615384616 0.019230769230769232 0.019230769230769232
0 0.7331730769230769 0.9471153846153846 0.021634615384615384 0.021634615384615384