0 0.021634615384615384 0.3605769230769231 0.04326923076923077 0.07692307692307693
0 0.05048076923076923 0.41586538461538464 0.10096153846153846 0.019230769230769232
0 0.6358173076923077 0.4074519230769231 0.06971153846153846 0.036057692307692304
0 0.8737980769230769 0.35096153846153844 0.13942307692307693 0.10336538461538461
0 0.7584134615384616 0.40625 0.0889423076923077 0.038461538461538464
0 0.7920673076923077 0.2860576923076923 0.10336538461538461 0.08653846153846154
0 0.171875 0.5300480769230769 0.14423076923076922 0.18269230769230768
0 0.09615384615384616 0.5637019230769231 0.18028846153846154 0.21875
0 0.02283653846153846 0.6033653846153846 0.04567307692307692 0.11057692307692307
0 0.2283653846153846 0.7163461538461539 0.16826923076923078 0.1971153846153846
0 0.08413461538461539 0.7788461538461539 0.1201923076923077 0.14423076923076922
0 0.15144230769230768 0.7151442307692307 0.07692307692307693 0.06009615384615385
0 0.1971153846153846 0.8701923076923077 0.125 0.14423076923076922
0 0.9050480769230769 0.8930288461538461 0.1346153846153846 0.11057692307692307
0 0.7632211538461539 0.7319711538461539 0.0673076923076923 0.06009615384615385
0 0.8040865384615384 0.8557692307692307 0.08653846153846154 0.07451923076923077
0 0.5396634615384616 0.7752403846153846 0.03365384615384615 0.026442307692307692
0 0.6778846153846154 0.8233173076923077 0.09375 0.08653846153846154
0 0.5877403846153846 0.7908653846153846 0.03365384615384615 0.03365384615384615