0 0.6538461538461539 0.2704326923076923 0.14903846153846154 0.05048076923076923
0 0.9495192307692307 0.051682692307692304 0.06490384615384616 0.07451923076923077
0 0.8617788461538461 0.1935096153846154 0.08173076923076923 0.09375
0 0.10336538461538461 0.3329326923076923 0.20673076923076922 0.06971153846153846
0 0.22235576923076922 0.5396634615384616 0.24759615384615385 0.23557692307692307
0 0.26322115384615385 0.3954326923076923 0.21875 0.19471153846153846
0 0.32572115384615385 0.33774038461538464 0.19471153846153846 0.07932692307692307
0 0.3870192307692308 0.47836538461538464 0.17307692307692307 0.1778846153846154
0 0.4206730769230769 0.6213942307692307 0.12980769230769232 0.1346153846153846
0 0.7091346153846154 0.7367788461538461 0.14182692307692307 0.11778846153846154
0 0.7151442307692307 0.6153846153846154 0.12980769230769232 0.10336538461538461
0 0.7644230769230769 0.5108173076923077 0.12980769230769232 0.09615384615384616
0 0.8798076923076923 0.5276442307692307 0.10576923076923077 0.07932692307692307
0 0.9519230769230769 0.5360576923076923 0.07692307692307693 0.0625
0 0.9435096153846154 0.6334134615384616 0.10817307692307693 0.13221153846153846