0 0.06129807692307692 0.025240384615384616 0.06009615384615385 0.05048076923076923
0 0.025240384615384616 0.004807692307692308 0.05048076923076923 0.009615384615384616
0 0.010817307692307692 0.03245192307692308 0.021634615384615384 0.055288461538461536
0 0.14423076923076922 0.013221153846153846 0.0673076923076923 0.026442307692307692
0 0.6947115384615384 0.296875 0.15625 0.15144230769230768
0 0.4831730769230769 0.5504807692307693 0.10576923076923077 0.0625
0 0.109375 0.9819711538461539 0.11778846153846154 0.03125
0 0.234375 0.8209134615384616 0.20432692307692307 0.19471153846153846
0 0.3485576923076923 0.6814903846153846 0.15144230769230768 0.14182692307692307
0 0.3269230769230769 0.5396634615384616 0.09134615384615384 0.040865384615384616
0 0.6081730769230769 0.7355769230769231 0.057692307692307696 0.14423076923076922