0 0.10817307692307693 0.18028846153846154 0.07932692307692307 0.08413461538461539
0 0.16826923076923078 0.23677884615384615 0.08653846153846154 0.09615384615384616
0 0.23197115384615385 0.3004807692307692 0.08653846153846154 0.09615384615384616
0 0.05048076923076923 0.125 0.0625 0.06490384615384616
0 0.8112980769230769 0.49399038461538464 0.06971153846153846 0.026442307692307692
0 0.9086538461538461 0.4651442307692308 0.08413461538461539 0.08173076923076923
0 0.11298076923076923 0.8209134615384616 0.1466346153846154 0.15625
0 0.29447115384615385 0.7151442307692307 0.29086538461538464 0.2860576923076923
0 0.25 0.9110576923076923 0.16826923076923078 0.17067307692307693
0 0.33052884615384615 0.9735576923076923 0.17548076923076922 0.04807692307692308
0 0.38100961538461536 0.6935096153846154 0.27163461538461536 0.36778846153846156
0 0.5973557692307693 0.5564903846153846 0.15625 0.09375