0 0.057692307692307696 0.47716346153846156 0.028846153846153848 0.016826923076923076
0 0.030048076923076924 0.48197115384615385 0.016826923076923076 0.007211538461538462
0 0.17067307692307693 0.44350961538461536 0.04326923076923077 0.040865384615384616
0 0.8725961538461539 0.4206730769230769 0.1346153846153846 0.12980769230769232
0 0.9074519230769231 0.46033653846153844 0.12259615384615384 0.05048076923076923
0 0.3942307692307692 0.09735576923076923 0.05048076923076923 0.052884615384615384
0 0.5528846153846154 0.23677884615384615 0.06490384615384616 0.0673076923076923
0 0.4423076923076923 0.13341346153846154 0.057692307692307696 0.06009615384615385
0 0.7524038461538461 0.39663461538461536 0.11057692307692307 0.1201923076923077
0 0.7007211538461539 0.31009615384615385 0.10096153846153846 0.10817307692307693
0 0.6646634615384616 0.32091346153846156 0.08653846153846154 0.09615384615384616
0 0.49038461538461536 0.16346153846153846 0.06490384615384616 0.06490384615384616
0 0.4963942307692308 0.19110576923076922 0.06490384615384616 0.0673076923076923
0 0.43509615384615385 0.1502403846153846 0.052884615384615384 0.057692307692307696
0 0.21033653846153846 0.8918269230769231 0.07451923076923077 0.14903846153846154
0 0.5240384615384616 0.8149038461538461 0.07451923076923077 0.08173076923076923
0 0.45913461538461536 0.8233173076923077 0.0673076923076923 0.07211538461538461
0 0.5192307692307693 0.8713942307692307 0.07211538461538461 0.07692307692307693
0 0.3629807692307692 0.7451923076923077 0.04567307692307692 0.04807692307692308
0 0.6129807692307693 0.921875 0.10817307692307693 0.1201923076923077
0 0.5829326923076923 0.859375 0.0889423076923077 0.09375
0 0.6141826923076923 0.953125 0.09375 0.0889423076923077
0 0.65625 0.9795673076923077 0.08173076923076923 0.036057692307692304
0 0.6334134615384616 0.9855769230769231 0.07451923076923077 0.02403846153846154
0 0.5709134615384616 0.953125 0.0673076923076923 0.07692307692307693
0 0.47475961538461536 0.8533653846153846 0.055288461538461536 0.057692307692307696
0 0.40865384615384615 0.78125 0.052884615384615384 0.057692307692307696
0 0.4026442307692308 0.8076923076923077 0.04326923076923077 0.04567307692307692
0 0.3125 0.7115384615384616 0.038461538461538464 0.040865384615384616
0 0.3473557692307692 0.7536057692307693 0.04326923076923077 0.05048076923076923
0 0.2668269230769231 0.6634615384615384 0.03365384615384615 0.04326923076923077