0 0.6538461538461539 0.3605769230769231 0.04326923076923077 0.04326923076923077
0 0.6658653846153846 0.3942307692307692 0.03125 0.03365384615384615
0 0.7067307692307693 0.41947115384615385 0.028846153846153848 0.028846153846153848
0 0.7271634615384616 0.4326923076923077 0.019230769230769232 0.021634615384615384
0 0.7367788461538461 0.4483173076923077 0.019230769230769232 0.02403846153846154
0 0.75 0.45552884615384615 0.016826923076923076 0.019230769230769232
0 0.7632211538461539 0.4651442307692308 0.014423076923076924 0.016826923076923076
0 0.7716346153846154 0.4723557692307692 0.01201923076923077 0.01201923076923077
0 0.328125 0.7199519230769231 0.0673076923076923 0.07451923076923077
0 0.3581730769230769 0.9026442307692307 0.028846153846153848 0.028846153846153848
0 0.3125 0.9555288461538461 0.02403846153846154 0.021634615384615384
0 0.29447115384615385 0.9771634615384616 0.02403846153846154 0.02403846153846154
0 0.35216346153846156 0.78125 0.06009615384615385 0.06971153846153846
0 0.3473557692307692 0.9242788461538461 0.03365384615384615 0.036057692307692304
0 0.3269230769230769 0.9423076923076923 0.02403846153846154 0.02403846153846154
0 0.36778846153846156 0.8305288461538461 0.04807692307692308 0.052884615384615384
0 0.4206730769230769 0.5264423076923077 0.1778846153846154 0.07692307692307693
0 0.36177884615384615 0.8834134615384616 0.02403846153846154 0.028846153846153848
0 0.38341346153846156 0.8689903846153846 0.03365384615384615 0.036057692307692304
0 0.2764423076923077 0.9903846153846154 0.021634615384615384 0.016826923076923076