0 0.20552884615384615 0.3786057692307692 0.12740384615384615 0.12980769230769232
0 0.3125 0.2824519230769231 0.1201923076923077 0.12259615384615384
0 0.23197115384615385 0.453125 0.09375 0.04567307692307692
0 0.9819711538461539 0.43149038461538464 0.03125 0.0889423076923077
0 0.9543269230769231 0.4411057692307692 0.08653846153846154 0.06971153846153846
0 0.8786057692307693 0.46153846153846156 0.10336538461538461 0.028846153846153848
0 0.171875 0.9711538461538461 0.04807692307692308 0.04807692307692308
0 0.2932692307692308 0.9411057692307693 0.040865384615384616 0.040865384615384616
0 0.3389423076923077 0.9939903846153846 0.02403846153846154 0.007211538461538462
0 0.3293269230769231 0.9903846153846154 0.028846153846153848 0.014423076923076924
0 0.9627403846153846 0.9242788461538461 0.06490384615384616 0.06490384615384616
0 0.9891826923076923 0.9495192307692307 0.016826923076923076 0.057692307692307696
0 0.8930288461538461 0.9675480769230769 0.07451923076923077 0.06009615384615385
0 0.9519230769230769 0.9663461538461539 0.08173076923076923 0.0625
0 0.9819711538461539 0.9807692307692307 0.03125 0.03365384615384615