0 0.34134615384615385 0.22956730769230768 0.028846153846153848 0.019230769230769232
0 0.35096153846153844 0.13341346153846154 0.014423076923076924 0.016826923076923076
0 0.36778846153846156 0.15384615384615385 0.016826923076923076 0.016826923076923076
0 0.375 0.17668269230769232 0.004807692307692308 0.016826923076923076
0 0.14423076923076922 0.09615384615384616 0.06490384615384616 0.05048076923076923
0 0.30408653846153844 0.09615384615384616 0.019230769230769232 0.02403846153846154
0 0.08052884615384616 0.05048076923076923 0.08413461538461539 0.08173076923076923
0 0.2127403846153846 0.10216346153846154 0.0985576923076923 0.04567307692307692
0 0.2824519230769231 0.08774038461538461 0.028846153846153848 0.03365384615384615
0 0.3245192307692308 0.10216346153846154 0.019230769230769232 0.02403846153846154
0 0.3389423076923077 0.11298076923076923 0.02403846153846154 0.026442307692307692
0 0.0829326923076923 0.15384615384615385 0.1658653846153846 0.2980769230769231
0 0.9783653846153846 0.23317307692307693 0.038461538461538464 0.04326923076923077
0 0.5336538461538461 0.5120192307692307 0.2980769230769231 0.16826923076923078
0 0.9627403846153846 0.3076923076923077 0.06971153846153846 0.0625
0 0.32211538461538464 0.9867788461538461 0.04807692307692308 0.021634615384615384
0 0.2283653846153846 0.9627403846153846 0.07451923076923077 0.0625
0 0.27163461538461536 0.9459134615384616 0.05048076923076923 0.04567307692307692
0 0.11538461538461539 0.7572115384615384 0.23076923076923078 0.3173076923076923
0 0.9110576923076923 0.6694711538461539 0.06490384615384616 0.05048076923076923
0 0.9711538461538461 0.6658653846153846 0.052884615384615384 0.04807692307692308