0 0.03125 0.22235576923076922 0.0625 0.0985576923076923
0 0.06009615384615385 0.5240384615384616 0.09615384615384616 0.125
0 0.6153846153846154 0.09254807692307693 0.07211538461538461 0.15625
0 0.7740384615384616 0.10576923076923077 0.2692307692307692 0.21153846153846154
0 0.17427884615384615 0.7043269230769231 0.07932692307692307 0.0889423076923077
0 0.08533653846153846 0.8197115384615384 0.057692307692307696 0.055288461538461536
0 0.14423076923076922 0.9290865384615384 0.057692307692307696 0.057692307692307696
0 0.15985576923076922 0.9855769230769231 0.06490384615384616 0.02403846153846154
0 0.0985576923076923 0.9495192307692307 0.04807692307692308 0.04807692307692308
0 0.0985576923076923 0.7319711538461539 0.055288461538461536 0.0625
0 0.0625 0.9735576923076923 0.040865384615384616 0.040865384615384616
0 0.003605769230769231 0.9050480769230769 0.007211538461538462 0.03125
0 0.04326923076923077 0.9867788461538461 0.03365384615384615 0.021634615384615384
0 0.025240384615384616 0.9927884615384616 0.036057692307692304 0.009615384615384616
0 0.03125 0.8882211538461539 0.036057692307692304 0.038461538461538464
0 0.019230769230769232 0.8689903846153846 0.026442307692307692 0.036057692307692304
0 0.7307692307692307 0.9302884615384616 0.1201923076923077 0.1346153846153846
0 0.6550480769230769 0.7956730769230769 0.0625 0.0625
0 0.6225961538461539 0.8269230769230769 0.052884615384615384 0.04807692307692308
0 0.5949519230769231 0.8786057692307693 0.03125 0.03125
0 0.640625 0.9326923076923077 0.052884615384615384 0.04807692307692308
0 0.6081730769230769 0.8557692307692307 0.036057692307692304 0.036057692307692304
0 0.6610576923076923 0.9711538461538461 0.07692307692307693 0.052884615384615384
0 0.6081730769230769 0.9350961538461539 0.04326923076923077 0.04326923076923077
0 0.5865384615384616 0.890625 0.014423076923076924 0.04567307692307692
0 0.6021634615384616 0.9170673076923077 0.04567307692307692 0.040865384615384616
0 0.5901442307692307 0.9411057692307693 0.021634615384615384 0.026442307692307692
0 0.5841346153846154 0.9567307692307693 0.009615384615384616 0.02403846153846154