0 0.1502403846153846 0.09615384615384616 0.10576923076923077 0.10817307692307693
0 0.2620192307692308 0.2932692307692308 0.09615384615384616 0.09375
0 0.37259615384615385 0.24879807692307693 0.10336538461538461 0.10096153846153846
0 0.1622596153846154 0.35216346153846156 0.04567307692307692 0.04567307692307692
0 0.24879807692307693 0.3713942307692308 0.05048076923076923 0.01201923076923077
0 0.11057692307692307 0.18389423076923078 0.06009615384615385 0.06009615384615385
0 0.13581730769230768 0.3581730769230769 0.05048076923076923 0.038461538461538464
0 0.5997596153846154 0.5625 0.11298076923076923 0.2403846153846154
0 0.5576923076923077 0.8858173076923077 0.15144230769230768 0.15144230769230768
0 0.15625 0.9723557692307693 0.03125 0.03125
0 0.3473557692307692 0.8870192307692307 0.0889423076923077 0.0889423076923077
0 0.6225961538461539 0.9362980769230769 0.0673076923076923 0.12259615384615384
0 0.35697115384615385 0.9399038461538461 0.08413461538461539 0.08413461538461539
0 0.4411057692307692 0.8822115384615384 0.11778846153846154 0.11778846153846154
0 0.26322115384615385 0.8040865384615384 0.07932692307692307 0.07932692307692307
0 0.34375 0.9711538461538461 0.09134615384615384 0.052884615384615384
0 0.08173076923076923 0.9699519230769231 0.03365384615384615 0.03365384615384615
0 0.11778846153846154 0.9879807692307693 0.02403846153846154 0.019230769230769232
0 0.06129807692307692 0.8822115384615384 0.02403846153846154 0.02403846153846154
0 0.10216346153846154 0.9747596153846154 0.014423076923076924 0.014423076923076924
0 0.07211538461538461 0.9627403846153846 0.021634615384615384 0.019230769230769232
0 0.051682692307692304 0.9086538461538461 0.04326923076923077 0.04326923076923077
0 0.8990384615384616 0.6334134615384616 0.1971153846153846 0.24278846153846154
0 0.6947115384615384 0.48197115384615385 0.07211538461538461 0.16105769230769232
0 0.6995192307692307 0.6370192307692307 0.08173076923076923 0.15384615384615385