0 0.21153846153846154 0.43990384615384615 0.09615384615384616 0.052884615384615384
0 0.27524038461538464 0.2848557692307692 0.10817307692307693 0.10576923076923077
0 0.29927884615384615 0.4170673076923077 0.07451923076923077 0.08173076923076923
0 0.359375 0.45072115384615385 0.05048076923076923 0.03125
0 0.9459134615384616 0.3449519230769231 0.10336538461538461 0.24278846153846154
0 0.8617788461538461 0.20192307692307693 0.27163461538461536 0.3173076923076923
0 0.9362980769230769 0.5685096153846154 0.12259615384615384 0.13221153846153846
0 0.8028846153846154 0.8052884615384616 0.0889423076923077 0.08653846153846154
0 0.8497596153846154 0.6502403846153846 0.21875 0.23557692307692307
0 0.7475961538461539 0.8076923076923077 0.09615384615384616 0.0985576923076923
0 0.7055288461538461 0.9050480769230769 0.06971153846153846 0.06971153846153846