0 0.0733173076923077 0.037259615384615384 0.0889423076923077 0.07451923076923077
0 0.3762019230769231 0.015625 0.06490384615384616 0.03125
0 0.2824519230769231 0.03365384615384615 0.06490384615384616 0.0673076923076923
0 0.34134615384615385 0.5432692307692307 0.04326923076923077 0.038461538461538464
0 0.23317307692307693 0.6033653846153846 0.055288461538461536 0.04567307692307692
0 0.11899038461538461 0.6129807692307693 0.09375 0.07692307692307693
0 0.16706730769230768 0.6334134615384616 0.07692307692307693 0.06971153846153846
0 0.025240384615384616 0.6754807692307693 0.05048076923076923 0.08173076923076923
0 0.29086538461538464 0.5721153846153846 0.05048076923076923 0.038461538461538464
0 0.19591346153846154 0.5853365384615384 0.052884615384615384 0.03365384615384615
0 0.2536057692307692 0.5552884615384616 0.04807692307692308 0.038461538461538464
0 0.07091346153846154 0.6742788461538461 0.09375 0.0889423076923077
0 0.3088942307692308 0.5300480769230769 0.04326923076923077 0.03365384615384615
0 0.37259615384615385 0.5204326923076923 0.03365384615384615 0.038461538461538464
0 0.39783653846153844 0.5108173076923077 0.03125 0.021634615384615384
0 0.34975961538461536 0.5120192307692307 0.026442307692307692 0.02403846153846154
0 0.7211538461538461 0.8966346153846154 0.10576923076923077 0.125