0 0.47716346153846156 0.020432692307692308 0.0889423076923077 0.040865384615384616
0 0.5144230769230769 0.125 0.02403846153846154 0.11538461538461539
0 0.4699519230769231 0.07091346153846154 0.09615384615384616 0.12740384615384615
0 0.8822115384615384 0.4543269230769231 0.12980769230769232 0.0625
0 0.7487980769230769 0.2668269230769231 0.16826923076923078 0.13942307692307693
0 0.5949519230769231 0.40024038461538464 0.13221153846153846 0.17067307692307693
0 0.921875 0.22115384615384615 0.09375 0.0889423076923077
0 0.8882211538461539 0.09975961538461539 0.055288461538461536 0.055288461538461536
0 0.8569711538461539 0.3629807692307692 0.14182692307692307 0.18269230769230768
0 0.34615384615384615 0.6826923076923077 0.055288461538461536 0.04567307692307692
0 0.40024038461538464 0.7151442307692307 0.03125 0.03365384615384615
0 0.4182692307692308 0.6935096153846154 0.02403846153846154 0.02403846153846154
0 0.4579326923076923 0.6610576923076923 0.036057692307692304 0.038461538461538464
0 0.11778846153846154 0.8389423076923077 0.1346153846153846 0.11057692307692307
0 0.21995192307692307 0.7764423076923077 0.11778846153846154 0.10096153846153846
0 0.3317307692307692 0.8040865384615384 0.14182692307692307 0.10096153846153846
0 0.29927884615384615 0.7307692307692307 0.11057692307692307 0.0889423076923077
0 0.3737980769230769 0.5913461538461539 0.04807692307692308 0.04567307692307692
0 0.3762019230769231 0.7355769230769231 0.06009615384615385 0.04567307692307692
0 0.38822115384615385 0.6502403846153846 0.055288461538461536 0.055288461538461536
0 0.4230769230769231 0.6286057692307693 0.03365384615384615 0.03365384615384615
0 0.40625 0.7091346153846154 0.055288461538461536 0.04567307692307692
0 0.4266826923076923 0.6814903846153846 0.040865384615384616 0.04326923076923077
0 0.21514423076923078 0.9026442307692307 0.0985576923076923 0.10336538461538461
0 0.9050480769230769 0.5769230769230769 0.18509615384615385 0.1778846153846154
0 0.8088942307692307 0.9170673076923077 0.19951923076923078 0.16105769230769232