0 0.7247596153846154 0.07692307692307693 0.04326923076923077 0.04807692307692308
0 0.625 0.25841346153846156 0.03365384615384615 0.06490384615384616
0 0.6742788461538461 0.15144230769230768 0.055288461538461536 0.052884615384615384
0 0.11177884615384616 0.40024038461538464 0.036057692307692304 0.038461538461538464
0 0.5853365384615384 0.49759615384615385 0.040865384615384616 0.0673076923076923
0 0.4026442307692308 0.5072115384615384 0.04567307692307692 0.04567307692307692
0 0.27283653846153844 0.45552884615384615 0.03125 0.03125
0 0.18269230769230768 0.4519230769230769 0.02403846153846154 0.02403846153846154
0 0.14543269230769232 0.46033653846153844 0.07211538461538461 0.07692307692307693
0 0.16826923076923078 0.45913461538461536 0.016826923076923076 0.021634615384615384
0 0.2764423076923077 0.41466346153846156 0.02403846153846154 0.021634615384615384
0 0.21514423076923078 0.41586538461538464 0.026442307692307692 0.026442307692307692
0 0.25600961538461536 0.3870192307692308 0.07692307692307693 0.06971153846153846
0 0.16706730769230768 0.4098557692307692 0.019230769230769232 0.016826923076923076
0 0.15865384615384615 0.3954326923076923 0.04807692307692308 0.04567307692307692
0 0.12620192307692307 0.4182692307692308 0.016826923076923076 0.014423076923076924
0 0.08774038461538461 0.47475961538461536 0.055288461538461536 0.0625
0 0.09495192307692307 0.4495192307692308 0.019230769230769232 0.016826923076923076
0 0.0829326923076923 0.44591346153846156 0.019230769230769232 0.019230769230769232
0 0.052884615384615384 0.46153846153846156 0.021634615384615384 0.021634615384615384
0 0.030048076923076924 0.4699519230769231 0.019230769230769232 0.019230769230769232
0 0.010817307692307692 0.45072115384615385 0.021634615384615384 0.036057692307692304
0 0.04447115384615385 0.4423076923076923 0.019230769230769232 0.016826923076923076
0 0.030048076923076924 0.44591346153846156 0.019230769230769232 0.019230769230769232
0 0.09014423076923077 0.4170673076923077 0.021634615384615384 0.019230769230769232
0 0.05889423076923077 0.43990384615384615 0.014423076923076924 0.016826923076923076
0 0.7704326923076923 0.45072115384615385 0.0673076923076923 0.0625
0 0.8846153846153846 0.3557692307692308 0.0625 0.052884615384615384
0 0.6286057692307693 0.6334134615384616 0.040865384615384616 0.10817307692307693
0 0.6802884615384616 0.5901442307692307 0.10576923076923077 0.09615384615384616
0 0.6742788461538461 0.5528846153846154 0.09615384615384616 0.07932692307692307
0 0.8485576923076923 0.3954326923076923 0.0625 0.0625
0 0.8221153846153846 0.39903846153846156 0.0673076923076923 0.0625
0 0.8689903846153846 0.34975961538461536 0.06009615384615385 0.040865384615384616