0 0.3557692307692308 0.31971153846153844 0.0625 0.09615384615384616
0 0.3581730769230769 0.36538461538461536 0.052884615384615384 0.02403846153846154
0 0.6334134615384616 0.1814903846153846 0.09134615384615384 0.09134615384615384
0 0.7860576923076923 0.1814903846153846 0.06490384615384616 0.0673076923076923
0 0.7860576923076923 0.25 0.04807692307692308 0.052884615384615384
0 0.8389423076923077 0.2283653846153846 0.040865384615384616 0.04326923076923077
0 0.8569711538461539 0.25841346153846156 0.026442307692307692 0.028846153846153848
0 0.8269230769230769 0.2776442307692308 0.040865384615384616 0.04326923076923077
0 0.8509615384615384 0.28725961538461536 0.026442307692307692 0.026442307692307692
0 0.8149038461538461 0.3004807692307692 0.021634615384615384 0.021634615384615384
0 0.8485576923076923 0.30408653846153844 0.021634615384615384 0.02403846153846154
0 0.7439903846153846 0.3233173076923077 0.028846153846153848 0.03125
0 0.7860576923076923 0.33533653846153844 0.021634615384615384 0.021634615384615384
0 0.8233173076923077 0.33052884615384615 0.01201923076923077 0.01201923076923077
0 0.8365384615384616 0.33052884615384615 0.01201923076923077 0.01201923076923077
0 0.4098557692307692 0.7175480769230769 0.040865384615384616 0.18509615384615385
0 0.47596153846153844 0.6502403846153846 0.17307692307692307 0.18028846153846154
0 0.8100961538461539 0.734375 0.08653846153846154 0.08413461538461539
0 0.5600961538461539 0.7379807692307693 0.14423076923076922 0.13942307692307693
0 0.6850961538461539 0.6706730769230769 0.1346153846153846 0.125
0 0.9290865384615384 0.6911057692307693 0.08413461538461539 0.08413461538461539
0 0.7319711538461539 0.7391826923076923 0.10576923076923077 0.09615384615384616
0 0.8401442307692307 0.6838942307692307 0.10817307692307693 0.10576923076923077
0 0.9615384615384616 0.7391826923076923 0.06009615384615385 0.057692307692307696
0 0.9915865384615384 0.7367788461538461 0.01201923076923077 0.055288461538461536
0 0.9795673076923077 0.6995192307692307 0.036057692307692304 0.0625
0 0.6165865384615384 0.8846153846153846 0.24759615384615385 0.22596153846153846
0 0.9038461538461539 0.7379807692307693 0.08413461538461539 0.07692307692307693