0 0.014423076923076924 0.33413461538461536 0.028846153846153848 0.09615384615384616
0 0.11298076923076923 0.2127403846153846 0.18509615384615385 0.14903846153846154
0 0.09495192307692307 0.09615384615384616 0.18990384615384615 0.19230769230769232
0 0.5168269230769231 0.390625 0.03365384615384615 0.06971153846153846
0 0.5733173076923077 0.3954326923076923 0.07932692307692307 0.07451923076923077
0 0.5336538461538461 0.3245192307692308 0.0673076923076923 0.07692307692307693
0 0.5552884615384616 0.5168269230769231 0.06009615384615385 0.057692307692307696
0 0.5913461538461539 0.47836538461538464 0.09134615384615384 0.06971153846153846
0 0.6514423076923077 0.44711538461538464 0.09134615384615384 0.07211538461538461
0 0.5288461538461539 0.46033653846153844 0.057692307692307696 0.0889423076923077
0 0.2932692307692308 0.8197115384615384 0.06490384615384616 0.0673076923076923
0 0.30528846153846156 0.9759615384615384 0.0673076923076923 0.04326923076923077
0 0.14302884615384615 0.7295673076923077 0.03365384615384615 0.03125
0 0.25240384615384615 0.9350961538461539 0.055288461538461536 0.057692307692307696
0 0.19591346153846154 0.8990384615384616 0.036057692307692304 0.040865384615384616
0 0.051682692307692304 0.6622596153846154 0.02403846153846154 0.026442307692307692
0 0.5084134615384616 0.7079326923076923 0.016826923076923076 0.07451923076923077
0 0.5288461538461539 0.9447115384615384 0.057692307692307696 0.10576923076923077