0 0.11298076923076923 0.6057692307692307 0.0625 0.019230769230769232
0 0.10216346153846154 0.4519230769230769 0.11778846153846154 0.09375
0 0.26322115384615385 0.5889423076923077 0.08413461538461539 0.052884615384615384
0 0.6574519230769231 0.3449519230769231 0.0985576923076923 0.0889423076923077
0 0.7680288461538461 0.41586538461538464 0.0889423076923077 0.08653846153846154
0 0.6887019230769231 0.3954326923076923 0.11298076923076923 0.09615384615384616
0 0.828125 0.44591346153846156 0.10817307692307693 0.09134615384615384
0 0.5925480769230769 0.40625 0.06490384615384616 0.0625
0 0.7403846153846154 0.453125 0.08173076923076923 0.06490384615384616
0 0.6778846153846154 0.4338942307692308 0.07451923076923077 0.055288461538461536
0 0.6141826923076923 0.43509615384615385 0.06009615384615385 0.05048076923076923
0 0.5252403846153846 0.42908653846153844 0.06490384615384616 0.057692307692307696
0 0.5612980769230769 0.44471153846153844 0.05048076923076923 0.04567307692307692
0 0.2512019230769231 0.9819711538461539 0.13221153846153846 0.03125