0 0.36177884615384615 0.20793269230769232 0.026442307692307692 0.04567307692307692
0 0.4362980769230769 0.21754807692307693 0.052884615384615384 0.052884615384615384
0 0.3581730769230769 0.140625 0.019230769230769232 0.07932692307692307
0 0.41225961538461536 0.17908653846153846 0.04326923076923077 0.05048076923076923
0 0.38221153846153844 0.15264423076923078 0.036057692307692304 0.04326923076923077
0 0.2091346153846154 0.890625 0.0889423076923077 0.15625
0 0.15985576923076922 0.6442307692307693 0.07451923076923077 0.11538461538461539
0 0.12620192307692307 0.5685096153846154 0.04807692307692308 0.0673076923076923
0 0.11298076923076923 0.4879807692307692 0.036057692307692304 0.052884615384615384
0 0.10216346153846154 0.4567307692307692 0.03125 0.03365384615384615
0 0.9026442307692307 0.8425480769230769 0.18990384615384615 0.18509615384615385
0 0.7151442307692307 0.7139423076923077 0.2860576923076923 0.16826923076923078
0 0.4639423076923077 0.5733173076923077 0.09615384615384616 0.06971153846153846
0 0.6081730769230769 0.5276442307692307 0.07932692307692307 0.0673076923076923
0 0.7632211538461539 0.5901442307692307 0.08413461538461539 0.09375
0 0.43028846153846156 0.5384615384615384 0.08173076923076923 0.0625
0 0.4987980769230769 0.5276442307692307 0.036057692307692304 0.02403846153846154
0 0.8990384615384616 0.4987980769230769 0.02403846153846154 0.038461538461538464