0 0.9038461538461539 0.040865384615384616 0.1875 0.08173076923076923
0 0.8990384615384616 0.34134615384615385 0.19951923076923078 0.20432692307692307
0 0.9675480769230769 0.5012019230769231 0.06009615384615385 0.0889423076923077
0 0.7632211538461539 0.4639423076923077 0.18028846153846154 0.16346153846153846
0 0.8713942307692307 0.5144230769230769 0.11298076923076923 0.0625
0 0.03365384615384615 0.8040865384615384 0.0673076923076923 0.1658653846153846
0 0.1658653846153846 0.9098557692307693 0.09134615384615384 0.0889423076923077
0 0.2247596153846154 0.7127403846153846 0.11057692307692307 0.10576923076923077
0 0.2668269230769231 0.7295673076923077 0.10576923076923077 0.10336538461538461
0 0.2127403846153846 0.8161057692307693 0.0889423076923077 0.08653846153846154
0 0.31009615384615385 0.7019230769230769 0.0889423076923077 0.0889423076923077
0 0.125 0.9615384615384616 0.052884615384615384 0.05048076923076923
0 0.21995192307692307 0.859375 0.057692307692307696 0.055288461538461536
0 0.2644230769230769 0.7848557692307693 0.06490384615384616 0.06009615384615385
0 0.10576923076923077 0.9867788461538461 0.0625 0.021634615384615384