0 0.4375 0.2932692307692308 0.09375 0.09134615384615384
0 0.6129807692307693 0.33653846153846156 0.0673076923076923 0.07692307692307693
0 0.6802884615384616 0.41466346153846156 0.0625 0.1466346153846154
0 0.7572115384615384 0.265625 0.0625 0.0625
0 0.9375 0.36658653846153844 0.0625 0.0625
0 0.9831730769230769 0.23317307692307693 0.02403846153846154 0.02403846153846154
0 0.8930288461538461 0.27283653846153844 0.04807692307692308 0.05048076923076923
0 0.9915865384615384 0.20793269230769232 0.014423076923076924 0.016826923076923076
0 0.9350961538461539 0.23076923076923078 0.026442307692307692 0.028846153846153848
0 0.9663461538461539 0.20793269230769232 0.019230769230769232 0.019230769230769232
0 0.265625 0.7067307692307693 0.07451923076923077 0.07211538461538461
0 0.5348557692307693 0.8317307692307693 0.052884615384615384 0.055288461538461536
0 0.34134615384615385 0.7079326923076923 0.06971153846153846 0.06490384615384616
0 0.31971153846153844 0.6754807692307693 0.057692307692307696 0.055288461538461536
0 0.09735576923076923 0.6165865384615384 0.09134615384615384 0.0889423076923077
0 0.14543269230769232 0.6526442307692307 0.10336538461538461 0.09615384615384616
0 0.20072115384615385 0.6334134615384616 0.06971153846153846 0.0625
0 0.2536057692307692 0.6646634615384616 0.08653846153846154 0.08173076923076923
0 0.24158653846153846 0.9290865384615384 0.17067307692307693 0.13701923076923078
0 0.18028846153846154 0.6995192307692307 0.1201923076923077 0.11538461538461539