0 0.49278846153846156 0.3954326923076923 0.0673076923076923 0.09375
0 0.38461538461538464 0.125 0.11298076923076923 0.11057692307692307
0 0.5024038461538461 0.16346153846153846 0.04807692307692308 0.07211538461538461
0 0.5192307692307693 0.2764423076923077 0.014423076923076924 0.057692307692307696
0 0.4795673076923077 0.3173076923076923 0.09375 0.10096153846153846
0 0.625 0.015625 0.07692307692307693 0.03125
0 0.8569711538461539 0.021634615384615384 0.021634615384615384 0.02403846153846154
0 0.8786057692307693 0.040865384615384616 0.02403846153846154 0.02403846153846154
0 0.9146634615384616 0.08413461538461539 0.021634615384615384 0.019230769230769232
0 0.8449519230769231 0.010817307692307692 0.026442307692307692 0.021634615384615384
0 0.7980769230769231 0.5024038461538461 0.08653846153846154 0.08653846153846154
0 0.8918269230769231 0.06009615384615385 0.016826923076923076 0.021634615384615384
0 0.9230769230769231 0.09375 0.021634615384615384 0.016826923076923076
0 0.9302884615384616 0.10576923076923077 0.019230769230769232 0.021634615384615384
0 0.9411057692307693 0.1201923076923077 0.021634615384615384 0.02403846153846154
0 0.3473557692307692 0.5709134615384616 0.07932692307692307 0.04567307692307692
0 0.41466346153846156 0.6105769230769231 0.0625 0.07451923076923077
0 0.4266826923076923 0.7860576923076923 0.07451923076923077 0.08173076923076923
0 0.5072115384615384 0.7896634615384616 0.038461538461538464 0.06009615384615385
0 0.7704326923076923 0.9026442307692307 0.03125 0.036057692307692304
0 0.5949519230769231 0.6826923076923077 0.055288461538461536 0.0673076923076923
0 0.6033653846153846 0.6634615384615384 0.055288461538461536 0.0673076923076923
0 0.6514423076923077 0.7127403846153846 0.04567307692307692 0.055288461538461536
0 0.7259615384615384 0.8389423076923077 0.036057692307692304 0.03365384615384615
0 0.7632211538461539 0.8617788461538461 0.026442307692307692 0.028846153846153848
0 0.7824519230769231 0.9411057692307693 0.036057692307692304 0.036057692307692304
0 0.6826923076923077 0.9411057692307693 0.125 0.11298076923076923