0 0.09495192307692307 0.016826923076923076 0.0889423076923077 0.03365384615384615
0 0.06009615384615385 0.265625 0.1201923076923077 0.34375
0 0.9615384615384616 0.3786057692307692 0.07211538461538461 0.21394230769230768
0 0.7956730769230769 0.34615384615384615 0.17307692307692307 0.1778846153846154
0 0.6418269230769231 0.3161057692307692 0.11298076923076923 0.11298076923076923
0 0.5588942307692307 0.3786057692307692 0.11298076923076923 0.12259615384615384
0 0.6862980769230769 0.41947115384615385 0.14182692307692307 0.13221153846153846
0 0.8774038461538461 0.42788461538461536 0.2403846153846154 0.11538461538461539
0 0.25600961538461536 0.8665865384615384 0.35336538461538464 0.2620192307692308
0 0.28725961538461536 0.6742788461538461 0.23557692307692307 0.21875
0 0.7307692307692307 0.5192307692307693 0.16826923076923078 0.0625
0 0.5913461538461539 0.7872596153846154 0.18269230769230768 0.25240384615384615