0 0.11298076923076923 0.4567307692307692 0.12980769230769232 0.12740384615384615
0 0.06370192307692307 0.5913461538461539 0.12259615384615384 0.11778846153846154
0 0.04447115384615385 0.38341346153846156 0.0889423076923077 0.0889423076923077
0 0.3317307692307692 0.21514423076923078 0.10096153846153846 0.09615384615384616
0 0.15625 0.020432692307692308 0.0625 0.040865384615384616
0 0.04447115384615385 0.1658653846153846 0.08413461538461539 0.07932692307692307
0 0.04447115384615385 0.09975961538461539 0.052884615384615384 0.055288461538461536
0 0.4567307692307692 0.3269230769230769 0.1201923076923077 0.3605769230769231
0 0.48677884615384615 0.5492788461538461 0.06009615384615385 0.25721153846153844
0 0.05889423076923077 0.25841346153846156 0.11778846153846154 0.10817307692307693
0 0.018028846153846152 0.08653846153846154 0.036057692307692304 0.036057692307692304
0 0.03485576923076923 0.06610576923076923 0.03365384615384615 0.03125
0 0.026442307692307692 0.038461538461538464 0.052884615384615384 0.052884615384615384
0 0.030048076923076924 0.015625 0.028846153846153848 0.02403846153846154
0 0.02403846153846154 0.002403846153846154 0.028846153846153848 0.004807692307692308
0 0.020432692307692308 0.12860576923076922 0.040865384615384616 0.05048076923076923
0 0.5324519230769231 0.6598557692307693 0.026442307692307692 0.03125
0 0.5637019230769231 0.6574519230769231 0.06009615384615385 0.036057692307692304
0 0.5961538461538461 0.5973557692307693 0.06009615384615385 0.057692307692307696
0 0.5336538461538461 0.6213942307692307 0.028846153846153848 0.040865384615384616
0 0.5588942307692307 0.609375 0.057692307692307696 0.055288461538461536
0 0.8846153846153846 0.7043269230769231 0.17307692307692307 0.052884615384615384
0 0.7848557692307693 0.8774038461538461 0.23317307692307693 0.22355769230769232