0 0.4987980769230769 0.46274038461538464 0.06009615384615385 0.06009615384615385
0 0.40865384615384615 0.16466346153846154 0.019230769230769232 0.07932692307692307
0 0.40384615384615385 0.43990384615384615 0.009615384615384616 0.04326923076923077
0 0.4110576923076923 0.5012019230769231 0.02403846153846154 0.01201923076923077
0 0.2668269230769231 0.5264423076923077 0.15865384615384615 0.03365384615384615
0 0.23197115384615385 0.859375 0.06971153846153846 0.07692307692307693
0 0.20192307692307693 0.6959134615384616 0.08653846153846154 0.09615384615384616
0 0.5240384615384616 0.7848557692307693 0.04326923076923077 0.040865384615384616
0 0.5757211538461539 0.8305288461538461 0.055288461538461536 0.05048076923076923
0 0.6310096153846154 0.8990384615384616 0.055288461538461536 0.052884615384615384
0 0.6262019230769231 0.8533653846153846 0.04326923076923077 0.04326923076923077
0 0.7295673076923077 0.8978365384615384 0.09134615384615384 0.08413461538461539
0 0.6730769230769231 0.8641826923076923 0.06490384615384616 0.06009615384615385
0 0.5733173076923077 0.8701923076923077 0.04326923076923077 0.04326923076923077
0 0.41947115384615385 0.7932692307692307 0.016826923076923076 0.014423076923076924
0 0.4483173076923077 0.8377403846153846 0.019230769230769232 0.016826923076923076
0 0.42427884615384615 0.7668269230769231 0.021634615384615384 0.016826923076923076
0 0.6959134615384616 0.9278846153846154 0.0625 0.06009615384615385
0 0.46634615384615385 0.8052884615384616 0.028846153846153848 0.02403846153846154
0 0.43149038461538464 0.8569711538461539 0.01201923076923077 0.01201923076923077
0 0.41346153846153844 0.7680288461538461 0.028846153846153848 0.040865384615384616