0 0.38221153846153844 0.027644230769230768 0.05048076923076923 0.04807692307692308
0 0.5685096153846154 0.05048076923076923 0.04567307692307692 0.038461538461538464
0 0.44350961538461536 0.025240384615384616 0.036057692307692304 0.03365384615384615
0 0.3425480769230769 0.036057692307692304 0.07451923076923077 0.07211538461538461
0 0.4675480769230769 0.02283653846153846 0.036057692307692304 0.038461538461538464
0 0.41466346153846156 0.025240384615384616 0.05048076923076923 0.05048076923076923
0 0.22956730769230768 0.057692307692307696 0.18028846153846154 0.11538461538461539
0 0.9579326923076923 0.30288461538461536 0.07932692307692307 0.32211538461538464
0 0.6334134615384616 0.8774038461538461 0.057692307692307696 0.052884615384615384
0 0.7067307692307693 0.9146634615384616 0.019230769230769232 0.05048076923076923
0 0.7019230769230769 0.8485576923076923 0.028846153846153848 0.04807692307692308
0 0.1875 0.7115384615384616 0.1346153846153846 0.13221153846153846
0 0.7283653846153846 0.7475961538461539 0.019230769230769232 0.0625
0 0.9399038461538461 0.7307692307692307 0.02403846153846154 0.02403846153846154