0 0.8942307692307693 0.24879807692307693 0.19230769230769232 0.1875
0 0.7884615384615384 0.1658653846153846 0.036057692307692304 0.06009615384615385
0 0.9338942307692307 0.20552884615384615 0.12740384615384615 0.13221153846153846
0 0.9639423076923077 0.23076923076923078 0.0673076923076923 0.15865384615384615
0 0.9002403846153846 0.13221153846153846 0.10336538461538461 0.08173076923076923
0 0.7115384615384616 0.11177884615384616 0.15625 0.14182692307692307
0 0.7271634615384616 0.04927884615384615 0.09615384615384616 0.07692307692307693
0 0.7944711538461539 0.10697115384615384 0.07692307692307693 0.08653846153846154
0 0.7896634615384616 0.06129807692307692 0.09134615384615384 0.08413461538461539
0 0.7295673076923077 0.026442307692307692 0.0985576923076923 0.052884615384615384
0 0.875 0.8449519230769231 0.12980769230769232 0.14903846153846154
0 0.6995192307692307 0.6081730769230769 0.10096153846153846 0.038461538461538464