0 0.2980769230769231 0.3701923076923077 0.09134615384615384 0.07211538461538461
0 0.5384615384615384 0.21754807692307693 0.15865384615384615 0.23798076923076922
0 0.5384615384615384 0.36778846153846156 0.15384615384615385 0.07692307692307693
0 0.06370192307692307 0.7848557692307693 0.04326923076923077 0.04326923076923077
0 0.1310096153846154 0.7992788461538461 0.055288461538461536 0.055288461538461536
0 0.2127403846153846 0.8305288461538461 0.057692307692307696 0.057692307692307696
0 0.18629807692307693 0.7920673076923077 0.04807692307692308 0.04807692307692308
0 0.2980769230769231 0.7788461538461539 0.09134615384615384 0.09375
0 0.23317307692307693 0.7788461538461539 0.06490384615384616 0.0673076923076923
0 0.14783653846153846 0.8341346153846154 0.04807692307692308 0.04807692307692308
0 0.02403846153846154 0.8677884615384616 0.019230769230769232 0.019230769230769232
0 0.2848557692307692 0.8221153846153846 0.0625 0.06490384615384616
0 0.4014423076923077 0.7259615384615384 0.11057692307692307 0.5432692307692307
0 0.02403846153846154 0.8317307692307693 0.028846153846153848 0.028846153846153848
0 0.019230769230769232 0.8930288461538461 0.014423076923076924 0.014423076923076924
0 0.7271634615384616 0.8870192307692307 0.08413461538461539 0.08413461538461539
0 0.49278846153846156 0.90625 0.04326923076923077 0.040865384615384616