0 0.1502403846153846 0.039663461538461536 0.057692307692307696 0.06009615384615385
0 0.0985576923076923 0.09735576923076923 0.06971153846153846 0.057692307692307696
0 0.109375 0.039663461538461536 0.04807692307692308 0.04807692307692308
0 0.078125 0.010817307692307692 0.055288461538461536 0.021634615384615384
0 0.06610576923076923 0.04326923076923077 0.04807692307692308 0.04326923076923077
0 0.054086538461538464 0.09495192307692307 0.052884615384615384 0.04567307692307692
0 0.038461538461538464 0.014423076923076924 0.04326923076923077 0.028846153846153848
0 0.025240384615384616 0.046875 0.038461538461538464 0.036057692307692304
0 0.02403846153846154 0.08533653846153846 0.026442307692307692 0.03365384615384615
0 0.015625 0.018028846153846152 0.03125 0.036057692307692304
0 0.8064903846153846 0.09615384615384616 0.11057692307692307 0.11298076923076923
0 0.6153846153846154 0.15504807692307693 0.052884615384615384 0.06009615384615385
0 0.9483173076923077 0.0625 0.0985576923076923 0.125
0 0.9242788461538461 0.1814903846153846 0.1466346153846154 0.1658653846153846
0 0.8028846153846154 0.2644230769230769 0.13221153846153846 0.13701923076923078
0 0.8365384615384616 0.15264423076923078 0.11778846153846154 0.1201923076923077
0 0.6430288461538461 0.25600961538461536 0.0625 0.06490384615384616
0 0.7115384615384616 0.3245192307692308 0.08653846153846154 0.04326923076923077
0 0.6923076923076923 0.203125 0.07692307692307693 0.08173076923076923
0 0.7524038461538461 0.21995192307692307 0.10096153846153846 0.10576923076923077
0 0.6021634615384616 0.30528846153846156 0.05048076923076923 0.055288461538461536
0 0.6838942307692307 0.2860576923076923 0.07211538461538461 0.07211538461538461
0 0.6418269230769231 0.32091346153846156 0.052884615384615384 0.05048076923076923
0 0.5841346153846154 0.32572115384615385 0.028846153846153848 0.040865384615384616
0 0.6033653846153846 0.33774038461538464 0.04326923076923077 0.016826923076923076
0 0.08413461538461539 0.8966346153846154 0.09615384615384616 0.10576923076923077
0 0.06490384615384616 0.765625 0.07451923076923077 0.08653846153846154
0 0.03125 0.5889423076923077 0.04326923076923077 0.05048076923076923
0 0.04447115384615385 0.9122596153846154 0.0889423076923077 0.11298076923076923
0 0.1658653846153846 0.6911057692307693 0.09375 0.09615384615384616
0 0.1045673076923077 0.7067307692307693 0.08173076923076923 0.0889423076923077
0 0.11298076923076923 0.4963942307692308 0.055288461538461536 0.05048076923076923
0 0.07211538461538461 0.49399038461538464 0.04807692307692308 0.055288461538461536
0 0.48677884615384615 0.7872596153846154 0.16105769230769232 0.35336538461538464
0 0.47836538461538464 0.6057692307692307 0.1778846153846154 0.2644230769230769
0 0.4807692307692308 0.47716346153846156 0.15625 0.17307692307692307
0 0.5805288461538461 0.5805288461538461 0.021634615384615384 0.0985576923076923
0 0.9651442307692307 0.9423076923076923 0.06490384615384616 0.11057692307692307