0 0.051682692307692304 0.04447115384615385 0.10336538461538461 0.0889423076923077
0 0.27524038461538464 0.0625 0.2091346153846154 0.125
0 0.2127403846153846 0.17307692307692307 0.12740384615384615 0.10576923076923077
0 0.3317307692307692 0.20793269230769232 0.07692307692307693 0.036057692307692304
0 0.1346153846153846 0.07932692307692307 0.22596153846153846 0.15865384615384615
0 0.6153846153846154 0.11899038461538461 0.11778846153846154 0.11778846153846154
0 0.5132211538461539 0.1141826923076923 0.10817307692307693 0.10817307692307693
0 0.45072115384615385 0.125 0.06490384615384616 0.0625
0 0.9411057692307693 0.12740384615384615 0.11298076923076923 0.1971153846153846
0 0.8185096153846154 0.13341346153846154 0.1658653846153846 0.16346153846153846
0 0.703125 0.21514423076923078 0.0985576923076923 0.021634615384615384
0 0.40865384615384615 0.1346153846153846 0.057692307692307696 0.0673076923076923
0 0.31009615384615385 0.6081730769230769 0.10336538461538461 0.0985576923076923
0 0.3329326923076923 0.7055288461538461 0.0889423076923077 0.11298076923076923
0 0.3641826923076923 0.7439903846153846 0.026442307692307692 0.06971153846153846
0 0.2860576923076923 0.7091346153846154 0.052884615384615384 0.05048076923076923
0 0.20552884615384615 0.6622596153846154 0.07211538461538461 0.07211538461538461
0 0.24639423076923078 0.6971153846153846 0.06009615384615385 0.057692307692307696
0 0.14302884615384615 0.6514423076923077 0.055288461538461536 0.052884615384615384
0 0.1045673076923077 0.5612980769230769 0.055288461538461536 0.057692307692307696
0 0.09134615384615384 0.6502403846153846 0.04567307692307692 0.04567307692307692
0 0.5420673076923077 0.7584134615384616 0.08413461538461539 0.08653846153846154
0 0.5504807692307693 0.8533653846153846 0.0673076923076923 0.0673076923076923
0 0.6117788461538461 0.8137019230769231 0.07211538461538461 0.07451923076923077
0 0.5997596153846154 0.90625 0.04807692307692308 0.04807692307692308
0 0.6069711538461539 0.8569711538461539 0.057692307692307696 0.06009615384615385