0 0.38100961538461536 0.6201923076923077 0.14182692307692307 0.09134615384615384
0 0.12860576923076922 0.5612980769230769 0.25721153846153844 0.2091346153846154
0 0.3088942307692308 0.5901442307692307 0.15625 0.15144230769230768
0 0.3401442307692308 0.3954326923076923 0.14182692307692307 0.17067307692307693
0 0.3737980769230769 0.23197115384615385 0.10336538461538461 0.1201923076923077
0 0.2980769230769231 0.3125 0.11057692307692307 0.0889423076923077
0 0.8834134615384616 0.21153846153846154 0.2283653846153846 0.34615384615384615
0 0.9555288461538461 0.06370192307692307 0.08413461538461539 0.10817307692307693
0 0.49158653846153844 0.9122596153846154 0.12980769230769232 0.14182692307692307
0 0.5841346153846154 0.6983173076923077 0.07692307692307693 0.06009615384615385
0 0.6177884615384616 0.8052884615384616 0.0625 0.07211538461538461
0 0.6502403846153846 0.8137019230769231 0.03125 0.06009615384615385
0 0.6213942307692307 0.7487980769230769 0.0625 0.07211538461538461
0 0.6286057692307693 0.7007211538461539 0.055288461538461536 0.06490384615384616