0 0.06490384615384616 0.21514423076923078 0.12980769230769232 0.3389423076923077
0 0.2512019230769231 0.12259615384615384 0.34375 0.24519230769230768
0 0.2848557692307692 0.22235576923076922 0.23076923076923078 0.2283653846153846
0 0.48677884615384615 0.1201923076923077 0.11778846153846154 0.16826923076923078
0 0.5060096153846154 0.234375 0.07932692307692307 0.14182692307692307
0 0.859375 0.14302884615384615 0.040865384615384616 0.040865384615384616
0 0.5612980769230769 0.13581730769230768 0.026442307692307692 0.05048076923076923
0 0.6899038461538461 0.14302884615384615 0.03365384615384615 0.03365384615384615
0 0.7752403846153846 0.11658653846153846 0.026442307692307692 0.026442307692307692
0 0.8088942307692307 0.09615384615384616 0.07692307692307693 0.07932692307692307
0 0.7860576923076923 0.1045673076923077 0.019230769230769232 0.021634615384615384
0 0.6995192307692307 0.18269230769230768 0.02403846153846154 0.02403846153846154
0 0.7572115384615384 0.16105769230769232 0.026442307692307692 0.026442307692307692
0 0.7271634615384616 0.20192307692307693 0.07932692307692307 0.07692307692307693
0 0.8040865384615384 0.15144230769230768 0.019230769230769232 0.019230769230769232
0 0.8161057692307693 0.1622596153846154 0.05048076923076923 0.04807692307692308
0 0.8401442307692307 0.12980769230769232 0.016826923076923076 0.016826923076923076
0 0.8569711538461539 0.06370192307692307 0.0625 0.0625
0 0.859375 0.09014423076923077 0.019230769230769232 0.019230769230769232
0 0.8725961538461539 0.09014423076923077 0.019230769230769232 0.019230769230769232
0 0.8942307692307693 0.06490384615384616 0.02403846153846154 0.02403846153846154
0 0.9134615384615384 0.05048076923076923 0.019230769230769232 0.019230769230769232
0 0.9435096153846154 0.06009615384615385 0.03365384615384615 0.03365384615384615
0 0.9098557692307693 0.08052884615384616 0.019230769230769232 0.019230769230769232
0 0.921875 0.07211538461538461 0.019230769230769232 0.019230769230769232
0 0.8737980769230769 0.1201923076923077 0.021634615384615384 0.021634615384615384
0 0.8966346153846154 0.08653846153846154 0.016826923076923076 0.016826923076923076
0 0.3798076923076923 0.5853365384615384 0.07692307692307693 0.07692307692307693
0 0.22716346153846154 0.671875 0.0889423076923077 0.0889423076923077
0 0.2644230769230769 0.7548076923076923 0.0625 0.0625
0 0.22355769230769232 0.9855769230769231 0.028846153846153848 0.02403846153846154
0 0.6442307692307693 0.7524038461538461 0.19230769230769232 0.22596153846153846
0 0.8185096153846154 0.6790865384615384 0.17548076923076922 0.17548076923076922
0 0.7007211538461539 0.90625 0.18269230769230768 0.18269230769230768
0 0.6622596153846154 0.5661057692307693 0.20432692307692307 0.055288461538461536
0 0.6201923076923077 0.9326923076923077 0.14423076923076922 0.12980769230769232