0 0.16826923076923078 0.042067307692307696 0.18269230769230768 0.08413461538461539
0 0.3762019230769231 0.2668269230769231 0.07932692307692307 0.07692307692307693
0 0.5733173076923077 0.2403846153846154 0.026442307692307692 0.057692307692307696
0 0.020432692307692308 0.8197115384615384 0.040865384615384616 0.15865384615384615
0 0.02283653846153846 0.7175480769230769 0.04567307692307692 0.2091346153846154
0 0.11538461538461539 0.6153846153846154 0.18269230769230768 0.18990384615384615
0 0.35216346153846156 0.5060096153846154 0.23076923076923078 0.24278846153846154
0 0.5432692307692307 0.359375 0.08653846153846154 0.06009615384615385
0 0.47716346153846156 0.390625 0.09375 0.09615384615384616
0 0.9639423076923077 0.5685096153846154 0.0673076923076923 0.11298076923076923
0 0.9242788461538461 0.5769230769230769 0.12259615384615384 0.12259615384615384
0 0.9567307692307693 0.43509615384615385 0.08173076923076923 0.17307692307692307
0 0.9230769230769231 0.6790865384615384 0.09615384615384616 0.0985576923076923