0 0.24759615384615385 0.003605769230769231 0.019230769230769232 0.007211538461538462
0 0.24879807692307693 0.8822115384615384 0.14182692307692307 0.15865384615384615
0 0.7463942307692307 0.5769230769230769 0.03365384615384615 0.028846153846153848
0 0.8088942307692307 0.5576923076923077 0.026442307692307692 0.02403846153846154
0 0.6201923076923077 0.5973557692307693 0.04326923076923077 0.040865384615384616
0 0.9050480769230769 0.6454326923076923 0.03365384615384615 0.03365384615384615
0 0.6442307692307693 0.578125 0.038461538461538464 0.03125
0 0.8725961538461539 0.5588942307692307 0.03125 0.02403846153846154
0 0.8521634615384616 0.5504807692307693 0.026442307692307692 0.02403846153846154
0 0.9387019230769231 0.5997596153846154 0.0889423076923077 0.08173076923076923
0 0.9002403846153846 0.5480769230769231 0.026442307692307692 0.019230769230769232
0 0.8930288461538461 0.5516826923076923 0.06971153846153846 0.026442307692307692
0 0.9699519230769231 0.5480769230769231 0.021634615384615384 0.019230769230769232
0 0.9519230769230769 0.5456730769230769 0.019230769230769232 0.014423076923076924
0 0.9423076923076923 0.5432692307692307 0.019230769230769232 0.009615384615384616
0 0.9831730769230769 0.5408653846153846 0.019230769230769232 0.004807692307692308