0 0.25961538461538464 0.2536057692307692 0.0985576923076923 0.10336538461538461
0 0.21153846153846154 0.26802884615384615 0.11057692307692307 0.1201923076923077
0 0.21394230769230768 0.18028846153846154 0.08413461538461539 0.08653846153846154
0 0.2548076923076923 0.1502403846153846 0.07932692307692307 0.08413461538461539
0 0.2512019230769231 0.0673076923076923 0.06971153846153846 0.0673076923076923
0 0.21394230769230768 0.11538461538461539 0.07451923076923077 0.07692307692307693
0 0.21033653846153846 0.05889423076923077 0.06490384615384616 0.06490384615384616
0 0.24519230769230768 0.026442307692307692 0.07211538461538461 0.052884615384615384
0 0.21514423076923078 0.015625 0.05048076923076923 0.03125
0 0.38461538461538464 0.47475961538461536 0.052884615384615384 0.04567307692307692
0 0.3701923076923077 0.40625 0.02403846153846154 0.057692307692307696
0 0.43509615384615385 0.33653846153846156 0.14903846153846154 0.14423076923076922
0 0.3762019230769231 0.23197115384615385 0.036057692307692304 0.06971153846153846
0 0.39903846153846156 0.4074519230769231 0.08173076923076923 0.08413461538461539
0 0.43149038461538464 0.25961538461538464 0.06490384615384616 0.06490384615384616
0 0.39663461538461536 0.25721153846153844 0.036057692307692304 0.036057692307692304
0 0.008413461538461538 0.7271634615384616 0.016826923076923076 0.07932692307692307
0 0.5240384615384616 0.6346153846153846 0.125 0.1346153846153846
0 0.47836538461538464 0.5348557692307693 0.09134615384615384 0.06971153846153846
0 0.38822115384615385 0.5769230769230769 0.06009615384615385 0.09615384615384616
0 0.3713942307692308 0.5877403846153846 0.026442307692307692 0.07451923076923077