0 0.11177884615384616 0.46153846153846156 0.12740384615384615 0.1346153846153846
0 0.0889423076923077 0.5300480769230769 0.10576923076923077 0.09375
0 0.021634615384615384 0.5432692307692307 0.04326923076923077 0.0673076923076923
0 0.5865384615384616 0.4963942307692308 0.0889423076923077 0.10096153846153846
0 0.5384615384615384 0.49278846153846156 0.18269230769230768 0.16826923076923078
0 0.5024038461538461 0.5625 0.0673076923076923 0.028846153846153848
0 0.5661057692307693 0.38461538461538464 0.07211538461538461 0.08173076923076923
0 0.5420673076923077 0.3870192307692308 0.057692307692307696 0.06490384615384616
0 0.5336538461538461 0.35216346153846156 0.04807692307692308 0.055288461538461536
0 0.5757211538461539 0.30528846153846156 0.057692307692307696 0.0625
0 0.5540865384615384 0.3245192307692308 0.04807692307692308 0.052884615384615384
0 0.5769230769230769 0.2512019230769231 0.057692307692307696 0.06490384615384616
0 0.5841346153846154 0.20192307692307693 0.04807692307692308 0.052884615384615384
0 0.5456730769230769 0.2704326923076923 0.07211538461538461 0.08173076923076923
0 0.5144230769230769 0.3918269230769231 0.052884615384615384 0.04326923076923077
0 0.5805288461538461 0.15865384615384615 0.038461538461538464 0.04567307692307692
0 0.5805288461538461 0.12379807692307693 0.040865384615384616 0.04326923076923077
0 0.5805288461538461 0.09495192307692307 0.03365384615384615 0.036057692307692304
0 0.5805288461538461 0.06610576923076923 0.03365384615384615 0.03365384615384615
0 0.5877403846153846 0.037259615384615384 0.026442307692307692 0.028846153846153848
0 0.5600961538461539 0.16826923076923078 0.07692307692307693 0.08413461538461539
0 0.921875 0.6286057692307693 0.15144230769230768 0.0985576923076923
0 0.6069711538461539 0.5901442307692307 0.09375 0.021634615384615384
0 0.8461538461538461 0.8329326923076923 0.23076923076923078 0.21634615384615385