0 0.7247596153846154 0.19831730769230768 0.05048076923076923 0.15625
0 0.7692307692307693 0.47115384615384615 0.08653846153846154 0.028846153846153848
0 0.8942307692307693 0.44711538461538464 0.11538461538461539 0.07692307692307693
0 0.8377403846153846 0.46634615384615385 0.09375 0.038461538461538464
0 0.9387019230769231 0.46274038461538464 0.11298076923076923 0.04567307692307692
0 0.8485576923076923 0.0625 0.2980769230769231 0.125
0 0.9747596153846154 0.21033653846153846 0.04567307692307692 0.18990384615384615
0 0.37259615384615385 0.6394230769230769 0.6490384615384616 0.30288461538461536
0 0.20432692307692307 0.5276442307692307 0.25961538461538464 0.07932692307692307
0 0.3473557692307692 0.6730769230769231 0.1658653846153846 0.1658653846153846
0 0.39663461538461536 0.8112980769230769 0.12259615384615384 0.13221153846153846
0 0.5036057692307693 0.8173076923076923 0.11298076923076923 0.1201923076923077
0 0.6418269230769231 0.9134615384615384 0.08413461538461539 0.10336538461538461
0 0.4579326923076923 0.9038461538461539 0.08653846153846154 0.08413461538461539
0 0.40024038461538464 0.9591346153846154 0.10817307692307693 0.07692307692307693
0 0.4831730769230769 0.9639423076923077 0.08173076923076923 0.0673076923076923
0 0.5492788461538461 0.9675480769230769 0.06971153846153846 0.06009615384615385