0 0.1346153846153846 0.37259615384615385 0.09134615384615384 0.09615384615384616
0 0.14903846153846154 0.4230769230769231 0.10336538461538461 0.10576923076923077
0 0.07932692307692307 0.3701923076923077 0.09615384615384616 0.10096153846153846
0 0.03365384615384615 0.328125 0.0673076923076923 0.0889423076923077
0 0.015625 0.22716346153846154 0.03125 0.0889423076923077
0 0.8701923076923077 0.27163461538461536 0.10336538461538461 0.10576923076923077
0 0.35096153846153844 0.6165865384615384 0.21153846153846154 0.13701923076923078
0 0.41947115384615385 0.7572115384615384 0.14903846153846154 0.15384615384615385
0 0.8882211538461539 0.7956730769230769 0.07211538461538461 0.06971153846153846
0 0.9170673076923077 0.8942307692307693 0.06490384615384616 0.0625
0 0.8665865384615384 0.8689903846153846 0.057692307692307696 0.057692307692307696
0 0.8425480769230769 0.9230769230769231 0.04326923076923077 0.04326923076923077
0 0.8786057692307693 0.9627403846153846 0.04326923076923077 0.040865384615384616
0 0.8497596153846154 0.984375 0.040865384615384616 0.026442307692307692
0 0.8064903846153846 0.9699519230769231 0.03125 0.028846153846153848
0 0.7920673076923077 0.9855769230769231 0.02403846153846154 0.02403846153846154
0 0.7800480769230769 0.9915865384615384 0.021634615384615384 0.01201923076923077
0 0.7692307692307693 0.9747596153846154 0.019230769230769232 0.026442307692307692