0 0.055288461538461536 0.41586538461538464 0.0889423076923077 0.0889423076923077
0 0.78125 0.4951923076923077 0.09615384615384616 0.0625
0 0.6478365384615384 0.39663461538461536 0.13701923076923078 0.1346153846153846
0 0.4387019230769231 0.2608173076923077 0.19230769230769232 0.20432692307692307
0 0.43149038461538464 0.13701923076923078 0.1875 0.20673076923076922
0 0.7548076923076923 0.4014423076923077 0.10576923076923077 0.11538461538461539
0 0.3473557692307692 0.2956730769230769 0.15625 0.3076923076923077
0 0.8365384615384616 0.4723557692307692 0.08413461538461539 0.08173076923076923
0 0.14543269230769232 0.6935096153846154 0.24278846153846154 0.3293269230769231
0 0.8052884615384616 0.8413461538461539 0.036057692307692304 0.03365384615384615
0 0.7391826923076923 0.8269230769230769 0.04567307692307692 0.038461538461538464
0 0.7115384615384616 0.9110576923076923 0.06009615384615385 0.04807692307692308
0 0.8461538461538461 0.9699519230769231 0.04326923076923077 0.03125
0 0.47836538461538464 0.9375 0.09375 0.07451923076923077
0 0.8930288461538461 0.9507211538461539 0.021634615384615384 0.021634615384615384
0 0.8966346153846154 0.9074519230769231 0.016826923076923076 0.016826923076923076
0 0.8762019230769231 0.8858173076923077 0.021634615384615384 0.02403846153846154
0 0.9110576923076923 0.9266826923076923 0.01201923076923077 0.014423076923076924
0 0.9206730769230769 0.953125 0.016826923076923076 0.016826923076923076