0 0.11057692307692307 0.4254807692307692 0.10576923076923077 0.0625
0 0.20192307692307693 0.29447115384615385 0.1466346153846154 0.1466346153846154
0 0.2980769230769231 0.08533653846153846 0.22115384615384615 0.17067307692307693
0 0.38822115384615385 0.07091346153846154 0.15625 0.14182692307692307
0 0.21394230769230768 0.39903846153846156 0.12259615384615384 0.11538461538461539
0 0.23677884615384615 0.036057692307692304 0.3389423076923077 0.07211538461538461
0 0.65625 0.4074519230769231 0.125 0.0985576923076923
0 0.53125 0.328125 0.125 0.16105769230769232
0 0.9711538461538461 0.42908653846153844 0.052884615384615384 0.055288461538461536
0 0.19831730769230768 0.6262019230769231 0.09375 0.0889423076923077
0 0.06370192307692307 0.7548076923076923 0.07451923076923077 0.07211538461538461
0 0.046875 0.8533653846153846 0.04807692307692308 0.04567307692307692
0 0.030048076923076924 0.8305288461538461 0.055288461538461536 0.05048076923076923
0 0.013221153846153846 0.9206730769230769 0.026442307692307692 0.052884615384615384
0 0.7307692307692307 0.6598557692307693 0.20673076923076922 0.1875
0 0.609375 0.5504807692307693 0.28125 0.18269230769230768
0 0.75 0.7235576923076923 0.1778846153846154 0.15144230769230768
0 0.9543269230769231 0.5528846153846154 0.08653846153846154 0.08653846153846154
0 0.7836538461538461 0.5288461538461539 0.12980769230769232 0.13942307692307693
0 0.8930288461538461 0.6466346153846154 0.0673076923076923 0.06490384615384616