0 0.09615384615384616 0.026442307692307692 0.11538461538461539 0.052884615384615384
0 0.6165865384615384 0.30649038461538464 0.09134615384615384 0.07451923076923077
0 0.030048076923076924 0.9278846153846154 0.06009615384615385 0.13942307692307693
0 0.014423076923076924 0.7548076923076923 0.028846153846153848 0.07692307692307693
0 0.09014423076923077 0.7367788461538461 0.13221153846153846 0.14182692307692307
0 0.1310096153846154 0.8064903846153846 0.0985576923076923 0.10817307692307693
0 0.21033653846153846 0.7367788461538461 0.07932692307692307 0.08413461538461539
0 0.2668269230769231 0.6899038461538461 0.0625 0.057692307692307696
0 0.3173076923076923 0.6538461538461539 0.04807692307692308 0.05048076923076923
0 0.32091346153846156 0.5805288461538461 0.04326923076923077 0.03365384615384615
0 0.36778846153846156 0.5516826923076923 0.028846153846153848 0.03365384615384615
0 0.45072115384615385 0.49278846153846156 0.01201923076923077 0.009615384615384616
0 0.8233173076923077 0.9326923076923077 0.12740384615384615 0.0985576923076923
0 0.5396634615384616 0.7644230769230769 0.0625 0.057692307692307696
0 0.5661057692307693 0.9110576923076923 0.0889423076923077 0.09375
0 0.6766826923076923 0.9711538461538461 0.13221153846153846 0.052884615384615384
0 0.5336538461538461 0.9699519230769231 0.11057692307692307 0.055288461538461536