0 0.625 0.13581730769230768 0.10817307692307693 0.14182692307692307
0 0.5961538461538461 0.39663461538461536 0.06971153846153846 0.057692307692307696
0 0.8533653846153846 0.24759615384615385 0.06971153846153846 0.08653846153846154
0 0.8509615384615384 0.39783653846153844 0.057692307692307696 0.07451923076923077
0 0.9771634615384616 0.48677884615384615 0.021634615384615384 0.026442307692307692
0 0.9098557692307693 0.4579326923076923 0.03125 0.040865384615384616
0 0.9362980769230769 0.48677884615384615 0.021634615384615384 0.021634615384615384
0 0.8870192307692307 0.5288461538461539 0.021634615384615384 0.021634615384615384
0 0.7644230769230769 0.31009615384615385 0.07211538461538461 0.08653846153846154
0 0.9278846153846154 0.41346153846153844 0.036057692307692304 0.04567307692307692
0 0.9555288461538461 0.44471153846153844 0.036057692307692304 0.040865384615384616
0 0.9507211538461539 0.5036057692307693 0.02403846153846154 0.021634615384615384
0 0.9014423076923077 0.5516826923076923 0.019230769230769232 0.019230769230769232
0 0.9627403846153846 0.5192307692307693 0.019230769230769232 0.019230769230769232
0 0.984375 0.5348557692307693 0.01201923076923077 0.01201923076923077
0 0.9939903846153846 0.5408653846153846 0.007211538461538462 0.014423076923076924
0 0.9675480769230769 0.5336538461538461 0.016826923076923076 0.009615384615384616
0 0.14302884615384615 0.7139423076923077 0.0889423076923077 0.07211538461538461
0 0.0985576923076923 0.6971153846153846 0.09615384615384616 0.038461538461538464
0 0.25961538461538464 0.6911057692307693 0.12980769230769232 0.026442307692307692
0 0.030048076923076924 0.7319711538461539 0.06009615384615385 0.07451923076923077