0 0.39903846153846156 0.0829326923076923 0.10817307692307693 0.10576923076923077
0 0.7199519230769231 0.25240384615384615 0.05048076923076923 0.04807692307692308
0 0.6310096153846154 0.3389423076923077 0.06490384615384616 0.057692307692307696
0 0.5324519230769231 0.37740384615384615 0.0889423076923077 0.09615384615384616
0 0.5745192307692307 0.38461538461538464 0.09134615384615384 0.08413461538461539
0 0.6778846153846154 0.2932692307692308 0.057692307692307696 0.05048076923076923
0 0.8173076923076923 0.15144230769230768 0.03365384615384615 0.03125
0 0.5901442307692307 0.33052884615384615 0.06009615384615385 0.04567307692307692
0 0.6382211538461539 0.2860576923076923 0.055288461538461536 0.04807692307692308
0 0.7908653846153846 0.16706730769230768 0.028846153846153848 0.028846153846153848
0 0.5192307692307693 0.4483173076923077 0.0625 0.10817307692307693
0 0.6862980769230769 0.24879807692307693 0.05048076923076923 0.04326923076923077
0 0.7439903846153846 0.22235576923076922 0.040865384615384616 0.04567307692307692
0 0.7644230769230769 0.203125 0.03365384615384615 0.03125
0 0.7175480769230769 0.21634615384615385 0.03125 0.03365384615384615
0 0.11538461538461539 0.6826923076923077 0.09134615384615384 0.07211538461538461
0 0.296875 0.6141826923076923 0.06971153846153846 0.05048076923076923
0 0.19951923076923078 0.6586538461538461 0.08173076923076923 0.06971153846153846
0 0.36778846153846156 0.5973557692307693 0.0625 0.016826923076923076
0 0.2247596153846154 0.6225961538461539 0.07211538461538461 0.057692307692307696
0 0.2776442307692308 0.6021634615384616 0.055288461538461536 0.026442307692307692