0 0.4675480769230769 0.014423076923076924 0.0985576923076923 0.028846153846153848
0 0.43990384615384615 0.18990384615384615 0.15384615384615385 0.17307692307692307
0 0.4951923076923077 0.24158653846153846 0.04326923076923077 0.18990384615384615
0 0.921875 0.15384615384615385 0.09134615384615384 0.09615384615384616
0 0.9639423076923077 0.22596153846153846 0.0673076923076923 0.09134615384615384
0 0.9879807692307693 0.234375 0.019230769230769232 0.07932692307692307
0 0.3798076923076923 0.5540865384615384 0.15384615384615385 0.05048076923076923
0 0.4495192307692308 0.5480769230769231 0.0673076923076923 0.038461538461538464
0 0.6502403846153846 0.7668269230769231 0.0889423076923077 0.08413461538461539
0 0.7872596153846154 0.7175480769230769 0.055288461538461536 0.052884615384615384
0 0.8653846153846154 0.6959134615384616 0.036057692307692304 0.03365384615384615
0 0.9134615384615384 0.640625 0.019230769230769232 0.019230769230769232
0 0.953125 0.6670673076923077 0.016826923076923076 0.016826923076923076
0 0.9723557692307693 0.6706730769230769 0.014423076923076924 0.01201923076923077
0 0.9627403846153846 0.6610576923076923 0.014423076923076924 0.014423076923076924