0 0.3713942307692308 0.030048076923076924 0.01201923076923077 0.04567307692307692
0 0.3425480769230769 0.18028846153846154 0.06971153846153846 0.11057692307692307
0 0.2608173076923077 0.4567307692307692 0.23317307692307693 0.15865384615384615
0 0.3088942307692308 0.3125 0.13701923076923078 0.1778846153846154
0 0.20192307692307693 0.2704326923076923 0.2548076923076923 0.25
0 0.28966346153846156 0.12379807692307693 0.11298076923076923 0.11298076923076923
0 0.3557692307692308 0.07091346153846154 0.04326923076923077 0.07451923076923077
0 0.328125 0.036057692307692304 0.0985576923076923 0.07211538461538461
0 0.671875 0.3112980769230769 0.13221153846153846 0.13221153846153846
0 0.5576923076923077 0.22235576923076922 0.125 0.12259615384615384
0 0.7620192307692307 0.26802884615384615 0.09134615384615384 0.09134615384615384
0 0.9615384615384616 0.33533653846153844 0.07211538461538461 0.0889423076923077
0 0.8786057692307693 0.31850961538461536 0.11778846153846154 0.11298076923076923
0 0.9927884615384616 0.32091346153846156 0.009615384615384616 0.05048076923076923
0 0.24158653846153846 0.8209134615384616 0.12259615384615384 0.12259615384615384
0 0.3449519230769231 0.8100961538461539 0.06490384615384616 0.07692307692307693
0 0.21995192307692307 0.7680288461538461 0.08653846153846154 0.0889423076923077
0 0.33413461538461536 0.8689903846153846 0.08653846153846154 0.0985576923076923
0 0.9567307692307693 0.8665865384615384 0.07692307692307693 0.07692307692307693
0 0.8257211538461539 0.7295673076923077 0.09375 0.09375
0 0.859375 0.7788461538461539 0.10336538461538461 0.10336538461538461
0 0.9182692307692307 0.7776442307692307 0.0673076923076923 0.06971153846153846
0 0.9567307692307693 0.8233173076923077 0.08173076923076923 0.0889423076923077
0 0.8786057692307693 0.8341346153846154 0.12259615384615384 0.12259615384615384
0 0.43028846153846156 0.7319711538461539 0.10096153846153846 0.11778846153846154