0 0.47475961538461536 0.020432692307692308 0.08413461538461539 0.040865384615384616
0 0.8509615384615384 0.018028846153846152 0.0673076923076923 0.036057692307692304
0 0.8713942307692307 0.27283653846153844 0.09375 0.0985576923076923
0 0.49158653846153844 0.8305288461538461 0.05048076923076923 0.08413461538461539
0 0.29086538461538464 0.8329326923076923 0.03365384615384615 0.03365384615384615
0 0.41346153846153844 0.9807692307692307 0.10096153846153846 0.03365384615384615
0 0.14423076923076922 0.8834134615384616 0.05048076923076923 0.055288461538461536
0 0.23677884615384615 0.9855769230769231 0.06009615384615385 0.02403846153846154
0 0.29086538461538464 0.9651442307692307 0.0673076923076923 0.06490384615384616
0 0.35697115384615385 0.9735576923076923 0.07932692307692307 0.04807692307692308
0 0.2608173076923077 0.8329326923076923 0.026442307692307692 0.026442307692307692
0 0.19110576923076922 0.9146634615384616 0.036057692307692304 0.038461538461538464
0 0.21754807692307693 0.8305288461538461 0.026442307692307692 0.026442307692307692
0 0.25841346153846156 0.953125 0.040865384615384616 0.040865384615384616
0 0.22716346153846154 0.9326923076923077 0.052884615384615384 0.052884615384615384
0 0.17908653846153846 0.8485576923076923 0.026442307692307692 0.026442307692307692
0 0.20192307692307693 0.8305288461538461 0.026442307692307692 0.02403846153846154
0 0.5588942307692307 0.8004807692307693 0.057692307692307696 0.057692307692307696