0 0.1622596153846154 0.20192307692307693 0.11298076923076923 0.1201923076923077
0 0.22115384615384615 0.35216346153846156 0.11298076923076923 0.11538461538461539
0 0.33052884615384615 0.3449519230769231 0.05048076923076923 0.06971153846153846
0 0.06009615384615385 0.11177884615384616 0.1201923076923077 0.13701923076923078
0 0.24278846153846154 0.2920673076923077 0.13221153846153846 0.125
0 0.3485576923076923 0.3701923076923077 0.014423076923076924 0.057692307692307696
0 0.40865384615384615 0.18990384615384615 0.10096153846153846 0.3269230769230769
0 0.8040865384615384 0.28725961538461536 0.11538461538461539 0.11538461538461539
0 0.07572115384615384 0.7692307692307693 0.15144230769230768 0.30288461538461536
0 0.7211538461538461 0.9146634615384616 0.12980769230769232 0.13221153846153846
0 0.7860576923076923 0.9411057692307693 0.11057692307692307 0.11057692307692307
0 0.71875 0.7920673076923077 0.07692307692307693 0.08173076923076923
0 0.7644230769230769 0.8389423076923077 0.08653846153846154 0.08653846153846154
0 0.7259615384615384 0.7151442307692307 0.06490384615384616 0.06490384615384616
0 0.765625 0.7475961538461539 0.125 0.13221153846153846
0 0.7223557692307693 0.6382211538461539 0.06009615384615385 0.040865384615384616
0 0.7512019230769231 0.6670673076923077 0.05048076923076923 0.052884615384615384