0 0.2824519230769231 0.21514423076923078 0.1658653846153846 0.15384615384615385
0 0.4230769230769231 0.19230769230769232 0.0673076923076923 0.07692307692307693
0 0.4483173076923077 0.171875 0.016826923076923076 0.06009615384615385
0 0.027644230769230768 0.1971153846153846 0.055288461538461536 0.2548076923076923
0 0.2860576923076923 0.15625 0.14423076923076922 0.1346153846153846
0 0.9699519230769231 0.026442307692307692 0.055288461538461536 0.052884615384615384
0 0.9230769230769231 0.02283653846153846 0.08173076923076923 0.04567307692307692
0 0.1658653846153846 0.6021634615384616 0.14423076923076922 0.13942307692307693
0 0.24519230769230768 0.5661057692307693 0.08413461538461539 0.07932692307692307
0 0.39302884615384615 0.6045673076923077 0.08413461538461539 0.08413461538461539
0 0.7872596153846154 0.6165865384615384 0.12259615384615384 0.11538461538461539
0 0.8870192307692307 0.5769230769230769 0.07211538461538461 0.06971153846153846
0 0.7512019230769231 0.5721153846153846 0.0889423076923077 0.08413461538461539
0 0.9819711538461539 0.6502403846153846 0.03125 0.08413461538461539
0 0.9639423076923077 0.6213942307692307 0.0673076923076923 0.07451923076923077
0 0.8930288461538461 0.6358173076923077 0.09375 0.09134615384615384