0 0.27283653846153844 0.12860576923076922 0.10576923076923077 0.11057692307692307
0 0.3557692307692308 0.2091346153846154 0.08173076923076923 0.1346153846153846
0 0.37259615384615385 0.09134615384615384 0.04807692307692308 0.1778846153846154
0 0.34375 0.36538461538461536 0.0625 0.04326923076923077
0 0.10216346153846154 0.014423076923076924 0.06971153846153846 0.028846153846153848
0 0.13221153846153846 0.07211538461538461 0.055288461538461536 0.052884615384615384
0 0.10576923076923077 0.09495192307692307 0.052884615384615384 0.05048076923076923
0 0.010817307692307692 0.15745192307692307 0.019230769230769232 0.021634615384615384
0 0.7920673076923077 0.21153846153846154 0.12740384615384615 0.12740384615384615
0 0.9591346153846154 0.17908653846153846 0.07692307692307693 0.22355769230769232
0 0.6971153846153846 0.06610576923076923 0.15384615384615385 0.13221153846153846
0 0.8954326923076923 0.09375 0.20432692307692307 0.1875
0 0.4879807692307692 0.039663461538461536 0.09134615384615384 0.07932692307692307
0 0.921875 0.25961538461538464 0.15144230769230768 0.1971153846153846
0 0.8028846153846154 0.13701923076923078 0.16105769230769232 0.15865384615384615
0 0.49278846153846156 0.08774038461538461 0.08413461538461539 0.08173076923076923
0 0.5817307692307693 0.04927884615384615 0.1201923076923077 0.0985576923076923
0 0.4723557692307692 0.13701923076923078 0.0889423076923077 0.08653846153846154
0 0.44591346153846156 0.8509615384615384 0.08653846153846154 0.0889423076923077
0 0.44471153846153844 0.7391826923076923 0.09134615384615384 0.14182692307692307
0 0.5168269230769231 0.9206730769230769 0.08173076923076923 0.08653846153846154
0 0.5120192307692307 0.9627403846153846 0.08173076923076923 0.06971153846153846
0 0.4326923076923077 0.8028846153846154 0.0673076923076923 0.10096153846153846
0 0.43149038461538464 0.9050480769230769 0.06490384615384616 0.07932692307692307
0 0.4338942307692308 0.8677884615384616 0.06971153846153846 0.10576923076923077