0 0.140625 0.22355769230769232 0.11057692307692307 0.10576923076923077
0 0.2776442307692308 0.17427884615384615 0.20432692307692307 0.15384615384615385
0 0.32211538461538464 0.052884615384615384 0.14903846153846154 0.10576923076923077
0 0.7680288461538461 0.14182692307692307 0.07692307692307693 0.06490384615384616
0 0.6045673076923077 0.26322115384615385 0.057692307692307696 0.04807692307692308
0 0.4170673076923077 0.4050480769230769 0.02403846153846154 0.021634615384615384
0 0.46875 0.38341346153846156 0.016826923076923076 0.016826923076923076
0 0.4182692307692308 0.4170673076923077 0.019230769230769232 0.016826923076923076
0 0.4338942307692308 0.38822115384615385 0.016826923076923076 0.016826923076923076
0 0.4050480769230769 0.43028846153846156 0.01201923076923077 0.02403846153846154
0 0.9338942307692307 0.04326923076923077 0.12740384615384615 0.08653846153846154
0 0.41225961538461536 0.28365384615384615 0.026442307692307692 0.057692307692307696
0 0.6466346153846154 0.28725961538461536 0.09615384615384616 0.07932692307692307
0 0.5817307692307693 0.2848557692307692 0.036057692307692304 0.040865384615384616
0 0.5853365384615384 0.3161057692307692 0.040865384615384616 0.03365384615384615
0 0.5372596153846154 0.3173076923076923 0.052884615384615384 0.05048076923076923
0 0.5540865384615384 0.33533653846153844 0.03125 0.021634615384615384
0 0.5252403846153846 0.35336538461538464 0.03125 0.03125
0 0.5036057692307693 0.33413461538461536 0.03125 0.03125
0 0.4831730769230769 0.35697115384615385 0.02403846153846154 0.026442307692307692
0 0.5036057692307693 0.3701923076923077 0.028846153846153848 0.026442307692307692
0 0.45072115384615385 0.3762019230769231 0.03125 0.03125
0 0.45072115384615385 0.3954326923076923 0.014423076923076924 0.014423076923076924
0 0.43509615384615385 0.4050480769230769 0.014423076923076924 0.014423076923076924
0 0.08774038461538461 0.9903846153846154 0.055288461538461536 0.014423076923076924
0 0.08413461538461539 0.9194711538461539 0.07692307692307693 0.08653846153846154
0 0.20793269230769232 0.9663461538461539 0.06009615384615385 0.0625
0 0.16826923076923078 0.9855769230769231 0.052884615384615384 0.02403846153846154
0 0.8581730769230769 0.6165865384615384 0.08413461538461539 0.07932692307692307
0 0.9447115384615384 0.6418269230769231 0.07692307692307693 0.06971153846153846
0 0.5625 0.5204326923076923 0.3269230769230769 0.14182692307692307
0 0.5889423076923077 0.5456730769230769 0.11778846153846154 0.0889423076923077
0 0.7716346153846154 0.5817307692307693 0.04807692307692308 0.055288461538461536