0 0.10216346153846154 0.32091346153846156 0.1778846153846154 0.1971153846153846
0 0.0829326923076923 0.11057692307692307 0.1658653846153846 0.22115384615384615
0 0.04447115384615385 0.38100961538461536 0.0889423076923077 0.15144230769230768
0 0.6129807692307693 0.375 0.0625 0.057692307692307696
0 0.6057692307692307 0.20192307692307693 0.1201923076923077 0.09615384615384616
0 0.7632211538461539 0.35096153846153844 0.08173076923076923 0.07451923076923077
0 0.07451923076923077 0.8918269230769231 0.08653846153846154 0.08653846153846154
0 0.020432692307692308 0.9098557692307693 0.036057692307692304 0.036057692307692304
0 0.20432692307692307 0.8401442307692307 0.07932692307692307 0.07932692307692307
0 0.41346153846153844 0.7608173076923077 0.10576923076923077 0.3293269230769231
0 0.5504807692307693 0.7944711538461539 0.07211538461538461 0.07932692307692307
0 0.4879807692307692 0.9074519230769231 0.038461538461538464 0.055288461538461536