0 0.1201923076923077 0.38100961538461536 0.08653846153846154 0.0985576923076923
0 0.06009615384615385 0.46033653846153844 0.052884615384615384 0.04807692307692308
0 0.8509615384615384 0.13822115384615385 0.06971153846153846 0.07211538461538461
0 0.84375 0.18389423076923078 0.05048076923076923 0.05048076923076923
0 0.7644230769230769 0.15384615384615385 0.06009615384615385 0.06009615384615385
0 0.8942307692307693 0.16466346153846154 0.04807692307692308 0.052884615384615384
0 0.9014423076923077 0.09014423076923077 0.05048076923076923 0.055288461538461536
0 0.8064903846153846 0.17067307692307693 0.05048076923076923 0.055288461538461536
0 0.9471153846153846 0.140625 0.040865384615384616 0.05048076923076923
0 0.8786057692307693 0.19951923076923078 0.04567307692307692 0.04807692307692308
0 0.9639423076923077 0.13942307692307693 0.019230769230769232 0.02403846153846154
0 0.921875 0.1778846153846154 0.028846153846153848 0.03365384615384615
0 0.9350961538461539 0.1814903846153846 0.026442307692307692 0.028846153846153848
0 0.9495192307692307 0.1971153846153846 0.028846153846153848 0.036057692307692304
0 0.9855769230769231 0.18389423076923078 0.02403846153846154 0.040865384615384616
0 0.9711538461538461 0.16466346153846154 0.03365384615384615 0.038461538461538464
0 0.9134615384615384 0.21514423076923078 0.03125 0.036057692307692304
0 0.8978365384615384 0.203125 0.021634615384615384 0.026442307692307692
0 0.2956730769230769 0.7139423076923077 0.07211538461538461 0.0673076923076923
0 0.28966346153846156 0.640625 0.08173076923076923 0.08413461538461539
0 0.45072115384615385 0.6887019230769231 0.01201923076923077 0.05048076923076923
0 0.22596153846153846 0.6983173076923077 0.08173076923076923 0.08413461538461539
0 0.41225961538461536 0.6394230769230769 0.0625 0.06490384615384616
0 0.36778846153846156 0.6105769230769231 0.07932692307692307 0.09615384615384616
0 0.328125 0.5552884615384616 0.08173076923076923 0.09615384615384616
0 0.34375 0.7403846153846154 0.0673076923076923 0.07211538461538461
0 0.3629807692307692 0.6947115384615384 0.09615384615384616 0.10096153846153846
0 0.6334134615384616 0.9471153846153846 0.3485576923076923 0.10096153846153846
0 0.7560096153846154 0.9146634615384616 0.25240384615384615 0.1658653846153846