0 0.09134615384615384 0.025240384615384616 0.057692307692307696 0.05048076923076923
0 0.014423076923076924 0.13221153846153846 0.028846153846153848 0.09134615384615384
0 0.6117788461538461 0.0985576923076923 0.23317307692307693 0.1971153846153846
0 0.8341346153846154 0.15144230769230768 0.057692307692307696 0.052884615384615384
0 0.42788461538461536 0.9699519230769231 0.07692307692307693 0.055288461538461536
0 0.31009615384615385 0.6598557692307693 0.04567307692307692 0.04326923076923077
0 0.24158653846153846 0.41586538461538464 0.026442307692307692 0.014423076923076924
0 0.38461538461538464 0.7548076923076923 0.16346153846153846 0.20192307692307693
0 0.2620192307692308 0.4230769230769231 0.021634615384615384 0.021634615384615384
0 0.2536057692307692 0.41466346153846156 0.026442307692307692 0.01201923076923077
0 0.31971153846153844 0.4326923076923077 0.021634615384615384 0.021634615384615384
0 0.3233173076923077 0.421875 0.04567307692307692 0.026442307692307692
0 0.32211538461538464 0.4519230769230769 0.02403846153846154 0.02403846153846154
0 0.30528846153846156 0.41225961538461536 0.02403846153846154 0.007211538461538462
0 0.29086538461538464 0.515625 0.10576923076923077 0.10817307692307693
0 0.5 0.49038461538461536 0.0625 0.1201923076923077
0 0.5709134615384616 0.4495192307692308 0.07211538461538461 0.06971153846153846
0 0.5588942307692307 0.9290865384615384 0.18028846153846154 0.13701923076923078
0 0.6382211538461539 0.9242788461538461 0.28125 0.1466346153846154
0 0.7007211538461539 0.9038461538461539 0.23317307692307693 0.1875
0 0.796875 0.6225961538461539 0.0985576923076923 0.0985576923076923
0 0.7403846153846154 0.578125 0.07451923076923077 0.07211538461538461
0 0.7524038461538461 0.5444711538461539 0.07211538461538461 0.0673076923076923
0 0.7451923076923077 0.49399038461538464 0.06490384615384616 0.06009615384615385
0 0.6899038461538461 0.5264423076923077 0.08173076923076923 0.08173076923076923
0 0.6526442307692307 0.4963942307692308 0.07692307692307693 0.07211538461538461
0 0.5745192307692307 0.5096153846153846 0.09375 0.09134615384615384