0 0.7740384615384616 0.2932692307692308 0.08413461538461539 0.08413461538461539
0 0.8509615384615384 0.3449519230769231 0.057692307692307696 0.021634615384615384
0 0.6682692307692307 0.25721153846153844 0.10096153846153846 0.08653846153846154
0 0.6838942307692307 0.3112980769230769 0.08653846153846154 0.07692307692307693
0 0.5552884615384616 0.2800480769230769 0.11778846153846154 0.09375
0 0.359375 0.9014423076923077 0.01201923076923077 0.04326923076923077
0 0.31009615384615385 0.9326923076923077 0.040865384615384616 0.036057692307692304
0 0.046875 0.4891826923076923 0.09375 0.17067307692307693
0 0.03485576923076923 0.5961538461538461 0.06971153846153846 0.09134615384615384
0 0.8978365384615384 0.6382211538461539 0.19951923076923078 0.23317307692307693
0 0.9747596153846154 0.7536057692307693 0.04567307692307692 0.16105769230769232
0 0.9266826923076923 0.8497596153846154 0.125 0.11778846153846154