0 0.04567307692307692 0.32091346153846156 0.09134615384615384 0.15625
0 0.15985576923076922 0.38822115384615385 0.13701923076923078 0.12259615384615384
0 0.12259615384615384 0.27884615384615385 0.14182692307692307 0.1346153846153846
0 0.12379807692307693 0.203125 0.1346153846153846 0.1346153846153846
0 0.34375 0.35096153846153844 0.057692307692307696 0.06009615384615385
0 0.41346153846153844 0.5456730769230769 0.06009615384615385 0.057692307692307696
0 0.030048076923076924 0.09735576923076923 0.06009615384615385 0.15625
0 0.4411057692307692 0.44591346153846156 0.04807692307692308 0.04326923076923077
0 0.8473557692307693 0.32572115384615385 0.13221153846153846 0.17307692307692307
0 0.8125 0.10216346153846154 0.0673076923076923 0.07451923076923077
0 0.9675480769230769 0.5793269230769231 0.06009615384615385 0.09615384615384616
0 0.7800480769230769 0.020432692307692308 0.07451923076923077 0.040865384615384616
0 0.7307692307692307 0.056490384615384616 0.12980769230769232 0.11298076923076923
0 0.9675480769230769 0.9543269230769231 0.06009615384615385 0.08653846153846154
0 0.8088942307692307 0.75 0.1346153846153846 0.15865384615384615
0 0.9254807692307693 0.8834134615384616 0.10817307692307693 0.1201923076923077
0 0.8605769230769231 0.7463942307692307 0.09615384615384616 0.1201923076923077