0 0.17067307692307693 0.39663461538461536 0.21153846153846154 0.15865384615384615
0 0.09134615384615384 0.2548076923076923 0.18269230769230768 0.27884615384615385
0 0.3233173076923077 0.16466346153846154 0.18269230769230768 0.18269230769230768
0 0.3485576923076923 0.3401442307692308 0.1778846153846154 0.18509615384615385
0 0.9122596153846154 0.19951923076923078 0.17067307692307693 0.17307692307692307
0 0.7668269230769231 0.36778846153846156 0.23076923076923078 0.21634615384615385
0 0.8401442307692307 0.055288461538461536 0.11778846153846154 0.11057692307692307
0 0.8004807692307693 0.39663461538461536 0.3942307692307692 0.15865384615384615
0 0.8966346153846154 0.44591346153846156 0.1346153846153846 0.06009615384615385
0 0.21995192307692307 0.9699519230769231 0.07932692307692307 0.055288461538461536
0 0.1875 0.9747596153846154 0.08173076923076923 0.04567307692307692
0 0.2764423076923077 0.890625 0.07451923076923077 0.07211538461538461
0 0.23677884615384615 0.9194711538461539 0.0985576923076923 0.0985576923076923
0 0.35216346153846156 0.7740384615384616 0.10336538461538461 0.10096153846153846
0 0.10336538461538461 0.8305288461538461 0.19471153846153846 0.19230769230769232
0 0.2283653846153846 0.6622596153846154 0.21634615384615385 0.21153846153846154
0 0.052884615384615384 0.8293269230769231 0.10576923076923077 0.33653846153846156
0 0.6790865384615384 0.6899038461538461 0.11057692307692307 0.10817307692307693
0 0.5576923076923077 0.7055288461538461 0.12740384615384615 0.125
0 0.8149038461538461 0.5228365384615384 0.055288461538461536 0.055288461538461536
0 0.8209134615384616 0.5793269230769231 0.08653846153846154 0.08413461538461539
0 0.7259615384615384 0.5745192307692307 0.10576923076923077 0.10336538461538461
0 0.9651442307692307 0.4855769230769231 0.06490384615384616 0.014423076923076924
0 0.9855769230769231 0.546875 0.02403846153846154 0.04567307692307692
0 0.9146634615384616 0.5048076923076923 0.08413461538461539 0.052884615384615384
0 0.9663461538461539 0.5360576923076923 0.04567307692307692 0.04567307692307692
0 0.9759615384615384 0.5048076923076923 0.04326923076923077 0.052884615384615384
0 0.8665865384615384 0.5865384615384616 0.06009615384615385 0.06009615384615385
0 0.5192307692307693 0.6490384615384616 0.15865384615384615 0.17307692307692307