0 0.20192307692307693 0.2548076923076923 0.10576923076923077 0.10096153846153846
0 0.21875 0.31009615384615385 0.02403846153846154 0.014423076923076924
0 0.9651442307692307 0.056490384615384616 0.06490384615384616 0.11298076923076923
0 0.7403846153846154 0.046875 0.0673076923076923 0.07211538461538461
0 0.8966346153846154 0.03125 0.13942307692307693 0.0625
0 0.7992788461538461 0.10216346153846154 0.0673076923076923 0.06490384615384616
0 0.8137019230769231 0.17307692307692307 0.055288461538461536 0.05048076923076923
0 0.11298076923076923 0.39302884615384615 0.1971153846153846 0.1466346153846154
0 0.5432692307692307 0.4723557692307692 0.1875 0.30528846153846156
0 0.3629807692307692 0.4579326923076923 0.2644230769230769 0.2764423076923077
0 0.19591346153846154 0.5348557692307693 0.23798076923076922 0.24519230769230768
0 0.08653846153846154 0.5084134615384616 0.17307692307692307 0.22355769230769232
0 0.29927884615384615 0.7247596153846154 0.15625 0.17067307692307693
0 0.18389423076923078 0.7331730769230769 0.22115384615384615 0.2403846153846154
0 0.1201923076923077 0.8257211538461539 0.13221153846153846 0.11298076923076923
0 0.34615384615384615 0.8377403846153846 0.12740384615384615 0.12740384615384615
0 0.27403846153846156 0.8605769230769231 0.11778846153846154 0.11778846153846154
0 0.3173076923076923 0.9519230769230769 0.125 0.09134615384615384
0 0.39783653846153844 0.9447115384615384 0.10817307692307693 0.10576923076923077
0 0.4831730769230769 0.9170673076923077 0.10576923076923077 0.1201923076923077
0 0.43028846153846156 0.984375 0.07211538461538461 0.026442307692307692
0 0.3701923076923077 0.9903846153846154 0.0673076923076923 0.014423076923076924
0 0.9338942307692307 0.9651442307692307 0.0673076923076923 0.0673076923076923
0 0.875 0.8653846153846154 0.04807692307692308 0.04807692307692308
0 0.7247596153846154 0.6899038461538461 0.15625 0.13701923076923078
0 0.671875 0.84375 0.028846153846153848 0.028846153846153848
0 0.7848557692307693 0.9134615384615384 0.02403846153846154 0.019230769230769232
0 0.7536057692307693 0.9002403846153846 0.02403846153846154 0.02403846153846154
0 0.7908653846153846 0.9375 0.026442307692307692 0.021634615384615384
0 0.8293269230769231 0.9591346153846154 0.026442307692307692 0.02403846153846154
0 0.8581730769230769 0.9603365384615384 0.02403846153846154 0.02403846153846154
0 0.8930288461538461 0.9867788461538461 0.019230769230769232 0.019230769230769232