0 0.21394230769230768 0.0673076923076923 0.17307692307692307 0.1346153846153846
0 0.29927884615384615 0.19831730769230768 0.12259615384615384 0.13701923076923078
0 0.4579326923076923 0.23798076923076922 0.06490384615384616 0.08173076923076923
0 0.9447115384615384 0.1502403846153846 0.08173076923076923 0.0889423076923077
0 0.33653846153846156 0.5048076923076923 0.1658653846153846 0.18269230769230768
0 0.4375 0.375 0.12980769230769232 0.052884615384615384
0 0.6129807692307693 0.9627403846153846 0.04807692307692308 0.055288461538461536
0 0.49278846153846156 0.5769230769230769 0.1346153846153846 0.14903846153846154
0 0.5144230769230769 0.7848557692307693 0.09615384615384616 0.0985576923076923
0 0.4519230769230769 0.6694711538461539 0.12740384615384615 0.12740384615384615
0 0.59375 0.7740384615384616 0.06971153846153846 0.06971153846153846
0 0.5805288461538461 0.8990384615384616 0.0625 0.0625
0 0.8966346153846154 0.7692307692307693 0.03365384615384615 0.04326923076923077
0 0.9170673076923077 0.9399038461538461 0.03125 0.03125
0 0.9158653846153846 0.9086538461538461 0.03125 0.036057692307692304
0 0.9278846153846154 0.9086538461538461 0.057692307692307696 0.06009615384615385
0 0.8737980769230769 0.5324519230769231 0.057692307692307696 0.08653846153846154
0 0.8629807692307693 0.6081730769230769 0.052884615384615384 0.0889423076923077
0 0.8894230769230769 0.6490384615384616 0.05048076923076923 0.0673076923076923
0 0.8858173076923077 0.6045673076923077 0.016826923076923076 0.036057692307692304
0 0.9074519230769231 0.5144230769230769 0.15384615384615385 0.25721153846153844
0 0.890625 0.7115384615384616 0.038461538461538464 0.04567307692307692
0 0.9074519230769231 0.6935096153846154 0.03365384615384615 0.052884615384615384
0 0.9134615384615384 0.7512019230769231 0.028846153846153848 0.052884615384615384
0 0.9170673076923077 0.7992788461538461 0.036057692307692304 0.04567307692307692
0 0.9086538461538461 0.8209134615384616 0.038461538461538464 0.052884615384615384
0 0.9038461538461539 0.8653846153846154 0.028846153846153848 0.04326923076923077
0 0.9206730769230769 0.8629807692307693 0.019230769230769232 0.040865384615384616
0 0.9350961538461539 0.9014423076923077 0.04807692307692308 0.05048076923076923