0 0.17427884615384615 0.4639423076923077 0.04567307692307692 0.04567307692307692
0 0.2247596153846154 0.4987980769230769 0.057692307692307696 0.055288461538461536
0 0.038461538461538464 0.25721153846153844 0.07692307692307693 0.08173076923076923
0 0.3798076923076923 0.42788461538461536 0.07451923076923077 0.07932692307692307
0 0.3076923076923077 0.41466346153846156 0.07211538461538461 0.07211538461538461
0 0.23197115384615385 0.5516826923076923 0.03365384615384615 0.03365384615384615
0 0.3798076923076923 0.4807692307692308 0.06009615384615385 0.0625
0 0.27403846153846156 0.5745192307692307 0.036057692307692304 0.038461538461538464
0 0.3762019230769231 0.5240384615384616 0.04807692307692308 0.05048076923076923
0 0.31971153846153844 0.515625 0.06971153846153846 0.06971153846153846
0 0.3317307692307692 0.5444711538461539 0.040865384615384616 0.04326923076923077
0 0.32572115384615385 0.5733173076923077 0.10817307692307693 0.08413461538461539
0 0.31490384615384615 0.46153846153846156 0.07451923076923077 0.07932692307692307
0 0.3762019230769231 0.5637019230769231 0.040865384615384616 0.04326923076923077
0 0.3798076923076923 0.5877403846153846 0.038461538461538464 0.040865384615384616
0 0.9615384615384616 0.45552884615384615 0.04807692307692308 0.05048076923076923
0 0.7319711538461539 0.3401442307692308 0.10336538461538461 0.0889423076923077
0 0.9675480769230769 0.453125 0.06009615384615385 0.18509615384615385
0 0.8425480769230769 0.8737980769230769 0.31009615384615385 0.24759615384615385
0 0.7295673076923077 0.9759615384615384 0.22355769230769232 0.04326923076923077