0 0.21033653846153846 0.20793269230769232 0.23076923076923078 0.3557692307692308
0 0.07451923076923077 0.2512019230769231 0.14903846153846154 0.24278846153846154
0 0.1778846153846154 0.43990384615384615 0.11538461538461539 0.16346153846153846
0 0.30288461538461536 0.1622596153846154 0.07932692307692307 0.11057692307692307
0 0.9639423076923077 0.09375 0.0673076923076923 0.1875
0 0.23677884615384615 0.7451923076923077 0.18269230769230768 0.15865384615384615
0 0.17548076923076922 0.8701923076923077 0.09615384615384616 0.09615384615384616
0 0.3449519230769231 0.8557692307692307 0.0625 0.0625
0 0.41346153846153844 0.9098557692307693 0.0625 0.052884615384615384
0 0.45072115384615385 0.9435096153846154 0.04567307692307692 0.03365384615384615
0 0.5228365384615384 0.9879807692307693 0.03125 0.019230769230769232
0 0.5444711538461539 0.9711538461538461 0.02403846153846154 0.02403846153846154
0 0.5384615384615384 0.9278846153846154 0.028846153846153848 0.02403846153846154
0 0.5985576923076923 0.9771634615384616 0.016826923076923076 0.009615384615384616
0 0.5901442307692307 0.984375 0.016826923076923076 0.014423076923076924