0 0.5576923076923077 0.07572115384615384 0.15384615384615385 0.15144230769230768
0 0.453125 0.08653846153846154 0.3293269230769231 0.17307692307692307
0 0.6862980769230769 0.20673076923076922 0.021634615384615384 0.057692307692307696
0 0.5733173076923077 0.3858173076923077 0.07211538461538461 0.07451923076923077
0 0.6310096153846154 0.23557692307692307 0.08173076923076923 0.08413461538461539
0 0.5252403846153846 0.3786057692307692 0.10336538461538461 0.10336538461538461
0 0.6742788461538461 0.10697115384615384 0.04567307692307692 0.09375
0 0.8930288461538461 0.27283653846153844 0.11057692307692307 0.11778846153846154
0 0.8137019230769231 0.3798076923076923 0.10817307692307693 0.11298076923076923
0 0.7800480769230769 0.45072115384615385 0.10336538461538461 0.05048076923076923
0 0.8112980769230769 0.4495192307692308 0.07932692307692307 0.052884615384615384
0 0.8485576923076923 0.3737980769230769 0.10096153846153846 0.10576923076923077
0 0.2800480769230769 0.7355769230769231 0.10817307692307693 0.11538461538461539
0 0.2932692307692308 0.8966346153846154 0.07692307692307693 0.07692307692307693
0 0.38341346153846156 0.7127403846153846 0.10336538461538461 0.10817307692307693
0 0.5252403846153846 0.6610576923076923 0.07692307692307693 0.07692307692307693
0 0.3762019230769231 0.8918269230769231 0.057692307692307696 0.055288461538461536
0 0.36778846153846156 0.9735576923076923 0.052884615384615384 0.04807692307692308
0 0.48677884615384615 0.5 0.15625 0.04326923076923077
0 0.5745192307692307 0.6117788461538461 0.1778846153846154 0.18990384615384615
0 0.6189903846153846 0.6237980769230769 0.06971153846153846 0.06971153846153846
0 0.40865384615384615 0.9831730769230769 0.04326923076923077 0.028846153846153848
0 0.8846153846153846 0.9170673076923077 0.04567307692307692 0.05048076923076923
0 0.9639423076923077 0.6983173076923077 0.0673076923076923 0.0985576923076923
0 0.9302884615384616 0.7596153846153846 0.08173076923076923 0.09375
0 0.9338942307692307 0.8088942307692307 0.06971153846153846 0.07692307692307693
0 0.9519230769230769 0.7668269230769231 0.03125 0.036057692307692304
0 0.9435096153846154 0.6995192307692307 0.10817307692307693 0.27884615384615385
0 0.90625 0.8641826923076923 0.052884615384615384 0.055288461538461536
0 0.9290865384615384 0.8557692307692307 0.052884615384615384 0.057692307692307696
0 0.9074519230769231 0.9098557692307693 0.04807692307692308 0.055288461538461536
0 0.8870192307692307 0.9543269230769231 0.05048076923076923 0.052884615384615384
0 0.8701923076923077 0.96875 0.055288461538461536 0.06009615384615385
0 0.8449519230769231 0.9891826923076923 0.04567307692307692 0.016826923076923076