0 0.17307692307692307 0.2512019230769231 0.08413461538461539 0.09615384615384616
0 0.17668269230769232 0.16947115384615385 0.06971153846153846 0.09615384615384616
0 0.21634615384615385 0.14783653846153846 0.07932692307692307 0.09615384615384616
0 0.22115384615384615 0.2980769230769231 0.08653846153846154 0.09615384615384616
0 0.23557692307692307 0.24519230769230768 0.052884615384615384 0.057692307692307696
0 0.25600961538461536 0.33653846153846156 0.040865384615384616 0.019230769230769232
0 0.3137019230769231 0.8569711538461539 0.07451923076923077 0.0625
0 0.359375 0.7127403846153846 0.08653846153846154 0.07932692307692307
0 0.3918269230769231 0.7692307692307693 0.05048076923076923 0.055288461538461536
0 0.41586538461538464 0.8137019230769231 0.06009615384615385 0.055288461538461536
0 0.4375 0.8497596153846154 0.038461538461538464 0.038461538461538464