0 0.1346153846153846 0.33774038461538464 0.14903846153846154 0.15384615384615385
0 0.41586538461538464 0.27163461538461536 0.019230769230769232 0.07692307692307693
0 0.40625 0.1935096153846154 0.038461538461538464 0.06490384615384616
0 0.31490384615384615 0.26802884615384615 0.08173076923076923 0.08653846153846154
0 0.09615384615384616 0.21394230769230768 0.19230769230769232 0.23557692307692307
0 0.7415865384615384 0.234375 0.20432692307692307 0.19951923076923078
0 0.8677884615384616 0.3798076923076923 0.10336538461538461 0.10817307692307693
0 0.6370192307692307 0.3858173076923077 0.1875 0.16105769230769232
0 0.7560096153846154 0.4230769230769231 0.11298076923076923 0.08653846153846154
0 0.08774038461538461 0.6057692307692307 0.125 0.1201923076923077
0 0.12379807692307693 0.9302884615384616 0.052884615384615384 0.05048076923076923
0 0.22115384615384615 0.9867788461538461 0.028846153846153848 0.021634615384615384
0 0.15625 0.9735576923076923 0.036057692307692304 0.036057692307692304
0 0.19110576923076922 0.9867788461538461 0.03125 0.021634615384615384