0 0.5216346153846154 0.06129807692307692 0.04807692307692308 0.04567307692307692
0 0.40865384615384615 0.2247596153846154 0.07211538461538461 0.06971153846153846
0 0.46033653846153844 0.32211538461538464 0.10336538461538461 0.028846153846153848
0 0.4963942307692308 0.025240384615384616 0.038461538461538464 0.036057692307692304
0 0.03125 0.625 0.0625 0.09134615384615384
0 0.6923076923076923 0.4807692307692308 0.15384615384615385 0.15625
0 0.4206730769230769 0.4411057692307692 0.0673076923076923 0.06971153846153846
0 0.38221153846153844 0.5516826923076923 0.07932692307692307 0.07932692307692307
0 0.4483173076923077 0.6778846153846154 0.13942307692307693 0.13701923076923078
0 0.4879807692307692 0.5925480769230769 0.11298076923076923 0.11298076923076923
0 0.5372596153846154 0.5168269230769231 0.13221153846153846 0.1346153846153846
0 0.59375 0.8317307692307693 0.21153846153846154 0.20192307692307693
0 0.6911057692307693 0.5757211538461539 0.22115384615384615 0.21875
0 0.3581730769230769 0.7680288461538461 0.10096153846153846 0.10817307692307693
0 0.38461538461538464 0.6033653846153846 0.07451923076923077 0.07451923076923077
0 0.4519230769230769 0.5264423076923077 0.09134615384615384 0.09134615384615384
0 0.33653846153846156 0.5600961538461539 0.057692307692307696 0.07211538461538461
0 0.3137019230769231 0.5721153846153846 0.01201923076923077 0.052884615384615384
0 0.32572115384615385 0.6165865384615384 0.036057692307692304 0.08413461538461539
0 0.6322115384615384 0.7007211538461539 0.21875 0.21153846153846154