0 0.44711538461538464 0.3425480769230769 0.07932692307692307 0.07932692307692307
0 0.5877403846153846 0.4110576923076923 0.03365384615384615 0.03365384615384615
0 0.5552884615384616 0.4423076923076923 0.057692307692307696 0.028846153846153848
0 0.19230769230769232 0.10817307692307693 0.14903846153846154 0.15625
0 0.2283653846153846 0.08173076923076923 0.11538461538461539 0.12740384615384615
0 0.33653846153846156 0.21394230769230768 0.10096153846153846 0.10817307692307693
0 0.3870192307692308 0.21875 0.06971153846153846 0.07211538461538461
0 0.2764423076923077 0.265625 0.16346153846153846 0.17067307692307693
0 0.11177884615384616 0.6838942307692307 0.18269230769230768 0.18269230769230768
0 0.27283653846153844 0.7283653846153846 0.16346153846153846 0.15865384615384615
0 0.4987980769230769 0.859375 0.07932692307692307 0.07692307692307693
0 0.33413461538461536 0.828125 0.16346153846153846 0.15865384615384615
0 0.3942307692307692 0.9338942307692307 0.10576923076923077 0.10576923076923077
0 0.4795673076923077 0.7800480769230769 0.07211538461538461 0.07211538461538461
0 0.5072115384615384 0.7127403846153846 0.057692307692307696 0.057692307692307696
0 0.13942307692307693 0.59375 0.15144230769230768 0.15384615384615385
0 0.06971153846153846 0.5204326923076923 0.13942307692307693 0.12259615384615384
0 0.7752403846153846 0.7956730769230769 0.33413461538461536 0.40384615384615385
0 0.9146634615384616 0.8677884615384616 0.0889423076923077 0.08413461538461539
0 0.6706730769230769 0.6754807692307693 0.125 0.13942307692307693