0 0.33052884615384615 0.42427884615384615 0.13221153846153846 0.08413461538461539
0 0.1045673076923077 0.3173076923076923 0.08173076923076923 0.057692307692307696
0 0.8473557692307693 0.28365384615384615 0.0889423076923077 0.06971153846153846
0 0.71875 0.2956730769230769 0.09375 0.08173076923076923
0 0.6382211538461539 0.3125 0.09375 0.0673076923076923
0 0.6081730769230769 0.27884615384615385 0.09375 0.07692307692307693
0 0.7536057692307693 0.23918269230769232 0.09615384615384616 0.08173076923076923
0 0.6983173076923077 0.23557692307692307 0.057692307692307696 0.05048076923076923
0 0.7944711538461539 0.1935096153846154 0.04326923076923077 0.038461538461538464
0 0.8858173076923077 0.17307692307692307 0.06009615384615385 0.052884615384615384
0 0.8329326923076923 0.17427884615384615 0.052884615384615384 0.038461538461538464
0 0.9387019230769231 0.13822115384615385 0.04567307692307692 0.038461538461538464
0 0.9771634615384616 0.10216346153846154 0.038461538461538464 0.03365384615384615
0 0.03365384615384615 0.5096153846153846 0.026442307692307692 0.026442307692307692
0 0.036057692307692304 0.47716346153846156 0.02403846153846154 0.016826923076923076