0 0.3389423076923077 0.08653846153846154 0.09615384615384616 0.17307692307692307
0 0.35336538461538464 0.1658653846153846 0.0673076923076923 0.1971153846153846
0 0.0625 0.2848557692307692 0.11057692307692307 0.11778846153846154
0 0.01201923076923077 0.3425480769230769 0.02403846153846154 0.055288461538461536
0 0.3293269230769231 0.28966346153846156 0.11538461538461539 0.23317307692307693
0 0.22355769230769232 0.1778846153846154 0.15144230769230768 0.15384615384615385
0 0.4230769230769231 0.18509615384615385 0.0673076923076923 0.09134615384615384
0 0.5120192307692307 0.12620192307692307 0.1346153846153846 0.13942307692307693
0 0.39903846153846156 0.27283653846153844 0.019230769230769232 0.0889423076923077
0 0.4495192307692308 0.14182692307692307 0.09615384615384616 0.0985576923076923
0 0.5120192307692307 0.04326923076923077 0.09615384615384616 0.08653846153846154
0 0.4651442307692308 0.057692307692307696 0.09375 0.0985576923076923
0 0.4230769230769231 0.09375 0.0673076923076923 0.07211538461538461
0 0.41346153846153844 0.1658653846153846 0.04807692307692308 0.10576923076923077
0 0.39903846153846156 0.09975961538461539 0.019230769230769232 0.06971153846153846
0 0.4338942307692308 0.007211538461538462 0.055288461538461536 0.014423076923076924
0 0.47115384615384615 0.016826923076923076 0.057692307692307696 0.03365384615384615
0 0.1141826923076923 0.734375 0.0673076923076923 0.06490384615384616
0 0.04567307692307692 0.59375 0.03365384615384615 0.03365384615384615
0 0.052884615384615384 0.6298076923076923 0.04326923076923077 0.04326923076923077
0 0.027644230769230768 0.546875 0.026442307692307692 0.026442307692307692
0 0.06850961538461539 0.6802884615384616 0.04326923076923077 0.04326923076923077
0 0.07091346153846154 0.5204326923076923 0.028846153846153848 0.026442307692307692
0 0.051682692307692304 0.5012019230769231 0.028846153846153848 0.026442307692307692
0 0.140625 0.8713942307692307 0.22115384615384615 0.20192307692307693
0 0.019230769230769232 0.5216346153846154 0.021634615384615384 0.021634615384615384
0 0.013221153846153846 0.5084134615384616 0.021634615384615384 0.021634615384615384
0 0.025240384615384616 0.53125 0.019230769230769232 0.019230769230769232
0 0.5901442307692307 0.7872596153846154 0.07692307692307693 0.07211538461538461
0 0.5444711538461539 0.7788461538461539 0.06009615384615385 0.057692307692307696
0 0.5192307692307693 0.7752403846153846 0.055288461538461536 0.052884615384615384
0 0.49399038461538464 0.7572115384615384 0.05048076923076923 0.05048076923076923
0 0.4735576923076923 0.7415865384615384 0.026442307692307692 0.028846153846153848
0 0.6213942307692307 0.7235576923076923 0.07211538461538461 0.06971153846153846
0 0.5853365384615384 0.7283653846153846 0.0625 0.06009615384615385
0 0.5564903846153846 0.7295673076923077 0.04326923076923077 0.040865384615384616
0 0.5408653846153846 0.7283653846153846 0.040865384615384616 0.038461538461538464
0 0.5264423076923077 0.7295673076923077 0.038461538461538464 0.038461538461538464
0 0.5084134615384616 0.7211538461538461 0.040865384615384616 0.040865384615384616
0 0.49038461538461536 0.7115384615384616 0.028846153846153848 0.028846153846153848
0 0.4855769230769231 0.6935096153846154 0.02403846153846154 0.02403846153846154
0 0.48197115384615385 0.6826923076923077 0.019230769230769232 0.019230769230769232
0 0.4735576923076923 0.6754807692307693 0.019230769230769232 0.019230769230769232
0 0.6165865384615384 0.6754807692307693 0.06009615384615385 0.06009615384615385