0 0.25721153846153844 0.03485576923076923 0.47596153846153844 0.06971153846153846
0 0.08533653846153846 0.125 0.17067307692307693 0.25
0 0.359375 0.20673076923076922 0.2403846153846154 0.23317307692307693
0 0.23798076923076922 0.2764423076923077 0.1346153846153846 0.1346153846153846
0 0.3870192307692308 0.3581730769230769 0.08653846153846154 0.08653846153846154
0 0.41346153846153844 0.4423076923076923 0.08173076923076923 0.07932692307692307
0 0.4254807692307692 0.49038461538461536 0.057692307692307696 0.052884615384615384
0 0.3737980769230769 0.5324519230769231 0.055288461538461536 0.04567307692307692
0 0.4891826923076923 0.5516826923076923 0.036057692307692304 0.007211538461538462
0 0.5072115384615384 0.5264423076923077 0.038461538461538464 0.036057692307692304
0 0.9627403846153846 0.5264423076923077 0.06971153846153846 0.057692307692307696
0 0.9795673076923077 0.13701923076923078 0.036057692307692304 0.18269230769230768
0 0.5264423076923077 0.8040865384615384 0.04567307692307692 0.04807692307692308
0 0.3016826923076923 0.5889423076923077 0.1466346153846154 0.0625
0 0.4170673076923077 0.8317307692307693 0.06971153846153846 0.0673076923076923
0 0.5997596153846154 0.7860576923076923 0.01201923076923077 0.04807692307692308
0 0.34134615384615385 0.8942307692307693 0.07451923076923077 0.07692307692307693
0 0.5492788461538461 0.8257211538461539 0.040865384615384616 0.040865384615384616