0 0.5024038461538461 0.140625 0.028846153846153848 0.10336538461538461
0 0.19831730769230768 0.1622596153846154 0.39663461538461536 0.3245192307692308
0 0.11057692307692307 0.08173076923076923 0.22115384615384615 0.16346153846153846
0 0.03365384615384615 0.22235576923076922 0.0673076923076923 0.18509615384615385
0 0.26802884615384615 0.19110576923076922 0.1346153846153846 0.125
0 0.4483173076923077 0.1466346153846154 0.06490384615384616 0.0673076923076923
0 0.6382211538461539 0.31490384615384615 0.040865384615384616 0.040865384615384616
0 0.640625 0.11298076923076923 0.07211538461538461 0.07932692307692307
0 0.6394230769230769 0.24879807692307693 0.06009615384615385 0.06490384615384616
0 0.4879807692307692 0.9362980769230769 0.057692307692307696 0.10336538461538461
0 0.46274038461538464 0.9699519230769231 0.0985576923076923 0.055288461538461536
0 0.796875 0.8918269230769231 0.16105769230769232 0.13701923076923078
0 0.8834134615384616 0.8677884615384616 0.14423076923076922 0.12259615384615384