0 0.9350961538461539 0.26322115384615385 0.125 0.1658653846153846
0 0.765625 0.13221153846153846 0.09134615384615384 0.0889423076923077
0 0.8858173076923077 0.056490384615384616 0.06971153846153846 0.06490384615384616
0 0.8918269230769231 0.010817307692307692 0.057692307692307696 0.021634615384615384
0 0.6706730769230769 0.2800480769230769 0.19230769230769232 0.13221153846153846
0 0.3425480769230769 0.8305288461538461 0.14182692307692307 0.16105769230769232
0 0.28846153846153844 0.5733173076923077 0.08173076923076923 0.07451923076923077
0 0.09014423076923077 0.7944711538461539 0.09134615384615384 0.10096153846153846
0 0.04567307692307692 0.6514423076923077 0.07692307692307693 0.08653846153846154
0 0.15504807692307693 0.7079326923076923 0.09375 0.10096153846153846
0 0.7391826923076923 0.43149038461538464 0.04326923076923077 0.04326923076923077
0 0.7836538461538461 0.3713942307692308 0.038461538461538464 0.038461538461538464
0 0.6694711538461539 0.5673076923076923 0.09375 0.09375
0 0.6754807692307693 0.46634615384615385 0.06490384615384616 0.0673076923076923
0 0.8245192307692307 0.3629807692307692 0.07692307692307693 0.028846153846153848