0 0.07692307692307693 0.46875 0.07932692307692307 0.10817307692307693
0 0.021634615384615384 0.4170673076923077 0.04326923076923077 0.06971153846153846
0 0.027644230769230768 0.3737980769230769 0.055288461538461536 0.07932692307692307
0 0.009615384615384616 0.29927884615384615 0.019230769230769232 0.06971153846153846
0 0.1502403846153846 0.5913461538461539 0.14182692307692307 0.09134615384615384
0 0.171875 0.5384615384615384 0.1346153846153846 0.17067307692307693
0 0.08533653846153846 0.5673076923076923 0.06009615384615385 0.08653846153846154
0 0.042067307692307696 0.49158653846153844 0.08173076923076923 0.0985576923076923
0 0.7139423076923077 0.07692307692307693 0.11057692307692307 0.13221153846153846
0 0.8629807692307693 0.19230769230769232 0.055288461538461536 0.057692307692307696
0 0.8233173076923077 0.28966346153846156 0.04326923076923077 0.055288461538461536
0 0.7896634615384616 0.47475961538461536 0.052884615384615384 0.057692307692307696
0 0.9675480769230769 0.3954326923076923 0.06009615384615385 0.07932692307692307
0 0.6430288461538461 0.13822115384615385 0.021634615384615384 0.026442307692307692
0 0.9206730769230769 0.4026442307692308 0.05048076923076923 0.07211538461538461
0 0.5853365384615384 0.007211538461538462 0.021634615384615384 0.014423076923076924
0 0.6346153846153846 0.1045673076923077 0.021634615384615384 0.021634615384615384
0 0.6153846153846154 0.10697115384615384 0.019230769230769232 0.021634615384615384