0 0.028846153846153848 0.5516826923076923 0.057692307692307696 0.0889423076923077
0 0.26322115384615385 0.4423076923076923 0.0673076923076923 0.07932692307692307
0 0.2091346153846154 0.3233173076923077 0.08413461538461539 0.10817307692307693
0 0.24639423076923078 0.375 0.0673076923076923 0.08653846153846154
0 0.23798076923076922 0.27524038461538464 0.09134615384615384 0.10576923076923077
0 0.2548076923076923 0.17668269230769232 0.08653846153846154 0.11778846153846154
0 0.31850961538461536 0.5649038461538461 0.08413461538461539 0.0625
0 0.7115384615384616 0.05889423076923077 0.1346153846153846 0.11057692307692307
0 0.7752403846153846 0.2644230769230769 0.0673076923076923 0.06009615384615385
0 0.7884615384615384 0.1346153846153846 0.08653846153846154 0.07451923076923077
0 0.9891826923076923 0.31490384615384615 0.016826923076923076 0.028846153846153848
0 0.890625 0.21514423076923078 0.09375 0.08653846153846154
0 0.9603365384615384 0.28125 0.03365384615384615 0.03365384615384615
0 0.06009615384615385 0.7355769230769231 0.1201923076923077 0.27403846153846156
0 0.13581730769230768 0.9447115384615384 0.21394230769230768 0.10576923076923077
0 0.054086538461538464 0.7235576923076923 0.10817307692307693 0.25
0 0.9170673076923077 0.9411057692307693 0.07692307692307693 0.08413461538461539