0 0.4831730769230769 0.4206730769230769 0.08653846153846154 0.07211538461538461
0 0.33413461538461536 0.42908653846153844 0.2692307692307692 0.055288461538461536
0 0.29927884615384615 0.27403846153846156 0.21153846153846154 0.21634615384615385
0 0.4098557692307692 0.33413461538461536 0.21394230769230768 0.21875
0 0.4483173076923077 0.25240384615384615 0.15625 0.1778846153846154
0 0.1814903846153846 0.16826923076923078 0.23076923076923078 0.2283653846153846
0 0.2704326923076923 0.08413461538461539 0.16105769230769232 0.16346153846153846
0 0.35216346153846156 0.12740384615384615 0.16346153846153846 0.1658653846153846
0 0.38822115384615385 0.055288461538461536 0.10817307692307693 0.11057692307692307
0 0.3233173076923077 0.03485576923076923 0.12259615384615384 0.06971153846153846
0 0.16947115384615385 0.042067307692307696 0.2764423076923077 0.08413461538461539
0 0.19110576923076922 0.3713942307692308 0.31009615384615385 0.17067307692307693
0 0.39663461538461536 0.4891826923076923 0.04326923076923077 0.04326923076923077
0 0.2512019230769231 0.5024038461538461 0.16105769230769232 0.08653846153846154
0 0.35096153846153844 0.5036057692307693 0.12980769230769232 0.0889423076923077
0 0.4326923076923077 0.5072115384615384 0.125 0.09615384615384616
0 0.49278846153846156 0.6995192307692307 0.0673076923076923 0.125
0 0.8762019230769231 0.8665865384615384 0.06009615384615385 0.06009615384615385
0 0.6262019230769231 0.8233173076923077 0.10336538461538461 0.10576923076923077
0 0.9855769230769231 0.8882211538461539 0.02403846153846154 0.04567307692307692
0 0.9903846153846154 0.8701923076923077 0.014423076923076924 0.04326923076923077