0 0.20552884615384615 0.03125 0.0985576923076923 0.0625
0 0.3894230769230769 0.0829326923076923 0.21153846153846154 0.1658653846153846
0 0.3125 0.004807692307692308 0.10096153846153846 0.009615384615384616
0 0.23557692307692307 0.28125 0.1466346153846154 0.1778846153846154
0 0.19591346153846154 0.16105769230769232 0.15625 0.17307692307692307
0 0.10576923076923077 0.18990384615384615 0.11538461538461539 0.1466346153846154
0 0.25 0.4387019230769231 0.1778846153846154 0.17067307692307693
0 0.12740384615384615 0.43990384615384615 0.11538461538461539 0.13221153846153846
0 0.09735576923076923 0.35216346153846156 0.11778846153846154 0.13221153846153846
0 0.027644230769230768 0.38100961538461536 0.055288461538461536 0.10336538461538461
0 0.040865384615384616 0.46033653846153844 0.08173076923076923 0.0985576923076923
0 0.05048076923076923 0.5264423076923077 0.07211538461538461 0.038461538461538464
0 0.4206730769230769 0.23317307692307693 0.21153846153846154 0.24519230769230768
0 0.703125 0.5084134615384616 0.07692307692307693 0.07211538461538461
0 0.5721153846153846 0.5396634615384616 0.038461538461538464 0.01201923076923077
0 0.6394230769230769 0.37740384615384615 0.055288461538461536 0.08413461538461539
0 0.6875 0.17307692307692307 0.06009615384615385 0.0985576923076923
0 0.5685096153846154 0.8377403846153846 0.07932692307692307 0.14182692307692307