0 0.3112980769230769 0.18629807692307693 0.0889423076923077 0.16105769230769232
0 0.34615384615384615 0.1310096153846154 0.019230769230769232 0.09375
0 0.25240384615384615 0.021634615384615384 0.07692307692307693 0.04326923076923077
0 0.4206730769230769 0.08173076923076923 0.125 0.16346153846153846
0 0.5564903846153846 0.030048076923076924 0.052884615384615384 0.052884615384615384
0 0.49399038461538464 0.020432692307692308 0.04567307692307692 0.040865384615384616
0 0.5961538461538461 0.32572115384615385 0.47596153846153844 0.4014423076923077
0 0.578125 0.4987980769230769 0.18028846153846154 0.055288461538461536
0 0.38341346153846156 0.18389423076923078 0.05048076923076923 0.10336538461538461
0 0.38341346153846156 0.009615384615384616 0.05048076923076923 0.019230769230769232
0 0.4519230769230769 0.028846153846153848 0.12980769230769232 0.057692307692307696
0 0.12139423076923077 0.9182692307692307 0.24278846153846154 0.15865384615384615
0 0.0733173076923077 0.5709134615384616 0.1466346153846154 0.08413461538461539
0 0.06370192307692307 0.6730769230769231 0.12740384615384615 0.24519230769230768
0 0.18269230769230768 0.8377403846153846 0.27403846153846156 0.27163461538461536
0 0.21634615384615385 0.5805288461538461 0.1201923076923077 0.10336538461538461
0 0.2776442307692308 0.796875 0.15625 0.18509615384615385
0 0.2091346153846154 0.6334134615384616 0.23076923076923078 0.2091346153846154
0 0.5084134615384616 0.9795673076923077 0.1466346153846154 0.036057692307692304
0 0.4110576923076923 0.9591346153846154 0.10576923076923077 0.07692307692307693
0 0.3942307692307692 0.8016826923076923 0.07211538461538461 0.10817307692307693
0 0.41225961538461536 0.7367788461538461 0.07692307692307693 0.07932692307692307
0 0.5120192307692307 0.6045673076923077 0.038461538461538464 0.040865384615384616
0 0.5456730769230769 0.5637019230769231 0.026442307692307692 0.026442307692307692
0 0.5612980769230769 0.5360576923076923 0.026442307692307692 0.014423076923076924
0 0.5264423076923077 0.5769230769230769 0.026442307692307692 0.026442307692307692
0 0.515625 0.7415865384615384 0.17307692307692307 0.18509615384615385