0 0.26802884615384615 0.5024038461538461 0.036057692307692304 0.038461538461538464
0 0.4230769230769231 0.5600961538461539 0.052884615384615384 0.055288461538461536
0 0.22115384615384615 0.47475961538461536 0.019230769230769232 0.019230769230769232
0 0.5192307692307693 0.1346153846153846 0.052884615384615384 0.22596153846153846
0 0.15985576923076922 0.43149038461538464 0.026442307692307692 0.026442307692307692
0 0.9411057692307693 0.5276442307692307 0.11298076923076923 0.11778846153846154
0 0.7439903846153846 0.5504807692307693 0.19951923076923078 0.07211538461538461
0 0.625 0.47836538461538464 0.15384615384615385 0.17307692307692307
0 0.008413461538461538 0.6129807692307693 0.016826923076923076 0.03365384615384615
0 0.01201923076923077 0.6478365384615384 0.02403846153846154 0.040865384615384616
0 0.016826923076923076 0.6742788461538461 0.03365384615384615 0.036057692307692304
0 0.008413461538461538 0.6730769230769231 0.016826923076923076 0.028846153846153848
0 0.003605769230769231 0.6995192307692307 0.007211538461538462 0.028846153846153848
0 0.020432692307692308 0.6959134615384616 0.028846153846153848 0.028846153846153848
0 0.03245192307692308 0.7235576923076923 0.026442307692307692 0.026442307692307692
0 0.018028846153846152 0.7139423076923077 0.026442307692307692 0.026442307692307692
0 0.039663461538461536 0.7451923076923077 0.026442307692307692 0.026442307692307692
0 0.009615384615384616 0.7163461538461539 0.019230769230769232 0.028846153846153848
0 0.016826923076923076 0.7379807692307693 0.026442307692307692 0.026442307692307692
0 0.109375 0.8509615384615384 0.026442307692307692 0.026442307692307692
0 0.12259615384615384 0.8918269230769231 0.052884615384615384 0.052884615384615384
0 0.04927884615384615 0.7728365384615384 0.021634615384615384 0.021634615384615384
0 0.036057692307692304 0.8125 0.055288461538461536 0.055288461538461536
0 0.06129807692307692 0.8149038461538461 0.02403846153846154 0.02403846153846154
0 0.055288461538461536 0.7992788461538461 0.02403846153846154 0.02403846153846154
0 0.13341346153846154 0.9447115384615384 0.014423076923076924 0.014423076923076924
0 0.12139423076923077 0.9290865384615384 0.014423076923076924 0.014423076923076924
0 0.15264423076923078 0.9675480769230769 0.014423076923076924 0.014423076923076924
0 0.1346153846153846 0.9627403846153846 0.014423076923076924 0.014423076923076924
0 0.796875 0.7548076923076923 0.11057692307692307 0.11538461538461539
0 0.6370192307692307 0.7235576923076923 0.07932692307692307 0.07692307692307693
0 0.7896634615384616 0.8605769230769231 0.10576923076923077 0.10817307692307693
0 0.7992788461538461 0.984375 0.07932692307692307 0.026442307692307692
0 0.6201923076923077 0.8040865384615384 0.057692307692307696 0.057692307692307696
0 0.5576923076923077 0.7716346153846154 0.019230769230769232 0.052884615384615384