0 0.37740384615384615 0.1466346153846154 0.1778846153846154 0.20192307692307693
0 0.4831730769230769 0.20432692307692307 0.028846153846153848 0.057692307692307696
0 0.7896634615384616 0.4651442307692308 0.06971153846153846 0.05048076923076923
0 0.671875 0.47836538461538464 0.06009615384615385 0.052884615384615384
0 0.7151442307692307 0.4519230769230769 0.055288461538461536 0.04326923076923077
0 0.8653846153846154 0.48677884615384615 0.06009615384615385 0.052884615384615384
0 0.9038461538461539 0.46033653846153844 0.07451923076923077 0.057692307692307696
0 0.8221153846153846 0.5072115384615384 0.10336538461538461 0.08173076923076923
0 0.6514423076923077 0.43990384615384615 0.052884615384615384 0.04326923076923077
0 0.6045673076923077 0.44711538461538464 0.052884615384615384 0.04326923076923077
0 0.609375 0.4254807692307692 0.05048076923076923 0.014423076923076924
0 0.5252403846153846 0.4338942307692308 0.040865384615384616 0.03125
0 0.5492788461538461 0.4230769230769231 0.036057692307692304 0.009615384615384616
0 0.5 0.4266826923076923 0.03365384615384615 0.016826923076923076
0 0.47836538461538464 0.421875 0.019230769230769232 0.007211538461538462
0 0.9543269230769231 0.5096153846153846 0.08653846153846154 0.10096153846153846