0 0.4735576923076923 0.4098557692307692 0.0673076923076923 0.10817307692307693
0 0.09134615384615384 0.2932692307692308 0.0673076923076923 0.057692307692307696
0 0.23918269230769232 0.24158653846153846 0.0625 0.052884615384615384
0 0.203125 0.31490384615384615 0.04807692307692308 0.05048076923076923
0 0.33052884615384615 0.3329326923076923 0.08653846153846154 0.04807692307692308
0 0.4375 0.5024038461538461 0.13942307692307693 0.10576923076923077
0 0.6526442307692307 0.19471153846153846 0.10336538461538461 0.10576923076923077
0 0.5360576923076923 0.23798076923076922 0.052884615384615384 0.10576923076923077
0 0.6694711538461539 0.09495192307692307 0.07451923076923077 0.06971153846153846
0 0.96875 0.22355769230769232 0.057692307692307696 0.09134615384615384
0 0.7788461538461539 0.04326923076923077 0.07692307692307693 0.08653846153846154
0 0.1622596153846154 0.9579326923076923 0.18509615384615385 0.07932692307692307
0 0.17908653846153846 0.8461538461538461 0.10817307692307693 0.08413461538461539
0 0.008413461538461538 0.78125 0.016826923076923076 0.052884615384615384
0 0.0673076923076923 0.8052884615384616 0.07211538461538461 0.06009615384615385
0 0.38221153846153844 0.9326923076923077 0.052884615384615384 0.03365384615384615
0 0.10817307692307693 0.8149038461538461 0.014423076923076924 0.021634615384615384
0 0.6850961538461539 0.9110576923076923 0.026442307692307692 0.03365384615384615
0 0.8125 0.9831730769230769 0.03365384615384615 0.028846153846153848
0 0.8978365384615384 0.9831730769230769 0.04567307692307692 0.028846153846153848
0 0.8677884615384616 0.9074519230769231 0.02403846153846154 0.021634615384615384
0 0.7980769230769231 0.8713942307692307 0.055288461538461536 0.05048076923076923
0 0.6983173076923077 0.8713942307692307 0.016826923076923076 0.019230769230769232
0 0.7379807692307693 0.875 0.014423076923076924 0.014423076923076924
0 0.6634615384615384 0.8353365384615384 0.026442307692307692 0.03125
0 0.8221153846153846 0.9507211538461539 0.028846153846153848 0.026442307692307692
0 0.6502403846153846 0.9314903846153846 0.021634615384615384 0.014423076923076924
0 0.6514423076923077 0.9122596153846154 0.021634615384615384 0.016826923076923076
0 0.6574519230769231 0.8533653846153846 0.01201923076923077 0.01201923076923077
0 0.6346153846153846 0.8413461538461539 0.009615384615384616 0.009615384615384616
0 0.6117788461538461 0.8425480769230769 0.01201923076923077 0.007211538461538462
0 0.6105769230769231 0.8317307692307693 0.021634615384615384 0.021634615384615384
0 0.59375 0.8389423076923077 0.007211538461538462 0.004807692307692308
0 0.5829326923076923 0.8942307692307693 0.016826923076923076 0.019230769230769232
0 0.5949519230769231 0.8798076923076923 0.01201923076923077 0.01201923076923077
0 0.5552884615384616 0.8810096153846154 0.009615384615384616 0.009615384615384616
0 0.5661057692307693 0.8665865384615384 0.009615384615384616 0.009615384615384616
0 0.5757211538461539 0.8581730769230769 0.009615384615384616 0.009615384615384616
0 0.5552884615384616 0.8509615384615384 0.009615384615384616 0.004807692307692308
0 0.53125 0.8689903846153846 0.009615384615384616 0.009615384615384616
0 0.5853365384615384 0.8257211538461539 0.004807692307692308 0.009615384615384616
0 0.5625 0.8341346153846154 0.004807692307692308 0.004807692307692308
0 0.5649038461538461 0.8257211538461539 0.007211538461538462 0.009615384615384616
0 0.7668269230769231 0.8629807692307693 0.021634615384615384 0.021634615384615384