0 0.109375 0.4879807692307692 0.11057692307692307 0.12259615384615384
0 0.24879807692307693 0.6358173076923077 0.14903846153846154 0.18269230769230768
0 0.040865384615384616 0.39903846153846156 0.08173076923076923 0.10096153846153846
0 0.014423076923076924 0.3317307692307692 0.028846153846153848 0.07211538461538461
0 0.11899038461538461 0.5540865384615384 0.09134615384615384 0.10576923076923077
0 0.040865384615384616 0.453125 0.0673076923076923 0.06971153846153846
0 0.20673076923076922 0.6850961538461539 0.12740384615384615 0.15144230769230768
0 0.36658653846153844 0.7451923076923077 0.16105769230769232 0.08173076923076923
0 0.29927884615384615 0.7620192307692307 0.08413461538461539 0.04807692307692308
0 0.009615384615384616 0.3918269230769231 0.019230769230769232 0.08173076923076923
0 0.5997596153846154 0.6971153846153846 0.06490384615384616 0.07932692307692307
0 0.5528846153846154 0.6935096153846154 0.028846153846153848 0.06971153846153846
0 0.5829326923076923 0.75 0.06490384615384616 0.07211538461538461
0 0.6466346153846154 0.7475961538461539 0.08173076923076923 0.07692307692307693
0 0.5540865384615384 0.7247596153846154 0.03125 0.055288461538461536
0 0.5108173076923077 0.8882211538461539 0.05048076923076923 0.17067307692307693
0 0.5612980769230769 0.8629807692307693 0.04567307692307692 0.14903846153846154
0 0.6442307692307693 0.8353365384615384 0.21153846153846154 0.09375
0 0.59375 0.9519230769230769 0.11057692307692307 0.09134615384615384