0 0.34615384615384615 0.3233173076923077 0.08173076923076923 0.1658653846153846
0 0.30528846153846156 0.27163461538461536 0.16346153846153846 0.20673076923076922
0 0.11778846153846154 0.25961538461538464 0.23557692307692307 0.27884615384615385
0 0.7872596153846154 0.3942307692307692 0.13221153846153846 0.10817307692307693
0 0.84375 0.2932692307692308 0.12980769230769232 0.10096153846153846
0 0.9507211538461539 0.31971153846153844 0.09375 0.08653846153846154
0 0.13701923076923078 0.9074519230769231 0.25961538461538464 0.18028846153846154
0 0.2548076923076923 0.5540865384615384 0.20673076923076922 0.18990384615384615
0 0.3473557692307692 0.796875 0.07932692307692307 0.11778846153846154
0 0.3449519230769231 0.9471153846153846 0.08413461538461539 0.10096153846153846
0 0.37259615384615385 0.7764423076923077 0.028846153846153848 0.10096153846153846
0 0.37740384615384615 0.8449519230769231 0.019230769230769232 0.04567307692307692
0 0.9747596153846154 0.6935096153846154 0.04567307692307692 0.11778846153846154
0 0.8810096153846154 0.953125 0.14182692307692307 0.0889423076923077
0 0.6887019230769231 0.9471153846153846 0.3245192307692308 0.10096153846153846
0 0.875 0.8810096153846154 0.13701923076923078 0.14423076923076922
0 0.9651442307692307 0.8786057692307693 0.06490384615384616 0.11298076923076923
0 0.9663461538461539 0.7956730769230769 0.0625 0.11538461538461539
0 0.8545673076923077 0.7824519230769231 0.1658653846153846 0.16105769230769232
0 0.5961538461538461 0.8882211538461539 0.28365384615384615 0.21875