0 0.5048076923076923 0.12139423076923077 0.16346153846153846 0.2283653846153846
0 0.3317307692307692 0.2536057692307692 0.15384615384615385 0.17067307692307693
0 0.46875 0.35697115384615385 0.12980769230769232 0.1346153846153846
0 0.5492788461538461 0.2091346153846154 0.07451923076923077 0.20192307692307693
0 0.41346153846153844 0.29447115384615385 0.14423076923076922 0.1466346153846154
0 0.34134615384615385 0.40384615384615385 0.10576923076923077 0.10336538461538461
0 0.2247596153846154 0.45072115384615385 0.06971153846153846 0.0673076923076923
0 0.19230769230769232 0.4110576923076923 0.09134615384615384 0.10336538461538461
0 0.2920673076923077 0.36177884615384615 0.10576923076923077 0.11057692307692307
0 0.12259615384615384 0.44350961538461536 0.0673076923076923 0.07211538461538461
0 0.3293269230769231 0.07211538461538461 0.41346153846153844 0.14423076923076922
0 0.5721153846153846 0.29447115384615385 0.028846153846153848 0.15625
0 0.06971153846153846 0.4170673076923077 0.10817307692307693 0.11538461538461539
0 0.0673076923076923 0.46875 0.052884615384615384 0.052884615384615384
0 0.03245192307692308 0.4891826923076923 0.04807692307692308 0.052884615384615384
0 0.01201923076923077 0.5024038461538461 0.02403846153846154 0.038461538461538464
0 0.09014423076923077 0.5 0.055288461538461536 0.06009615384615385
0 0.06129807692307692 0.5180288461538461 0.038461538461538464 0.040865384615384616
0 0.039663461538461536 0.5264423076923077 0.028846153846153848 0.028846153846153848
0 0.02283653846153846 0.53125 0.028846153846153848 0.028846153846153848
0 0.01201923076923077 0.5420673076923077 0.02403846153846154 0.036057692307692304
0 0.003605769230769231 0.5516826923076923 0.007211538461538462 0.03125
0 0.15384615384615385 0.4831730769230769 0.06971153846153846 0.06490384615384616