0 0.5588942307692307 0.19591346153846154 0.07451923076923077 0.06971153846153846
0 0.6165865384615384 0.1201923076923077 0.06009615384615385 0.052884615384615384
0 0.5444711538461539 0.10817307692307693 0.06490384615384616 0.055288461538461536
0 0.6153846153846154 0.04807692307692308 0.038461538461538464 0.038461538461538464
0 0.5769230769230769 0.07932692307692307 0.055288461538461536 0.04326923076923077
0 0.9783653846153846 0.23798076923076922 0.038461538461538464 0.10096153846153846
0 0.7475961538461539 0.5480769230769231 0.07692307692307693 0.27884615384615385
0 0.7992788461538461 0.6322115384615384 0.18028846153846154 0.11057692307692307
0 0.4831730769230769 0.7235576923076923 0.057692307692307696 0.0673076923076923
0 0.6466346153846154 0.9375 0.038461538461538464 0.04326923076923077
0 0.9615384615384616 0.9651442307692307 0.04567307692307692 0.05048076923076923
0 0.8076923076923077 0.8918269230769231 0.06971153846153846 0.0625
0 0.84375 0.9555288461538461 0.0625 0.0625
0 0.9903846153846154 0.9266826923076923 0.014423076923076924 0.03125
0 0.8485576923076923 0.8569711538461539 0.055288461538461536 0.05048076923076923
0 0.9831730769230769 0.8786057692307693 0.028846153846153848 0.03125
0 0.8834134615384616 0.8317307692307693 0.04326923076923077 0.040865384615384616
0 0.9122596153846154 0.8810096153846154 0.0625 0.06009615384615385
0 0.9278846153846154 0.8533653846153846 0.038461538461538464 0.03365384615384615
0 0.9555288461538461 0.8305288461538461 0.08413461538461539 0.0889423076923077
0 0.875 0.9206730769230769 0.06971153846153846 0.0625
0 0.9146634615384616 0.8076923076923077 0.038461538461538464 0.03365384615384615
0 0.9302884615384616 0.7884615384615384 0.036057692307692304 0.03125