0 0.3125 0.03245192307692308 0.0673076923076923 0.06490384615384616
0 0.2920673076923077 0.3269230769230769 0.19471153846153846 0.1875
0 0.9302884615384616 0.33533653846153844 0.1346153846153846 0.19471153846153846
0 0.890625 0.016826923076923076 0.09375 0.03365384615384615
0 0.9603365384615384 0.2127403846153846 0.07451923076923077 0.15144230769230768
0 0.8858173076923077 0.12740384615384615 0.13942307692307693 0.13701923076923078
0 0.9290865384615384 0.056490384615384616 0.10817307692307693 0.10576923076923077
0 0.8341346153846154 0.020432692307692308 0.11538461538461539 0.040865384615384616
0 0.7295673076923077 0.6598557692307693 0.04326923076923077 0.04326923076923077
0 0.6346153846153846 0.6670673076923077 0.052884615384615384 0.16105769230769232
0 0.6814903846153846 0.6610576923076923 0.12980769230769232 0.12980769230769232
0 0.7644230769230769 0.6574519230769231 0.1201923076923077 0.12259615384615384
0 0.8930288461538461 0.8413461538461539 0.125 0.12740384615384615
0 0.9350961538461539 0.6586538461538461 0.06490384615384616 0.0673076923076923
0 0.9675480769230769 0.6598557692307693 0.04807692307692308 0.04807692307692308
0 0.984375 0.6670673076923077 0.026442307692307692 0.05048076923076923