0 0.1502403846153846 0.3473557692307692 0.22115384615384615 0.1778846153846154
0 0.2776442307692308 0.3016826923076923 0.07932692307692307 0.1466346153846154
0 0.8629807692307693 0.06009615384615385 0.13942307692307693 0.1201923076923077
0 0.8798076923076923 0.15865384615384615 0.08413461538461539 0.10817307692307693
0 0.7463942307692307 0.38221153846153844 0.10096153846153846 0.12259615384615384
0 0.7764423076923077 0.5360576923076923 0.0625 0.06971153846153846
0 0.7536057692307693 0.6286057692307693 0.040865384615384616 0.036057692307692304
0 0.8137019230769231 0.6069711538461539 0.040865384615384616 0.04326923076923077
0 0.05889423076923077 0.8377403846153846 0.11778846153846154 0.31971153846153844
0 0.039663461538461536 0.9266826923076923 0.07932692307692307 0.14182692307692307
0 0.13341346153846154 0.8954326923076923 0.1346153846153846 0.125
0 0.14423076923076922 0.7896634615384616 0.1201923076923077 0.11298076923076923
0 0.2439903846153846 0.6887019230769231 0.10336538461538461 0.021634615384615384
0 0.2283653846153846 0.8377403846153846 0.08653846153846154 0.08653846153846154
0 0.28125 0.9002403846153846 0.07211538461538461 0.10817307692307693
0 0.28725961538461536 0.8149038461538461 0.06009615384615385 0.08173076923076923
0 0.29086538461538464 0.7487980769230769 0.052884615384615384 0.06971153846153846
0 0.5288461538461539 0.7103365384615384 0.125 0.06490384615384616
0 0.5228365384615384 0.984375 0.07451923076923077 0.026442307692307692