0 0.14302884615384615 0.09014423076923077 0.057692307692307696 0.055288461538461536
0 0.17548076923076922 0.03485576923076923 0.055288461538461536 0.055288461538461536
0 0.10096153846153846 0.04326923076923077 0.11538461538461539 0.08653846153846154
0 0.20432692307692307 0.09735576923076923 0.08173076923076923 0.07692307692307693
0 0.24879807692307693 0.03485576923076923 0.08413461538461539 0.06971153846153846
0 0.10096153846153846 0.08413461538461539 0.038461538461538464 0.038461538461538464
0 0.07211538461538461 0.07451923076923077 0.03125 0.028846153846153848
0 0.05889423076923077 0.07211538461538461 0.02403846153846154 0.02403846153846154
0 0.039663461538461536 0.06971153846153846 0.021634615384615384 0.021634615384615384
0 0.5420673076923077 0.3473557692307692 0.04567307692307692 0.13701923076923078
0 0.5564903846153846 0.265625 0.07451923076923077 0.11778846153846154
0 0.7379807692307693 0.390625 0.2980769230769231 0.09375
0 0.7151442307692307 0.33413461538461536 0.22355769230769232 0.20673076923076922
0 0.9110576923076923 0.17668269230769232 0.17307692307692307 0.29086538461538464
0 0.359375 0.4723557692307692 0.10817307692307693 0.06490384615384616
0 0.3401442307692308 0.6237980769230769 0.15384615384615385 0.15384615384615385
0 0.34975961538461536 0.8737980769230769 0.22115384615384615 0.22355769230769232
0 0.25240384615384615 0.9170673076923077 0.22596153846153846 0.16105769230769232
0 0.28365384615384615 0.5348557692307693 0.12259615384615384 0.125
0 0.40865384615384615 0.9122596153846154 0.21634615384615385 0.17067307692307693
0 0.2956730769230769 0.4579326923076923 0.09615384615384616 0.036057692307692304
0 0.5600961538461539 0.8930288461538461 0.08173076923076923 0.10336538461538461
0 0.6899038461538461 0.6814903846153846 0.09134615384615384 0.09375
0 0.7007211538461539 0.5348557692307693 0.06009615384615385 0.0625
0 0.6310096153846154 0.6887019230769231 0.07451923076923077 0.07451923076923077
0 0.7427884615384616 0.4639423076923077 0.04567307692307692 0.04807692307692308
0 0.6610576923076923 0.7752403846153846 0.1201923076923077 0.12259615384615384
0 0.625 0.7716346153846154 0.08173076923076923 0.08653846153846154
0 0.6021634615384616 0.7764423076923077 0.08653846153846154 0.09134615384615384
0 0.6634615384615384 0.6298076923076923 0.12740384615384615 0.13701923076923078
0 0.6754807692307693 0.546875 0.04326923076923077 0.04326923076923077
0 0.7175480769230769 0.47596153846153844 0.04807692307692308 0.05048076923076923