0 0.6069711538461539 0.16105769230769232 0.03125 0.04326923076923077
0 0.6286057692307693 0.3317307692307692 0.03125 0.03125
0 0.6286057692307693 0.3004807692307692 0.03125 0.036057692307692304
0 0.6286057692307693 0.3004807692307692 0.036057692307692304 0.0625
0 0.28725961538461536 0.20072115384615385 0.21394230769230768 0.31971153846153844
0 0.5697115384615384 0.02283653846153846 0.052884615384615384 0.04567307692307692
0 0.5961538461538461 0.040865384615384616 0.04807692307692308 0.06490384615384616
0 0.59375 0.007211538461538462 0.019230769230769232 0.014423076923076924
0 0.5997596153846154 0.10336538461538461 0.038461538461538464 0.04567307692307692
0 0.6153846153846154 0.08533653846153846 0.03365384615384615 0.052884615384615384
0 0.6225961538461539 0.14302884615384615 0.028846153846153848 0.052884615384615384
0 0.6274038461538461 0.19110576923076922 0.036057692307692304 0.04567307692307692
0 0.6189903846153846 0.2127403846153846 0.038461538461538464 0.052884615384615384
0 0.6153846153846154 0.25721153846153844 0.026442307692307692 0.04326923076923077
0 0.6322115384615384 0.2548076923076923 0.016826923076923076 0.038461538461538464
0 0.6346153846153846 0.2920673076923077 0.02403846153846154 0.05048076923076923
0 0.6334134615384616 0.9074519230769231 0.02403846153846154 0.04567307692307692
0 0.6322115384615384 0.9759615384615384 0.028846153846153848 0.04326923076923077
0 0.5865384615384616 0.7524038461538461 0.052884615384615384 0.08413461538461539
0 0.5432692307692307 0.7211538461538461 0.06490384615384616 0.08653846153846154
0 0.5336538461538461 0.8088942307692307 0.06490384615384616 0.07692307692307693
0 0.6141826923076923 0.8521634615384616 0.036057692307692304 0.06490384615384616
0 0.5997596153846154 0.8954326923076923 0.04807692307692308 0.06490384615384616
0 0.5769230769230769 0.8257211538461539 0.05048076923076923 0.07451923076923077
0 0.5564903846153846 0.6490384615384616 0.06490384615384616 0.09134615384615384
0 0.8497596153846154 0.5829326923076923 0.2956730769230769 0.31009615384615385
0 0.7331730769230769 0.5096153846153846 0.16826923076923078 0.16346153846153846
0 0.8617788461538461 0.7163461538461539 0.13701923076923078 0.13942307692307693
0 0.7067307692307693 0.6358173076923077 0.11538461538461539 0.19951923076923078
0 0.7932692307692307 0.7992788461538461 0.14182692307692307 0.14423076923076922
0 0.8798076923076923 0.9158653846153846 0.10576923076923077 0.11298076923076923
0 0.9399038461538461 0.8617788461538461 0.11538461538461539 0.11778846153846154
0 0.9519230769230769 0.9867788461538461 0.09134615384615384 0.021634615384615384
0 0.9855769230769231 0.9663461538461539 0.02403846153846154 0.0625