0 0.07451923076923077 0.3701923076923077 0.14903846153846154 0.15865384615384615
0 0.4266826923076923 0.4375 0.10336538461538461 0.038461538461538464
0 0.3233173076923077 0.44350961538461536 0.06009615384615385 0.026442307692307692
0 0.3713942307692308 0.4182692307692308 0.08413461538461539 0.07692307692307693
0 0.2403846153846154 0.7848557692307693 0.03365384615384615 0.03125
0 0.23677884615384615 0.6658653846153846 0.040865384615384616 0.0625
0 0.2091346153846154 0.7584134615384616 0.019230769230769232 0.016826923076923076
0 0.22596153846153846 0.7223557692307693 0.014423076923076924 0.014423076923076924
0 0.16466346153846154 0.7788461538461539 0.03365384615384615 0.028846153846153848
0 0.25 0.8245192307692307 0.016826923076923076 0.021634615384615384
0 0.23197115384615385 0.8161057692307693 0.019230769230769232 0.021634615384615384
0 0.17908653846153846 0.7908653846153846 0.014423076923076924 0.01201923076923077
0 0.15985576923076922 0.8088942307692307 0.01201923076923077 0.01201923076923077
0 0.15264423076923078 0.8305288461538461 0.007211538461538462 0.01201923076923077
0 0.14182692307692307 0.828125 0.02403846153846154 0.02403846153846154
0 0.14302884615384615 0.8449519230769231 0.007211538461538462 0.007211538461538462
0 0.19110576923076922 0.875 0.019230769230769232 0.016826923076923076
0 0.1814903846153846 0.8581730769230769 0.01201923076923077 0.014423076923076924
0 0.16947115384615385 0.8954326923076923 0.01201923076923077 0.01201923076923077
0 0.15865384615384615 0.8810096153846154 0.01201923076923077 0.01201923076923077
0 0.15625 0.8689903846153846 0.01201923076923077 0.01201923076923077
0 0.14182692307692307 0.8858173076923077 0.007211538461538462 0.009615384615384616
0 0.1502403846153846 0.9146634615384616 0.01201923076923077 0.01201923076923077
0 0.11538461538461539 0.9411057692307693 0.007211538461538462 0.009615384615384616
0 0.11057692307692307 0.9338942307692307 0.014423076923076924 0.01201923076923077
0 0.10336538461538461 0.9290865384615384 0.007211538461538462 0.007211538461538462
0 0.10336538461538461 0.9459134615384616 0.004807692307692308 0.004807692307692308
0 0.10096153846153846 0.9567307692307693 0.01201923076923077 0.01201923076923077
0 0.12860576923076922 0.8497596153846154 0.009615384615384616 0.007211538461538462
0 0.12740384615384615 0.8737980769230769 0.004807692307692308 0.004807692307692308
0 0.12139423076923077 0.8689903846153846 0.01201923076923077 0.009615384615384616
0 0.2247596153846154 0.6911057692307693 0.02403846153846154 0.02403846153846154
0 0.5324519230769231 0.7307692307692307 0.15384615384615385 0.12740384615384615
0 0.2932692307692308 0.6286057692307693 0.0673076923076923 0.07932692307692307
0 0.3581730769230769 0.9158653846153846 0.09375 0.08173076923076923
0 0.8870192307692307 0.5949519230769231 0.22115384615384615 0.24278846153846154
0 0.7620192307692307 0.9711538461538461 0.2403846153846154 0.052884615384615384
0 0.3245192307692308 0.8137019230769231 0.09375 0.08413461538461539