0 0.17908653846153846 0.25 0.15865384615384615 0.18269230769230768
0 0.7151442307692307 0.4375 0.04326923076923077 0.04567307692307692
0 0.7536057692307693 0.1778846153846154 0.026442307692307692 0.02403846153846154
0 0.7620192307692307 0.5084134615384616 0.20192307692307693 0.09375
0 0.8858173076923077 0.48677884615384615 0.03125 0.03365384615384615
0 0.7680288461538461 0.20072115384615385 0.021634615384615384 0.021634615384615384
0 0.8713942307692307 0.5264423076923077 0.036057692307692304 0.038461538461538464
0 0.7860576923076923 0.140625 0.016826923076923076 0.016826923076923076
0 0.765625 0.18269230769230768 0.02403846153846154 0.02403846153846154
0 0.8125 0.17067307692307693 0.040865384615384616 0.040865384615384616
0 0.8161057692307693 0.23317307692307693 0.021634615384615384 0.021634615384615384
0 0.8269230769230769 0.21514423076923078 0.04326923076923077 0.04326923076923077
0 0.8100961538461539 0.2512019230769231 0.02403846153846154 0.02403846153846154
0 0.8040865384615384 0.18870192307692307 0.014423076923076924 0.014423076923076924
0 0.8149038461538461 0.20072115384615385 0.021634615384615384 0.021634615384615384
0 0.7560096153846154 0.296875 0.10817307692307693 0.10576923076923077
0 0.34134615384615385 0.6057692307692307 0.14423076923076922 0.09615384615384616
0 0.42427884615384615 0.6502403846153846 0.1346153846153846 0.13942307692307693
0 0.3942307692307692 0.703125 0.15384615384615385 0.15865384615384615
0 0.5060096153846154 0.6790865384615384 0.08413461538461539 0.0889423076923077
0 0.5564903846153846 0.7524038461538461 0.10817307692307693 0.11298076923076923
0 0.625 0.7620192307692307 0.057692307692307696 0.06009615384615385
0 0.6466346153846154 0.8112980769230769 0.07211538461538461 0.07692307692307693
0 0.8798076923076923 0.953125 0.04807692307692308 0.04807692307692308