0 0.48197115384615385 0.4483173076923077 0.1201923076923077 0.1201923076923077
0 0.3605769230769231 0.40384615384615385 0.0889423076923077 0.09134615384615384
0 0.27524038461538464 0.375 0.07451923076923077 0.07692307692307693
0 0.19591346153846154 0.21754807692307693 0.08653846153846154 0.0889423076923077
0 0.11177884615384616 0.2512019230769231 0.0625 0.0625
0 0.5264423076923077 0.49158653846153844 0.125 0.10817307692307693
0 0.8665865384615384 0.4651442307692308 0.08653846153846154 0.08653846153846154
0 0.8569711538461539 0.5360576923076923 0.06971153846153846 0.019230769230769232
0 0.9254807692307693 0.5216346153846154 0.07692307692307693 0.04807692307692308
0 0.2980769230769231 0.8461538461538461 0.07451923076923077 0.07211538461538461
0 0.16947115384615385 0.9399038461538461 0.03125 0.03125
0 0.140625 0.8810096153846154 0.040865384615384616 0.040865384615384616
0 0.15745192307692307 0.84375 0.05048076923076923 0.05048076923076923
0 0.1466346153846154 0.9387019230769231 0.03365384615384615 0.03365384615384615