0 0.5012019230769231 0.38100961538461536 0.06971153846153846 0.08413461538461539
0 0.2692307692307692 0.33052884615384615 0.08653846153846154 0.07692307692307693
0 0.12860576923076922 0.375 0.057692307692307696 0.05048076923076923
0 0.2980769230769231 0.38221153846153844 0.06971153846153846 0.0625
0 0.046875 0.3629807692307692 0.04567307692307692 0.038461538461538464
0 0.36658653846153844 0.32211538461538464 0.11298076923076923 0.10096153846153846
0 0.3762019230769231 0.3581730769230769 0.08173076923076923 0.06490384615384616
0 0.3894230769230769 0.3762019230769231 0.0889423076923077 0.06971153846153846
0 0.23197115384615385 0.375 0.1346153846153846 0.0985576923076923
0 0.1502403846153846 0.3942307692307692 0.040865384615384616 0.036057692307692304
0 0.06850961538461539 0.38221153846153844 0.04807692307692308 0.038461538461538464
0 0.9459134615384616 0.1622596153846154 0.10336538461538461 0.2283653846153846
0 0.8028846153846154 0.29447115384615385 0.15384615384615385 0.17067307692307693
0 0.9362980769230769 0.39783653846153844 0.12259615384615384 0.13701923076923078
0 0.8846153846153846 0.33533653846153844 0.14423076923076922 0.1466346153846154
0 0.8125 0.44471153846153844 0.10576923076923077 0.10336538461538461
0 0.6959134615384616 0.49158653846153844 0.06971153846153846 0.0673076923076923
0 0.6634615384615384 0.4519230769230769 0.09134615384615384 0.10336538461538461
0 0.7632211538461539 0.4026442307692308 0.10576923076923077 0.11057692307692307
0 0.59375 0.484375 0.0673076923076923 0.07211538461538461
0 0.7956730769230769 0.09254807692307693 0.40384615384615385 0.18509615384615385
0 0.5673076923076923 0.4579326923076923 0.057692307692307696 0.11778846153846154
0 0.5528846153846154 0.5108173076923077 0.028846153846153848 0.055288461538461536
0 0.5649038461538461 0.5408653846153846 0.052884615384615384 0.0625
0 0.5456730769230769 0.5600961538461539 0.014423076923076924 0.04326923076923077
0 0.625 0.5240384615384616 0.06971153846153846 0.06490384615384616
0 0.021634615384615384 0.7367788461538461 0.04326923076923077 0.055288461538461536
0 0.06850961538461539 0.7439903846153846 0.11298076923076923 0.06971153846153846
0 0.2283653846153846 0.7596153846153846 0.22596153846153846 0.10096153846153846
0 0.14182692307692307 0.7367788461538461 0.0625 0.055288461538461536
0 0.14423076923076922 0.7956730769230769 0.09134615384615384 0.08653846153846154
0 0.09014423076923077 0.8040865384615384 0.0985576923076923 0.09134615384615384
0 0.3112980769230769 0.7764423076923077 0.07211538461538461 0.08653846153846154
0 0.21875 0.8233173076923077 0.0673076923076923 0.04567307692307692
0 0.33533653846153844 0.8269230769230769 0.07932692307692307 0.08173076923076923
0 0.27403846153846156 0.8461538461538461 0.07692307692307693 0.07211538461538461
0 0.21514423076923078 0.8581730769230769 0.06971153846153846 0.0625
0 0.3786057692307692 0.8846153846153846 0.07451923076923077 0.07211538461538461
0 0.32211538461538464 0.9074519230769231 0.06971153846153846 0.0673076923076923
0 0.25961538461538464 0.8978365384615384 0.06971153846153846 0.0673076923076923
0 0.30288461538461536 0.9362980769230769 0.0625 0.055288461538461536
0 0.4026442307692308 0.9266826923076923 0.057692307692307696 0.0625
0 0.4254807692307692 0.9543269230769231 0.04326923076923077 0.05048076923076923
0 0.4411057692307692 0.9759615384615384 0.05048076923076923 0.04326923076923077
0 0.359375 0.9507211538461539 0.052884615384615384 0.052884615384615384
0 0.33052884615384615 0.9591346153846154 0.04807692307692308 0.04807692307692308
0 0.38100961538461536 0.9735576923076923 0.038461538461538464 0.05048076923076923
0 0.40384615384615385 0.9831730769230769 0.04807692307692308 0.028846153846153848
0 0.4206730769230769 0.9927884615384616 0.038461538461538464 0.009615384615384616
0 0.3605769230769231 0.9819711538461539 0.04326923076923077 0.03125
0 0.38100961538461536 0.9915865384615384 0.04567307692307692 0.01201923076923077
0 0.4579326923076923 0.9891826923076923 0.040865384615384616 0.016826923076923076
0 0.3173076923076923 0.9831730769230769 0.03365384615384615 0.028846153846153848
0 0.9242788461538461 0.7536057692307693 0.1466346153846154 0.0889423076923077
0 0.7331730769230769 0.7355769230769231 0.12980769230769232 0.052884615384615384
0 0.7740384615384616 0.7728365384615384 0.1346153846153846 0.12740384615384615
0 0.6129807692307693 0.7572115384615384 0.11057692307692307 0.09615384615384616
0 0.6490384615384616 0.8173076923076923 0.0889423076923077 0.08413461538461539
0 0.5685096153846154 0.8040865384615384 0.06009615384615385 0.13701923076923078
0 0.5925480769230769 0.8341346153846154 0.0625 0.07451923076923077
0 0.5588942307692307 0.8978365384615384 0.040865384615384616 0.06971153846153846
0 0.7103365384615384 0.8461538461538461 0.08173076923076923 0.07451923076923077