0 0.1814903846153846 0.13341346153846154 0.07451923076923077 0.06971153846153846
0 0.028846153846153848 0.2283653846153846 0.057692307692307696 0.11538461538461539
0 0.21875 0.21634615384615385 0.07692307692307693 0.06971153846153846
0 0.057692307692307696 0.026442307692307692 0.11538461538461539 0.052884615384615384
0 0.23798076923076922 0.06971153846153846 0.0673076923076923 0.057692307692307696
0 0.12860576923076922 0.03485576923076923 0.08413461538461539 0.06971153846153846
0 0.3173076923076923 0.21514423076923078 0.057692307692307696 0.05048076923076923
0 0.18870192307692307 0.04326923076923077 0.07692307692307693 0.07451923076923077
0 0.3401442307692308 0.20432692307692307 0.01201923076923077 0.038461538461538464
0 0.3016826923076923 0.08533653846153846 0.057692307692307696 0.052884615384615384
0 0.3401442307692308 0.09735576923076923 0.01201923076923077 0.040865384615384616
0 0.7716346153846154 0.030048076923076924 0.10576923076923077 0.06009615384615385
0 0.6394230769230769 0.14903846153846154 0.18990384615384615 0.16826923076923078
0 0.8701923076923077 0.07572115384615384 0.10817307692307693 0.11057692307692307
0 0.9170673076923077 0.1141826923076923 0.07451923076923077 0.07932692307692307
0 0.9735576923076923 0.09615384615384616 0.04807692307692308 0.057692307692307696
0 0.9230769230769231 0.2776442307692308 0.09134615384615384 0.07932692307692307
0 0.22596153846153846 0.859375 0.2403846153846154 0.2764423076923077
0 0.6538461538461539 0.5216346153846154 0.16826923076923078 0.14423076923076922
0 0.7920673076923077 0.5997596153846154 0.15625 0.13701923076923078
0 0.9627403846153846 0.7944711538461539 0.06971153846153846 0.06971153846153846
0 0.8197115384615384 0.7139423076923077 0.15625 0.13942307692307693
0 0.84375 0.8329326923076923 0.0985576923076923 0.09375
0 0.96875 0.7127403846153846 0.057692307692307696 0.06971153846153846
0 0.7079326923076923 0.47716346153846156 0.13701923076923078 0.055288461538461536