0 0.04927884615384615 0.3605769230769231 0.08173076923076923 0.07692307692307693
0 0.020432692307692308 0.44711538461538464 0.040865384615384616 0.0625
0 0.08052884615384616 0.44350961538461536 0.06971153846153846 0.06490384615384616
0 0.02403846153846154 0.5 0.04807692307692308 0.014423076923076924
0 0.054086538461538464 0.47716346153846156 0.06009615384615385 0.05048076923076923
0 0.8353365384615384 0.08052884615384616 0.18028846153846154 0.16105769230769232
0 0.7716346153846154 0.08173076923076923 0.14423076923076922 0.16346153846153846
0 0.9242788461538461 0.29447115384615385 0.07932692307692307 0.0889423076923077
0 0.9459134615384616 0.12379807692307693 0.10336538461538461 0.12259615384615384
0 0.8341346153846154 0.22115384615384615 0.0625 0.0673076923076923
0 0.359375 0.6502403846153846 0.15384615384615385 0.13942307692307693