0 0.27403846153846156 0.40865384615384615 0.1875 0.15384615384615385
0 0.25240384615384615 0.040865384615384616 0.04326923076923077 0.04326923076923077
0 0.4074519230769231 0.24158653846153846 0.10576923076923077 0.10817307692307693
0 0.052884615384615384 0.3329326923076923 0.0985576923076923 0.09615384615384616
0 0.15504807692307693 0.234375 0.07451923076923077 0.06971153846153846
0 0.19951923076923078 0.08653846153846154 0.05048076923076923 0.04807692307692308
0 0.2980769230769231 0.014423076923076924 0.038461538461538464 0.028846153846153848
0 0.1466346153846154 0.17067307692307693 0.057692307692307696 0.055288461538461536
0 0.23918269230769232 0.02403846153846154 0.055288461538461536 0.04807692307692308
0 0.5745192307692307 0.27884615384615385 0.07211538461538461 0.14423076923076922
0 0.5817307692307693 0.17668269230769232 0.08653846153846154 0.11298076923076923
0 0.5913461538461539 0.10576923076923077 0.08413461538461539 0.08173076923076923
0 0.6129807692307693 0.04807692307692308 0.0673076923076923 0.06971153846153846
0 0.5769230769230769 0.006009615384615385 0.057692307692307696 0.01201923076923077
0 0.06009615384615385 0.6153846153846154 0.09134615384615384 0.0889423076923077
0 0.038461538461538464 0.7199519230769231 0.07692307692307693 0.11778846153846154
0 0.013221153846153846 0.7019230769230769 0.026442307692307692 0.11538461538461539
0 0.03125 0.6057692307692307 0.0625 0.08173076923076923
0 0.055288461538461536 0.5288461538461539 0.0625 0.0625
0 0.07932692307692307 0.5396634615384616 0.09375 0.09375
0 0.11778846153846154 0.5036057692307693 0.08173076923076923 0.03125
0 0.07451923076923077 0.4987980769230769 0.0673076923076923 0.021634615384615384