0 0.26322115384615385 0.1346153846153846 0.10096153846153846 0.09134615384615384
0 0.14543269230769232 0.18509615384615385 0.10817307692307693 0.10096153846153846
0 0.0733173076923077 0.22716346153846154 0.10576923076923077 0.0889423076923077
0 0.04447115384615385 0.20552884615384615 0.0889423076923077 0.0985576923076923
0 0.16105769230769232 0.1201923076923077 0.11057692307692307 0.10096153846153846
0 0.10697115384615384 0.13581730769230768 0.0673076923076923 0.0625
0 0.18629807692307693 0.06490384615384616 0.05048076923076923 0.04807692307692308
0 0.2668269230769231 0.026442307692307692 0.07211538461538461 0.052884615384615384
0 0.21634615384615385 0.036057692307692304 0.06009615384615385 0.05048076923076923
0 0.14903846153846154 0.7704326923076923 0.13221153846153846 0.11778846153846154
0 0.17668269230769232 0.6490384615384616 0.09375 0.08413461538461539
0 0.056490384615384616 0.6346153846153846 0.0889423076923077 0.08173076923076923
0 0.03365384615384615 0.6322115384615384 0.0673076923076923 0.0673076923076923
0 0.11298076923076923 0.5564903846153846 0.06490384615384616 0.06009615384615385
0 0.15144230769230768 0.5336538461538461 0.057692307692307696 0.052884615384615384
0 0.171875 0.5012019230769231 0.04807692307692308 0.04326923076923077
0 0.21634615384615385 0.4795673076923077 0.05048076923076923 0.04567307692307692
0 0.25600961538461536 0.4387019230769231 0.052884615384615384 0.04567307692307692
0 0.28365384615384615 0.41225961538461536 0.04326923076923077 0.040865384615384616
0 0.8954326923076923 0.6694711538461539 0.11778846153846154 0.12980769230769232
0 0.9242788461538461 0.4230769230769231 0.057692307692307696 0.0673076923076923
0 0.9483173076923077 0.33413461538461536 0.036057692307692304 0.009615384615384616