0 0.23557692307692307 0.19110576923076922 0.0625 0.06009615384615385
0 0.5829326923076923 0.1814903846153846 0.04567307692307692 0.10336538461538461
0 0.020432692307692308 0.21754807692307693 0.026442307692307692 0.026442307692307692
0 0.5288461538461539 0.15745192307692307 0.11057692307692307 0.10096153846153846
0 0.003605769230769231 0.21634615384615385 0.007211538461538462 0.028846153846153848
0 0.21754807692307693 0.22596153846153846 0.057692307692307696 0.05048076923076923
0 0.25721153846153844 0.21153846153846154 0.04567307692307692 0.04326923076923077
0 0.3557692307692308 0.19831730769230768 0.1778846153846154 0.16826923076923078
0 0.5108173076923077 0.21153846153846154 0.09375 0.08653846153846154
0 0.42908653846153844 0.21875 0.06490384615384616 0.07211538461538461
0 0.18509615384615385 0.19951923076923078 0.05048076923076923 0.04807692307692308
0 0.1466346153846154 0.20552884615384615 0.04807692307692308 0.04567307692307692
0 0.08774038461538461 0.22235576923076922 0.07692307692307693 0.07932692307692307
0 0.17067307692307693 0.22115384615384615 0.04326923076923077 0.040865384615384616
0 0.1346153846153846 0.22956730769230768 0.03125 0.038461538461538464
0 0.9014423076923077 0.3317307692307692 0.19230769230769232 0.14903846153846154
0 0.24158653846153846 0.8389423076923077 0.07451923076923077 0.08413461538461539
0 0.1622596153846154 0.9423076923076923 0.05048076923076923 0.055288461538461536
0 0.08413461538461539 0.9903846153846154 0.038461538461538464 0.014423076923076924
0 0.6598557692307693 0.9375 0.028846153846153848 0.03365384615384615
0 0.9170673076923077 0.8545673076923077 0.15144230769230768 0.17307692307692307