0 0.2247596153846154 0.13822115384615385 0.1201923076923077 0.12259615384615384
0 0.37259615384615385 0.14423076923076922 0.1466346153846154 0.15625
0 0.3269230769230769 0.3088942307692308 0.125 0.125
0 0.27403846153846156 0.5228365384615384 0.057692307692307696 0.026442307692307692
0 0.2824519230769231 0.48677884615384615 0.06971153846153846 0.06971153846153846
0 0.30528846153846156 0.41225961538461536 0.09134615384615384 0.0889423076923077
0 0.8341346153846154 0.39663461538461536 0.18990384615384615 0.23076923076923078
0 0.5540865384615384 0.8461538461538461 0.24278846153846154 0.30288461538461536
0 0.10216346153846154 0.6622596153846154 0.11057692307692307 0.10817307692307693
0 0.9495192307692307 0.6875 0.09615384615384616 0.1346153846153846
0 0.9759615384615384 0.7584134615384616 0.04326923076923077 0.10817307692307693
0 0.9543269230769231 0.8161057692307693 0.057692307692307696 0.0625
0 0.9735576923076923 0.8545673076923077 0.04807692307692308 0.08413461538461539
0 0.9699519230769231 0.9146634615384616 0.055288461538461536 0.06971153846153846
0 0.9399038461538461 0.9170673076923077 0.06490384615384616 0.06971153846153846
0 0.9663461538461539 0.9699519230769231 0.0625 0.055288461538461536
0 0.9290865384615384 0.9579326923076923 0.05048076923076923 0.055288461538461536
0 0.9314903846153846 0.9855769230769231 0.04567307692307692 0.02403846153846154