0 0.29086538461538464 0.1466346153846154 0.17548076923076922 0.15144230769230768
0 0.8413461538461539 0.3401442307692308 0.13942307692307693 0.07451923076923077
0 0.7463942307692307 0.0673076923076923 0.2620192307692308 0.1346153846153846
0 0.12139423076923077 0.7331730769230769 0.19230769230769232 0.16346153846153846
0 0.29447115384615385 0.5336538461538461 0.30528846153846156 0.3076923076923077
0 0.19951923076923078 0.6935096153846154 0.21394230769230768 0.18028846153846154
0 0.36538461538461536 0.8257211538461539 0.16346153846153846 0.1658653846153846
0 0.4326923076923077 0.828125 0.028846153846153848 0.12259615384615384
0 0.5384615384615384 0.5612980769230769 0.06009615384615385 0.06971153846153846
0 0.5228365384615384 0.7740384615384616 0.028846153846153848 0.03365384615384615
0 0.5324519230769231 0.7235576923076923 0.038461538461538464 0.04567307692307692
0 0.5300480769230769 0.8293269230769231 0.019230769230769232 0.02403846153846154
0 0.5348557692307693 0.8858173076923077 0.009615384615384616 0.01201923076923077
0 0.5288461538461539 0.8701923076923077 0.01201923076923077 0.01201923076923077