0 0.9326923076923077 0.15985576923076922 0.08653846153846154 0.08653846153846154
0 0.8004807692307693 0.1658653846153846 0.07692307692307693 0.07932692307692307
0 0.703125 0.3329326923076923 0.05048076923076923 0.04567307692307692
0 0.8882211538461539 0.2644230769230769 0.055288461538461536 0.057692307692307696
0 0.8305288461538461 0.3125 0.0673076923076923 0.055288461538461536
0 0.7872596153846154 0.23918269230769232 0.07932692307692307 0.07932692307692307
0 0.7896634615384616 0.2848557692307692 0.0625 0.0625
0 0.796875 0.32211538461538464 0.055288461538461536 0.057692307692307696
0 0.02283653846153846 0.734375 0.04567307692307692 0.13221153846153846
0 0.042067307692307696 0.9543269230769231 0.04807692307692308 0.05048076923076923
0 0.15504807692307693 0.8125 0.10576923076923077 0.08653846153846154
0 0.8665865384615384 0.8052884615384616 0.04567307692307692 0.04567307692307692
0 0.9819711538461539 0.7223557692307693 0.03365384615384615 0.038461538461538464
0 0.9615384615384616 0.703125 0.040865384615384616 0.04326923076923077
0 0.9314903846153846 0.6814903846153846 0.055288461538461536 0.06009615384615385
0 0.9591346153846154 0.6310096153846154 0.07692307692307693 0.0985576923076923
0 0.8918269230769231 0.6646634615384616 0.06490384615384616 0.0673076923076923
0 0.8341346153846154 0.625 0.08173076923076923 0.0889423076923077
0 0.9014423076923077 0.5649038461538461 0.09134615384615384 0.10336538461538461
0 0.44591346153846156 0.7836538461538461 0.11298076923076923 0.1201923076923077
0 0.5961538461538461 0.6502403846153846 0.13221153846153846 0.12259615384615384
0 0.7644230769230769 0.5492788461538461 0.12740384615384615 0.10817307692307693
0 0.8076923076923077 0.38100961538461536 0.23076923076923078 0.04567307692307692
0 0.9867788461538461 0.8257211538461539 0.019230769230769232 0.019230769230769232
0 0.9759615384615384 0.8233173076923077 0.016826923076923076 0.019230769230769232
0 0.9615384615384616 0.8257211538461539 0.016826923076923076 0.019230769230769232
0 0.9771634615384616 0.8028846153846154 0.026442307692307692 0.026442307692307692
0 0.9459134615384616 0.8173076923076923 0.02403846153846154 0.02403846153846154
0 0.9110576923076923 0.8137019230769231 0.036057692307692304 0.038461538461538464
0 0.9459134615384616 0.7884615384615384 0.03125 0.03125
0 0.9915865384615384 0.7379807692307693 0.01201923076923077 0.03365384615384615