0 0.25721153846153844 0.37259615384615385 0.16346153846153846 0.16346153846153846
0 0.06971153846153846 0.16466346153846154 0.13942307692307693 0.30528846153846156
0 0.24639423076923078 0.0625 0.24278846153846154 0.125
0 0.7956730769230769 0.09254807692307693 0.11778846153846154 0.11778846153846154
0 0.8088942307692307 0.26322115384615385 0.07932692307692307 0.08173076923076923
0 0.6959134615384616 0.2824519230769231 0.09615384615384616 0.09375
0 0.640625 0.3942307692307692 0.07692307692307693 0.07211538461538461
0 0.8112980769230769 0.36899038461538464 0.06009615384615385 0.06009615384615385
0 0.8064903846153846 0.4050480769230769 0.04326923076923077 0.04326923076923077
0 0.8100961538461539 0.43149038461538464 0.03125 0.03125
0 0.8125 0.44471153846153844 0.03365384615384615 0.02403846153846154
0 0.8125 0.45072115384615385 0.03365384615384615 0.01201923076923077
0 0.33413461538461536 0.7163461538461539 0.14423076923076922 0.15384615384615385
0 0.15384615384615385 0.7427884615384616 0.3076923076923077 0.35096153846153844
0 0.3449519230769231 0.6189903846153846 0.12259615384615384 0.15625
0 0.34134615384615385 0.5324519230769231 0.12980769230769232 0.1466346153846154
0 0.13581730769230768 0.8365384615384616 0.21394230769230768 0.21875
0 0.11538461538461539 0.5961538461538461 0.23076923076923078 0.27403846153846156
0 0.9831730769230769 0.9735576923076923 0.028846153846153848 0.04807692307692308
0 0.9735576923076923 0.6790865384615384 0.04807692307692308 0.15625
0 0.9627403846153846 0.9639423076923077 0.06971153846153846 0.0673076923076923