0 0.14423076923076922 0.65625 0.11778846153846154 0.09375
0 0.25 0.44591346153846156 0.09134615384615384 0.09375
0 0.054086538461538464 0.2620192307692308 0.10817307692307693 0.1778846153846154
0 0.15745192307692307 0.3786057692307692 0.13942307692307693 0.125
0 0.8497596153846154 0.039663461538461536 0.028846153846153848 0.036057692307692304
0 0.6045673076923077 0.11778846153846154 0.11778846153846154 0.07692307692307693
0 0.6682692307692307 0.12259615384615384 0.09375 0.0673076923076923
0 0.7163461538461539 0.07451923076923077 0.0673076923076923 0.052884615384615384
0 0.7548076923076923 0.057692307692307696 0.05048076923076923 0.04807692307692308
0 0.7824519230769231 0.030048076923076924 0.04326923076923077 0.038461538461538464
0 0.8185096153846154 0.007211538461538462 0.036057692307692304 0.014423076923076924
0 0.7608173076923077 0.12259615384615384 0.052884615384615384 0.04807692307692308
0 0.7824519230769231 0.10096153846153846 0.038461538461538464 0.040865384615384616
0 0.8004807692307693 0.08533653846153846 0.036057692307692304 0.038461538461538464
0 0.8149038461538461 0.0625 0.036057692307692304 0.036057692307692304
0 0.8353365384615384 0.040865384615384616 0.038461538461538464 0.038461538461538464
0 0.8473557692307693 0.026442307692307692 0.03125 0.026442307692307692
0 0.859375 0.014423076923076924 0.03125 0.028846153846153848
0 0.8653846153846154 0.006009615384615385 0.028846153846153848 0.01201923076923077
0 0.7175480769230769 0.29447115384615385 0.07932692307692307 0.07451923076923077
0 0.7608173076923077 0.2247596153846154 0.06490384615384616 0.06971153846153846
0 0.7956730769230769 0.1658653846153846 0.057692307692307696 0.05048076923076923
0 0.8137019230769231 0.12860576923076922 0.04326923076923077 0.040865384615384616
0 0.8305288461538461 0.1045673076923077 0.038461538461538464 0.038461538461538464
0 0.84375 0.08653846153846154 0.03125 0.03125
0 0.8545673076923077 0.06490384615384616 0.03125 0.03125
0 0.8377403846153846 0.2247596153846154 0.038461538461538464 0.040865384615384616
0 0.8978365384615384 0.009615384615384616 0.021634615384615384 0.019230769230769232
0 0.8052884615384616 0.4110576923076923 0.06009615384615385 0.08653846153846154
0 0.796875 0.6213942307692307 0.06490384615384616 0.10096153846153846
0 0.12259615384615384 0.8401442307692307 0.24519230769230768 0.22355769230769232
0 0.17307692307692307 0.8774038461538461 0.16346153846153846 0.18269230769230768
0 0.65625 0.8317307692307693 0.15144230769230768 0.125