0 0.004807692307692308 0.16706730769230768 0.009615384615384616 0.040865384615384616
0 0.7896634615384616 0.06370192307692307 0.2860576923076923 0.12740384615384615
0 0.4326923076923077 0.13221153846153846 0.07692307692307693 0.09375
0 0.46153846153846156 0.0625 0.06971153846153846 0.09375
0 0.4483173076923077 0.027644230769230768 0.06490384615384616 0.055288461538461536
0 0.4387019230769231 0.06009615384615385 0.026442307692307692 0.036057692307692304
0 0.3954326923076923 0.14182692307692307 0.2091346153846154 0.2764423076923077
0 0.21153846153846154 0.5925480769230769 0.14903846153846154 0.21394230769230768
0 0.09495192307692307 0.7427884615384616 0.13701923076923078 0.16826923076923078
0 0.14182692307692307 0.8725961538461539 0.24278846153846154 0.21875
0 0.3161057692307692 0.7824519230769231 0.036057692307692304 0.036057692307692304
0 0.9783653846153846 0.4423076923076923 0.038461538461538464 0.10576923076923077
0 0.8786057692307693 0.6334134615384616 0.23798076923076922 0.27163461538461536
0 0.7704326923076923 0.5625 0.23076923076923078 0.2403846153846154
0 0.6790865384615384 0.7211538461538461 0.16346153846153846 0.15384615384615385
0 0.6346153846153846 0.6682692307692307 0.12740384615384615 0.13221153846153846