0 0.16105769230769232 0.36899038461538464 0.19230769230769232 0.016826923076923076
0 0.33413461538461536 0.3088942307692308 0.22596153846153846 0.13701923076923078
0 0.15144230769230768 0.23557692307692307 0.22596153846153846 0.23076923076923078
0 0.9326923076923077 0.34375 0.12980769230769232 0.0673076923076923
0 0.9639423076923077 0.16947115384615385 0.0673076923076923 0.07451923076923077
0 0.9026442307692307 0.28125 0.0985576923076923 0.09375
0 0.7848557692307693 0.03125 0.036057692307692304 0.03365384615384615
0 0.8413461538461539 0.1658653846153846 0.10576923076923077 0.10576923076923077
0 0.8052884615384616 0.07692307692307693 0.040865384615384616 0.040865384615384616
0 0.38822115384615385 0.8774038461538461 0.11778846153846154 0.17307692307692307
0 0.09134615384615384 0.4579326923076923 0.04807692307692308 0.04567307692307692
0 0.027644230769230768 0.42908653846153844 0.021634615384615384 0.021634615384615384
0 0.6310096153846154 0.7872596153846154 0.10096153846153846 0.10576923076923077
0 0.6670673076923077 0.7067307692307693 0.08653846153846154 0.09134615384615384
0 0.6814903846153846 0.6310096153846154 0.07451923076923077 0.07932692307692307
0 0.6971153846153846 0.5757211538461539 0.06971153846153846 0.07211538461538461
0 0.7211538461538461 0.5264423076923077 0.0625 0.06490384615384616
0 0.7548076923076923 0.4411057692307692 0.05048076923076923 0.052884615384615384
0 0.7716346153846154 0.40625 0.04326923076923077 0.04326923076923077
0 0.7836538461538461 0.390625 0.038461538461538464 0.021634615384615384