0 0.9110576923076923 0.3137019230769231 0.17307692307692307 0.06490384615384616
0 0.6850961538461539 0.2932692307692308 0.13942307692307693 0.10576923076923077
0 0.5504807692307693 0.3245192307692308 0.10096153846153846 0.04326923076923077
0 0.453125 0.27524038461538464 0.07692307692307693 0.07692307692307693
0 0.5733173076923077 0.3112980769230769 0.0889423076923077 0.06971153846153846
0 0.5228365384615384 0.29447115384615385 0.07932692307692307 0.07932692307692307
0 0.7872596153846154 0.2932692307692308 0.41586538461538464 0.10576923076923077
0 0.06370192307692307 0.4182692307692308 0.12740384615384615 0.13942307692307693
0 0.1045673076923077 0.5600961538461539 0.1658653846153846 0.1658653846153846
0 0.23076923076923078 0.5697115384615384 0.23076923076923078 0.2548076923076923
0 0.2668269230769231 0.9266826923076923 0.09134615384615384 0.09134615384615384
0 0.18509615384615385 0.8125 0.07211538461538461 0.07211538461538461
0 0.36658653846153844 0.9795673076923077 0.036057692307692304 0.040865384615384616
0 0.4206730769230769 0.8942307692307693 0.14423076923076922 0.14903846153846154