0 0.4567307692307692 0.19591346153846154 0.04567307692307692 0.06009615384615385
0 0.43028846153846156 0.11538461538461539 0.057692307692307696 0.07211538461538461
0 0.3737980769230769 0.08533653846153846 0.06009615384615385 0.08413461538461539
0 0.37259615384615385 0.036057692307692304 0.08173076923076923 0.07211538461538461
0 0.8064903846153846 0.036057692307692304 0.06490384615384616 0.06971153846153846
0 0.9603365384615384 0.12139423076923077 0.03365384615384615 0.03365384615384615
0 0.4723557692307692 0.5757211538461539 0.1201923076923077 0.17067307692307693
0 0.4567307692307692 0.37259615384615385 0.0673076923076923 0.028846153846153848
0 0.5600961538461539 0.8473557692307693 0.03365384615384615 0.10817307692307693
0 0.7391826923076923 0.3918269230769231 0.10336538461538461 0.0673076923076923
0 0.7331730769230769 0.4495192307692308 0.11538461538461539 0.11298076923076923
0 0.9783653846153846 0.8016826923076923 0.038461538461538464 0.06971153846153846
0 0.6334134615384616 0.3954326923076923 0.10817307692307693 0.07451923076923077
0 0.9663461538461539 0.5528846153846154 0.052884615384615384 0.057692307692307696
0 0.9819711538461539 0.6225961538461539 0.03125 0.0625