0 0.4014423076923077 0.04447115384615385 0.11057692307692307 0.0889423076923077
0 0.2776442307692308 0.31971153846153844 0.13942307692307693 0.14182692307692307
0 0.125 0.3581730769230769 0.25 0.23557692307692307
0 0.2704326923076923 0.22115384615384615 0.1346153846153846 0.14423076923076922
0 0.3798076923076923 0.21634615384615385 0.10096153846153846 0.11057692307692307
0 0.38341346153846156 0.13341346153846154 0.10336538461538461 0.11298076923076923
0 0.24879807692307693 0.12139423076923077 0.16346153846153846 0.15865384615384615
0 0.484375 0.29086538461538464 0.125 0.1466346153846154
0 0.11778846153846154 0.4326923076923077 0.1971153846153846 0.08653846153846154
0 0.06610576923076923 0.2620192307692308 0.13221153846153846 0.27884615384615385
0 0.5576923076923077 0.7872596153846154 0.09615384615384616 0.11298076923076923
0 0.5480769230769231 0.9567307692307693 0.0625 0.06971153846153846
0 0.45913461538461536 0.8966346153846154 0.11778846153846154 0.11538461538461539
0 0.5204326923076923 0.9747596153846154 0.07451923076923077 0.04567307692307692
0 0.8245192307692307 0.5084134615384616 0.1778846153846154 0.06009615384615385
0 0.9158653846153846 0.6021634615384616 0.04567307692307692 0.05048076923076923
0 0.9074519230769231 0.5384615384615384 0.040865384615384616 0.038461538461538464
0 0.7331730769230769 0.7295673076923077 0.16826923076923078 0.5024038461538461
0 0.7067307692307693 0.49158653846153844 0.11057692307692307 0.026442307692307692
0 0.9206730769230769 0.5132211538461539 0.125 0.06971153846153846