0 0.2247596153846154 0.484375 0.07211538461538461 0.06971153846153846
0 0.11778846153846154 0.5132211538461539 0.057692307692307696 0.04567307692307692
0 0.140625 0.4735576923076923 0.057692307692307696 0.055288461538461536
0 0.11177884615384616 0.36778846153846156 0.15144230769230768 0.1466346153846154
0 0.010817307692307692 0.3954326923076923 0.021634615384615384 0.06971153846153846
0 0.16105769230769232 0.4338942307692308 0.08653846153846154 0.08413461538461539
0 0.1045673076923077 0.5264423076923077 0.040865384615384616 0.019230769230769232
0 0.18389423076923078 0.5108173076923077 0.07932692307692307 0.05048076923076923
0 0.040865384615384616 0.3401442307692308 0.06490384615384616 0.06490384615384616
0 0.02403846153846154 0.3713942307692308 0.036057692307692304 0.038461538461538464
0 0.5805288461538461 0.1971153846153846 0.0673076923076923 0.06490384615384616
0 0.5444711538461539 0.4807692307692308 0.03125 0.038461538461538464
0 0.5432692307692307 0.3954326923076923 0.028846153846153848 0.036057692307692304
0 0.5324519230769231 0.3786057692307692 0.007211538461538462 0.036057692307692304
0 0.5853365384615384 0.3870192307692308 0.040865384615384616 0.040865384615384616
0 0.5673076923076923 0.4951923076923077 0.02403846153846154 0.02403846153846154
0 0.5853365384615384 0.53125 0.026442307692307692 0.009615384615384616
0 0.3858173076923077 0.8197115384615384 0.18509615384615385 0.18028846153846154
0 0.42908653846153844 0.9543269230769231 0.15144230769230768 0.08653846153846154
0 0.42427884615384615 0.9026442307692307 0.16346153846153846 0.16346153846153846
0 0.29927884615384615 0.9399038461538461 0.11778846153846154 0.11538461538461539
0 0.17908653846153846 0.9050480769230769 0.07692307692307693 0.07692307692307693
0 0.17908653846153846 0.8545673076923077 0.11057692307692307 0.10576923076923077
0 0.28725961538461536 0.8786057692307693 0.12259615384615384 0.1201923076923077
0 0.10336538461538461 0.8353365384615384 0.07932692307692307 0.07692307692307693
0 0.4411057692307692 0.6790865384615384 0.17067307692307693 0.28125
0 0.07932692307692307 0.78125 0.12740384615384615 0.125
0 0.04447115384615385 0.8209134615384616 0.06009615384615385 0.06009615384615385
0 0.018028846153846152 0.8149038461538461 0.036057692307692304 0.057692307692307696
0 0.04326923076923077 0.8581730769230769 0.0673076923076923 0.06490384615384616
0 0.016826923076923076 0.8545673076923077 0.03365384615384615 0.04567307692307692
0 0.003605769230769231 0.8473557692307693 0.007211538461538462 0.036057692307692304
0 0.10336538461538461 0.8846153846153846 0.07451923076923077 0.07692307692307693