0 0.44350961538461536 0.28125 0.04807692307692308 0.036057692307692304
0 0.38341346153846156 0.3173076923076923 0.05048076923076923 0.04326923076923077
0 0.47475961538461536 0.14543269230769232 0.08413461538461539 0.08413461538461539
0 0.3581730769230769 0.3485576923076923 0.04326923076923077 0.04326923076923077
0 0.4807692307692308 0.23677884615384615 0.06971153846153846 0.055288461538461536
0 0.4362980769230769 0.24639423076923078 0.07451923076923077 0.06490384615384616
0 0.4795673076923077 0.19230769230769232 0.07451923076923077 0.07211538461538461
0 0.33413461538461536 0.37259615384615385 0.038461538461538464 0.040865384615384616
0 0.4675480769230769 0.5444711538461539 0.0985576923076923 0.15144230769230768
0 0.6983173076923077 0.953125 0.09375 0.0889423076923077
0 0.6213942307692307 0.7920673076923077 0.20432692307692307 0.3581730769230769