0 0.09495192307692307 0.2776442307692308 0.11538461538461539 0.10817307692307693
0 0.34134615384615385 0.32091346153846156 0.08413461538461539 0.08173076923076923
0 0.9783653846153846 0.5901442307692307 0.038461538461538464 0.17067307692307693
0 0.8533653846153846 0.4266826923076923 0.28846153846153844 0.31009615384615385
0 0.9086538461538461 0.29927884615384615 0.1778846153846154 0.24759615384615385
0 0.8028846153846154 0.18389423076923078 0.1658653846153846 0.17067307692307693
0 0.8617788461538461 0.14903846153846154 0.13942307692307693 0.13701923076923078
0 0.19471153846153846 0.9266826923076923 0.17307692307692307 0.14182692307692307
0 0.890625 0.9002403846153846 0.10096153846153846 0.09615384615384616
0 0.7800480769230769 0.8353365384615384 0.11057692307692307 0.10576923076923077
0 0.7055288461538461 0.8016826923076923 0.10576923076923077 0.09375
0 0.7007211538461539 0.7572115384615384 0.10817307692307693 0.10096153846153846
0 0.8425480769230769 0.8100961538461539 0.11298076923076923 0.10576923076923077
0 0.7980769230769231 0.7752403846153846 0.06971153846153846 0.06490384615384616
0 0.9026442307692307 0.796875 0.052884615384615384 0.05048076923076923
0 0.9747596153846154 0.8341346153846154 0.04567307692307692 0.07211538461538461
0 0.9435096153846154 0.8040865384615384 0.06009615384615385 0.055288461538461536