0 0.08173076923076923 0.2860576923076923 0.019230769230769232 0.019230769230769232
0 0.06610576923076923 0.27283653846153844 0.019230769230769232 0.014423076923076924
0 0.06971153846153846 0.25240384615384615 0.016826923076923076 0.016826923076923076
0 0.1971153846153846 0.265625 0.038461538461538464 0.028846153846153848
0 0.12860576923076922 0.27884615384615385 0.019230769230769232 0.01201923076923077
0 0.5649038461538461 0.38100961538461536 0.04567307692307692 0.04567307692307692
0 0.9495192307692307 0.1778846153846154 0.09615384615384616 0.12980769230769232
0 0.9447115384615384 0.038461538461538464 0.10576923076923077 0.07692307692307693
0 0.5853365384615384 0.20192307692307693 0.057692307692307696 0.057692307692307696
0 0.7884615384615384 0.02403846153846154 0.14903846153846154 0.04807692307692308
0 0.44711538461538464 0.8581730769230769 0.13701923076923078 0.1466346153846154
0 0.37259615384615385 0.7319711538461539 0.10336538461538461 0.11057692307692307
0 0.7848557692307693 0.8016826923076923 0.052884615384615384 0.04326923076923077
0 0.7307692307692307 0.7692307692307693 0.03125 0.03365384615384615
0 0.7127403846153846 0.7920673076923077 0.02403846153846154 0.02403846153846154
0 0.6742788461538461 0.8245192307692307 0.03365384615384615 0.038461538461538464
0 0.9711538461538461 0.6418269230769231 0.052884615384615384 0.11057692307692307
0 0.9110576923076923 0.7055288461538461 0.11778846153846154 0.0985576923076923
0 0.7980769230769231 0.6802884615384616 0.14182692307692307 0.0985576923076923
0 0.8317307692307693 0.7536057692307693 0.11057692307692307 0.08653846153846154
0 0.7596153846153846 0.8942307692307693 0.04567307692307692 0.04326923076923077
0 0.7548076923076923 0.75 0.057692307692307696 0.04326923076923077
0 0.7439903846153846 0.8341346153846154 0.052884615384615384 0.052884615384615384
0 0.7091346153846154 0.8569711538461539 0.03365384615384615 0.03365384615384615
0 0.7259615384615384 0.7764423076923077 0.052884615384615384 0.04326923076923077
0 0.7043269230769231 0.8040865384615384 0.038461538461538464 0.040865384615384616
0 0.9134615384615384 0.5793269230769231 0.0985576923076923 0.10336538461538461
0 0.5877403846153846 0.8870192307692307 0.019230769230769232 0.026442307692307692