0 0.09735576923076923 0.3942307692307692 0.03365384615384615 0.03125
0 0.5024038461538461 0.02283653846153846 0.08653846153846154 0.04567307692307692
0 0.32091346153846156 0.13581730769230768 0.06971153846153846 0.06009615384615385
0 0.19591346153846154 0.44471153846153844 0.02403846153846154 0.021634615384615384
0 0.3329326923076923 0.37259615384615385 0.03125 0.026442307692307692
0 0.203125 0.3173076923076923 0.04326923076923077 0.038461538461538464
0 0.34975961538461536 0.3317307692307692 0.055288461538461536 0.04567307692307692
0 0.4254807692307692 0.30528846153846156 0.1466346153846154 0.125
0 0.8689903846153846 0.2668269230769231 0.12980769230769232 0.10096153846153846
0 0.40024038461538464 0.9194711538461539 0.06971153846153846 0.06490384615384616
0 0.39903846153846156 0.8449519230769231 0.07932692307692307 0.08173076923076923
0 0.5733173076923077 0.9050480769230769 0.04326923076923077 0.04567307692307692
0 0.3317307692307692 0.8990384615384616 0.07932692307692307 0.08173076923076923
0 0.5216346153846154 0.8533653846153846 0.06009615384615385 0.0625
0 0.4795673076923077 0.8209134615384616 0.07451923076923077 0.09375
0 0.44350961538461536 0.7632211538461539 0.07692307692307693 0.09375
0 0.44591346153846156 0.9495192307692307 0.06490384615384616 0.06971153846153846
0 0.46875 0.9050480769230769 0.09134615384615384 0.09615384615384616
0 0.6983173076923077 0.9675480769230769 0.07932692307692307 0.06009615384615385
0 0.7175480769230769 0.8774038461538461 0.11298076923076923 0.1346153846153846
0 0.7740384615384616 0.953125 0.09134615384615384 0.0889423076923077
0 0.8257211538461539 0.984375 0.07932692307692307 0.026442307692307692