0 0.3161057692307692 0.07932692307692307 0.0985576923076923 0.15865384615384615
0 0.22355769230769232 0.07692307692307693 0.03365384615384615 0.038461538461538464
0 0.2439903846153846 0.35336538461538464 0.02403846153846154 0.026442307692307692
0 0.3233173076923077 0.15745192307692307 0.038461538461538464 0.04567307692307692
0 0.35336538461538464 0.35096153846153844 0.02403846153846154 0.028846153846153848
0 0.038461538461538464 0.8605769230769231 0.07692307692307693 0.08653846153846154
0 0.0733173076923077 0.9302884615384616 0.07932692307692307 0.06490384615384616
0 0.03125 0.9471153846153846 0.0625 0.0625
0 0.009615384615384616 0.9050480769230769 0.019230769230769232 0.06009615384615385
0 0.5396634615384616 0.49038461538461536 0.11778846153846154 0.11538461538461539
0 0.7223557692307693 0.9651442307692307 0.14182692307692307 0.06490384615384616
0 0.4387019230769231 0.7307692307692307 0.06490384615384616 0.07451923076923077
0 0.39783653846153844 0.5012019230769231 0.055288461538461536 0.06009615384615385
0 0.7451923076923077 0.9206730769230769 0.17307692307692307 0.15384615384615385
0 0.7548076923076923 0.7632211538461539 0.24278846153846154 0.2692307692307692
0 0.8942307692307693 0.6478365384615384 0.20673076923076922 0.3004807692307692