0 0.44591346153846156 0.34375 0.03125 0.03125
0 0.41466346153846156 0.33653846153846156 0.036057692307692304 0.036057692307692304
0 0.29447115384615385 0.29927884615384615 0.0673076923076923 0.0673076923076923
0 0.0985576923076923 0.22716346153846154 0.11298076923076923 0.11298076923076923
0 0.47596153846153844 0.3545673076923077 0.021634615384615384 0.021634615384615384
0 0.49399038461538464 0.3605769230769231 0.014423076923076924 0.014423076923076924
0 0.5060096153846154 0.3641826923076923 0.014423076923076924 0.014423076923076924
0 0.5180288461538461 0.3641826923076923 0.014423076923076924 0.014423076923076924
0 0.5841346153846154 0.13341346153846154 0.09134615384615384 0.24278846153846154
0 0.9555288461538461 0.12860576923076922 0.08413461538461539 0.13221153846153846
0 0.8329326923076923 0.23798076923076922 0.15144230769230768 0.15144230769230768
0 0.8209134615384616 0.07211538461538461 0.25240384615384615 0.14423076923076922
0 0.9026442307692307 0.125 0.16105769230769232 0.16105769230769232
0 0.8293269230769231 0.34615384615384615 0.1201923076923077 0.10096153846153846
0 0.25721153846153844 0.4411057692307692 0.22596153846153846 0.08413461538461539
0 0.17427884615384615 0.8978365384615384 0.0673076923076923 0.0673076923076923
0 0.33052884615384615 0.5240384615384616 0.18269230769230768 0.18269230769230768
0 0.21394230769230768 0.6971153846153846 0.125 0.125
0 0.23918269230769232 0.5685096153846154 0.16346153846153846 0.16346153846153846
0 0.28125 0.7403846153846154 0.0889423076923077 0.0889423076923077
0 0.265625 0.9182692307692307 0.15384615384615385 0.15384615384615385
0 0.03485576923076923 0.9146634615384616 0.06971153846153846 0.0889423076923077
0 0.19110576923076922 0.828125 0.08173076923076923 0.08173076923076923
0 0.16466346153846154 0.9783653846153846 0.05048076923076923 0.038461538461538464
0 0.18870192307692307 0.9879807692307693 0.04567307692307692 0.019230769230769232
0 0.21394230769230768 0.9915865384615384 0.052884615384615384 0.01201923076923077
0 0.8954326923076923 0.6081730769230769 0.15625 0.15625
0 0.7740384615384616 0.6033653846153846 0.17307692307692307 0.17307692307692307
0 0.8581730769230769 0.8233173076923077 0.13701923076923078 0.13701923076923078
0 0.7415865384615384 0.9831730769230769 0.07451923076923077 0.028846153846153848