0 0.17548076923076922 0.43028846153846156 0.036057692307692304 0.036057692307692304
0 0.3954326923076923 0.5829326923076923 0.06490384615384616 0.026442307692307692
0 0.33413461538461536 0.578125 0.052884615384615384 0.036057692307692304
0 0.23317307692307693 0.48197115384615385 0.038461538461538464 0.038461538461538464
0 0.19110576923076922 0.46875 0.028846153846153848 0.03125
0 0.15384615384615385 0.3954326923076923 0.038461538461538464 0.038461538461538464
0 0.24879807692307693 0.3605769230769231 0.13701923076923078 0.1466346153846154
0 0.052884615384615384 0.3245192307692308 0.040865384615384616 0.04326923076923077
0 0.03485576923076923 0.32572115384615385 0.021634615384615384 0.021634615384615384
0 0.014423076923076924 0.29086538461538464 0.026442307692307692 0.026442307692307692
0 0.5180288461538461 0.5600961538461539 0.036057692307692304 0.07211538461538461