0 0.30649038461538464 0.4543269230769231 0.03365384615384615 0.038461538461538464
0 0.19110576923076922 0.3329326923076923 0.052884615384615384 0.055288461538461536
0 0.4723557692307692 0.14783653846153846 0.05048076923076923 0.0985576923076923
0 0.125 0.4074519230769231 0.04326923076923077 0.05048076923076923
0 0.10216346153846154 0.12740384615384615 0.07692307692307693 0.10096153846153846
0 0.21995192307692307 0.08052884615384616 0.08653846153846154 0.10096153846153846
0 0.4675480769230769 0.26802884615384615 0.06009615384615385 0.07451923076923077
0 0.34375 0.3942307692307692 0.038461538461538464 0.04567307692307692
0 0.2800480769230769 0.49399038461538464 0.02403846153846154 0.028846153846153848
0 0.17307692307692307 0.5444711538461539 0.019230769230769232 0.021634615384615384
0 0.17427884615384615 0.5060096153846154 0.02403846153846154 0.028846153846153848
0 0.28846153846153844 0.5204326923076923 0.021634615384615384 0.019230769230769232
0 0.140625 0.546875 0.021634615384615384 0.016826923076923076
0 0.1310096153846154 0.4807692307692308 0.02403846153846154 0.028846153846153848
0 0.4026442307692308 0.3641826923076923 0.04567307692307692 0.04807692307692308
0 0.13701923076923078 0.5192307692307693 0.028846153846153848 0.03365384615384615
0 0.7271634615384616 0.30649038461538464 0.24759615384615385 0.27403846153846156
0 0.9723557692307693 0.12980769230769232 0.05048076923076923 0.25961538461538464
0 0.9387019230769231 0.24639423076923078 0.0625 0.06971153846153846
0 0.8798076923076923 0.22355769230769232 0.06009615384615385 0.06009615384615385
0 0.9603365384615384 0.17307692307692307 0.07451923076923077 0.10096153846153846
0 0.9855769230769231 0.20673076923076922 0.02403846153846154 0.07692307692307693
0 0.6742788461538461 0.7463942307692307 0.07932692307692307 0.08653846153846154