0 0.3076923076923077 0.41346153846153844 0.07211538461538461 0.04807692307692308
0 0.24639423076923078 0.3389423076923077 0.0625 0.057692307692307696
0 0.109375 0.2091346153846154 0.0673076923076923 0.06490384615384616
0 0.07932692307692307 0.40024038461538464 0.09134615384615384 0.07451923076923077
0 0.09975961538461539 0.3581730769230769 0.07932692307692307 0.0673076923076923
0 0.7427884615384616 0.037259615384615384 0.08653846153846154 0.07451923076923077
0 0.8485576923076923 0.265625 0.14182692307692307 0.13701923076923078
0 0.9242788461538461 0.38341346153846156 0.1466346153846154 0.10817307692307693
0 0.6610576923076923 0.11057692307692307 0.11057692307692307 0.11298076923076923
0 0.9423076923076923 0.30649038461538464 0.11057692307692307 0.15144230769230768
0 0.9338942307692307 0.10336538461538461 0.12740384615384615 0.15384615384615385
0 0.6995192307692307 0.056490384615384616 0.08653846153846154 0.08173076923076923
0 0.36899038461538464 0.6802884615384616 0.036057692307692304 0.04326923076923077
0 0.028846153846153848 0.6502403846153846 0.057692307692307696 0.07932692307692307
0 0.125 0.5877403846153846 0.24519230769230768 0.22115384615384615
0 0.6995192307692307 0.7307692307692307 0.13942307692307693 0.1346153846153846
0 0.9387019230769231 0.9507211538461539 0.11778846153846154 0.09375
0 0.9483173076923077 0.7740384615384616 0.0985576923076923 0.10576923076923077