0 0.10817307692307693 0.054086538461538464 0.04807692307692308 0.057692307692307696
0 0.05889423076923077 0.008413461538461538 0.05048076923076923 0.016826923076923076
0 0.078125 0.08653846153846154 0.04567307692307692 0.052884615384615384
0 0.09014423076923077 0.16105769230769232 0.040865384615384616 0.04567307692307692
0 0.10817307692307693 0.21754807692307693 0.038461538461538464 0.038461538461538464
0 0.06971153846153846 0.16466346153846154 0.036057692307692304 0.040865384615384616
0 0.08173076923076923 0.22596153846153846 0.028846153846153848 0.03365384615384615
0 0.09615384615384616 0.29927884615384615 0.028846153846153848 0.03365384615384615
0 0.08413461538461539 0.3125 0.03125 0.03125
0 0.07692307692307693 0.328125 0.026442307692307692 0.026442307692307692
0 0.08653846153846154 0.34615384615384615 0.026442307692307692 0.026442307692307692
0 0.1814903846153846 0.375 0.0889423076923077 0.0889423076923077
0 0.1814903846153846 0.5204326923076923 0.06009615384615385 0.052884615384615384
0 0.14783653846153846 0.6069711538461539 0.055288461538461536 0.040865384615384616
0 0.10817307692307693 0.37259615384615385 0.02403846153846154 0.02403846153846154
0 0.09615384615384616 0.3737980769230769 0.028846153846153848 0.026442307692307692
0 0.09134615384615384 0.43149038461538464 0.04567307692307692 0.04807692307692308
0 0.0829326923076923 0.4543269230769231 0.04567307692307692 0.04807692307692308
0 0.10216346153846154 0.4879807692307692 0.026442307692307692 0.026442307692307692
0 0.08173076923076923 0.3798076923076923 0.021634615384615384 0.02403846153846154
0 0.08413461538461539 0.5264423076923077 0.04567307692307692 0.04807692307692308
0 0.10817307692307693 0.5348557692307693 0.021634615384615384 0.019230769230769232
0 0.10576923076923077 0.5564903846153846 0.014423076923076924 0.014423076923076924
0 0.10096153846153846 0.5769230769230769 0.01201923076923077 0.01201923076923077
0 0.1045673076923077 0.5997596153846154 0.016826923076923076 0.014423076923076924
0 0.09014423076923077 0.5516826923076923 0.03125 0.03125
0 0.10576923076923077 0.6177884615384616 0.014423076923076924 0.014423076923076924
0 0.0985576923076923 0.6141826923076923 0.01201923076923077 0.01201923076923077
0 0.8810096153846154 0.5528846153846154 0.125 0.13701923076923078
0 0.7896634615384616 0.45552884615384615 0.07692307692307693 0.09134615384615384
0 0.7163461538461539 0.39302884615384615 0.07211538461538461 0.08173076923076923
0 0.9543269230769231 0.5600961538461539 0.08653846153846154 0.1346153846153846
0 0.75 0.3701923076923077 0.07692307692307693 0.08653846153846154
0 0.3473557692307692 0.9134615384615384 0.08173076923076923 0.07692307692307693
0 0.30528846153846156 0.9831730769230769 0.0673076923076923 0.028846153846153848
0 0.3798076923076923 0.9807692307692307 0.07211538461538461 0.03365384615384615
0 0.5649038461538461 0.8221153846153846 0.07211538461538461 0.08173076923076923