0 0.47836538461538464 0.1658653846153846 0.09375 0.09375
0 0.8762019230769231 0.4411057692307692 0.24278846153846154 0.15144230769230768
0 0.45072115384615385 0.8581730769230769 0.18990384615384615 0.27884615384615385
0 0.3894230769230769 0.5288461538461539 0.04326923076923077 0.019230769230769232
0 0.5 0.7151442307692307 0.04807692307692308 0.04807692307692308
0 0.3701923076923077 0.5588942307692307 0.04326923076923077 0.04326923076923077
0 0.7463942307692307 0.9146634615384616 0.19951923076923078 0.1658653846153846
0 0.7884615384615384 0.859375 0.23798076923076922 0.23557692307692307
0 0.8377403846153846 0.7764423076923077 0.10817307692307693 0.10576923076923077
0 0.6262019230769231 0.8112980769230769 0.15625 0.21875
0 0.6754807692307693 0.6754807692307693 0.15865384615384615 0.15625
0 0.65625 0.7668269230769231 0.08173076923076923 0.08173076923076923
0 0.5793269230769231 0.6670673076923077 0.0625 0.16105769230769232