0 0.31850961538461536 0.038461538461538464 0.1466346153846154 0.07692307692307693
0 0.20072115384615385 0.06490384615384616 0.1658653846153846 0.12980769230769232
0 0.3870192307692308 0.09495192307692307 0.1346153846153846 0.12259615384615384
0 0.5180288461538461 0.12259615384615384 0.0985576923076923 0.09134615384615384
0 0.6274038461538461 0.14903846153846154 0.0889423076923077 0.0889423076923077
0 0.7644230769230769 0.453125 0.052884615384615384 0.10817307692307693
0 0.8798076923076923 0.4807692307692308 0.05048076923076923 0.04326923076923077
0 0.9182692307692307 0.48197115384615385 0.04567307692307692 0.040865384615384616
0 0.9903846153846154 0.4723557692307692 0.014423076923076924 0.03125
0 0.9603365384615384 0.5132211538461539 0.036057692307692304 0.007211538461538462
0 0.7956730769230769 0.4639423076923077 0.055288461538461536 0.0625
0 0.8365384615384616 0.47596153846153844 0.057692307692307696 0.055288461538461536
0 0.9519230769230769 0.49038461538461536 0.04326923076923077 0.04567307692307692
0 0.9831730769230769 0.4891826923076923 0.028846153846153848 0.036057692307692304
0 0.8161057692307693 0.4170673076923077 0.0889423076923077 0.0889423076923077
0 0.6069711538461539 0.9555288461538461 0.04326923076923077 0.04567307692307692
0 0.5769230769230769 0.8762019230769231 0.052884615384615384 0.052884615384615384
0 0.6237980769230769 0.7367788461538461 0.08413461538461539 0.10096153846153846
0 0.6574519230769231 0.8173076923076923 0.06971153846153846 0.07451923076923077
0 0.5685096153846154 0.9362980769230769 0.05048076923076923 0.055288461538461536
0 0.46033653846153844 0.8978365384615384 0.11057692307692307 0.15144230769230768
0 0.47115384615384615 0.9879807692307693 0.0625 0.019230769230769232
0 0.7776442307692307 0.7704326923076923 0.07932692307692307 0.23798076923076922
0 0.8088942307692307 0.90625 0.14182692307692307 0.15384615384615385