0 0.3581730769230769 0.025240384615384616 0.057692307692307696 0.05048076923076923
0 0.9122596153846154 0.03485576923076923 0.07932692307692307 0.06971153846153846
0 0.9543269230769231 0.4362980769230769 0.038461538461538464 0.038461538461538464
0 0.9723557692307693 0.4567307692307692 0.05048076923076923 0.057692307692307696
0 0.5673076923076923 0.96875 0.25 0.057692307692307696
0 0.7944711538461539 0.9350961538461539 0.1466346153846154 0.125
0 0.8581730769230769 0.8040865384615384 0.15144230769230768 0.13701923076923078
0 0.8978365384615384 0.890625 0.12740384615384615 0.12259615384615384
0 0.9543269230769231 0.7860576923076923 0.08653846153846154 0.09615384615384616
0 0.9615384615384616 0.9507211538461539 0.07211538461538461 0.09375
0 0.59375 0.8521634615384616 0.40865384615384615 0.29086538461538464