0 0.17427884615384615 0.33653846153846156 0.057692307692307696 0.05048076923076923
0 0.046875 0.2439903846153846 0.026442307692307692 0.026442307692307692
0 0.06971153846153846 0.27403846153846156 0.036057692307692304 0.03365384615384615
0 0.010817307692307692 0.21153846153846154 0.021634615384615384 0.02403846153846154
0 0.10817307692307693 0.3112980769230769 0.036057692307692304 0.03365384615384615
0 0.03485576923076923 0.16706730769230768 0.026442307692307692 0.019230769230769232
0 0.01201923076923077 0.16105769230769232 0.02403846153846154 0.019230769230769232
0 0.2620192307692308 0.43149038461538464 0.20673076923076922 0.10817307692307693
0 0.003605769230769231 0.19951923076923078 0.007211538461538462 0.019230769230769232
0 0.875 0.34375 0.07211538461538461 0.0625
0 0.8461538461538461 0.39302884615384615 0.057692307692307696 0.06009615384615385
0 0.8076923076923077 0.4266826923076923 0.055288461538461536 0.0625
0 0.7788461538461539 0.453125 0.052884615384615384 0.055288461538461536
0 0.7536057692307693 0.47115384615384615 0.04567307692307692 0.028846153846153848
0 0.8713942307692307 0.2091346153846154 0.06971153846153846 0.07932692307692307
0 0.8401442307692307 0.27524038461538464 0.06009615384615385 0.0673076923076923
0 0.8040865384615384 0.33653846153846156 0.052884615384615384 0.0625
0 0.7776442307692307 0.3894230769230769 0.04567307692307692 0.057692307692307696
0 0.7548076923076923 0.40024038461538464 0.03365384615384615 0.05048076923076923
0 0.7355769230769231 0.45072115384615385 0.03365384615384615 0.036057692307692304
0 0.71875 0.48197115384615385 0.028846153846153848 0.007211538461538462
0 0.7163461538461539 0.44711538461538464 0.021634615384615384 0.028846153846153848
0 0.21634615384615385 0.7451923076923077 0.16105769230769232 0.11778846153846154
0 0.09254807692307693 0.6322115384615384 0.038461538461538464 0.04567307692307692
0 0.11658653846153846 0.6911057692307693 0.036057692307692304 0.03365384615384615
0 0.41346153846153844 0.5769230769230769 0.44711538461538464 0.1778846153846154
0 0.3293269230769231 0.7115384615384616 0.10576923076923077 0.05048076923076923
0 0.15504807692307693 0.8004807692307693 0.05048076923076923 0.03125
0 0.11658653846153846 0.7415865384615384 0.11057692307692307 0.09375
0 0.04807692307692308 0.8112980769230769 0.03125 0.03125
0 0.07572115384615384 0.8365384615384616 0.036057692307692304 0.03125
0 0.10216346153846154 0.8137019230769231 0.0673076923076923 0.052884615384615384
0 0.019230769230769232 0.8245192307692307 0.038461538461538464 0.052884615384615384
0 0.04447115384615385 0.8533653846153846 0.04326923076923077 0.038461538461538464
0 0.02283653846153846 0.859375 0.026442307692307692 0.019230769230769232
0 0.010817307692307692 0.8713942307692307 0.021634615384615384 0.019230769230769232