0 0.28725961538461536 0.04326923076923077 0.11298076923076923 0.08653846153846154
0 0.15985576923076922 0.05048076923076923 0.11298076923076923 0.10096153846153846
0 0.3629807692307692 0.14423076923076922 0.15625 0.15625
0 0.4735576923076923 0.32211538461538464 0.20432692307692307 0.19471153846153846
0 0.41466346153846156 0.3641826923076923 0.21875 0.12259615384615384
0 0.32091346153846156 0.4026442307692308 0.21394230769230768 0.04567307692307692
0 0.7668269230769231 0.06971153846153846 0.06490384615384616 0.06490384615384616
0 0.984375 0.06850961538461539 0.026442307692307692 0.036057692307692304
0 0.8641826923076923 0.07451923076923077 0.06009615384615385 0.057692307692307696
0 0.8629807692307693 0.0985576923076923 0.08413461538461539 0.08173076923076923
0 0.9098557692307693 0.06850961538461539 0.052884615384615384 0.04807692307692308
0 0.04807692307692308 0.8497596153846154 0.09615384615384616 0.15625
0 0.5180288461538461 0.9699519230769231 0.0889423076923077 0.055288461538461536
0 0.8064903846153846 0.7692307692307693 0.23317307692307693 0.25
0 0.7644230769230769 0.9435096153846154 0.21153846153846154 0.10817307692307693
0 0.875 0.9567307692307693 0.24519230769230768 0.08173076923076923