0 0.06129807692307692 0.25841346153846156 0.05048076923076923 0.05048076923076923
0 0.019230769230769232 0.33774038461538464 0.038461538461538464 0.06490384615384616
0 0.08653846153846154 0.20793269230769232 0.03125 0.03125
0 0.10096153846153846 0.18389423076923078 0.026442307692307692 0.026442307692307692
0 0.13581730769230768 0.15144230769230768 0.014423076923076924 0.014423076923076924
0 0.13581730769230768 0.13581730769230768 0.009615384615384616 0.009615384615384616
0 0.14423076923076922 0.11778846153846154 0.01201923076923077 0.01201923076923077
0 0.21514423076923078 0.9567307692307693 0.18509615384615385 0.08173076923076923
0 0.35216346153846156 0.9411057692307693 0.10817307692307693 0.11298076923076923
0 0.2848557692307692 0.7067307692307693 0.11057692307692307 0.11298076923076923
0 0.25721153846153844 0.6346153846153846 0.0673076923076923 0.0673076923076923
0 0.21514423076923078 0.5372596153846154 0.07932692307692307 0.07932692307692307
0 0.18990384615384615 0.4723557692307692 0.0625 0.0625
0 0.3401442307692308 0.8653846153846154 0.08653846153846154 0.0889423076923077
0 0.9266826923076923 0.6959134615384616 0.14182692307692307 0.2091346153846154
0 0.6911057692307693 0.6177884615384616 0.21153846153846154 0.2091346153846154
0 0.65625 0.8605769230769231 0.40865384615384615 0.27403846153846156
0 0.7800480769230769 0.46274038461538464 0.125 0.125
0 0.6706730769230769 0.41466346153846156 0.07692307692307693 0.05048076923076923
0 0.8353365384615384 0.609375 0.21875 0.22115384615384615