0 0.1935096153846154 0.04567307692307692 0.12740384615384615 0.09134615384615384
0 0.1814903846153846 0.2800480769230769 0.06490384615384616 0.0673076923076923
0 0.38822115384615385 0.33533653846153844 0.16105769230769232 0.14903846153846154
0 0.10576923076923077 0.25841346153846156 0.0673076923076923 0.07451923076923077
0 0.08413461538461539 0.2439903846153846 0.038461538461538464 0.038461538461538464
0 0.02283653846153846 0.203125 0.04567307692307692 0.05048076923076923
0 0.7680288461538461 0.24519230769230768 0.036057692307692304 0.038461538461538464
0 0.8245192307692307 0.20793269230769232 0.04326923076923077 0.04807692307692308
0 0.7848557692307693 0.12980769230769232 0.055288461538461536 0.0625
0 0.6478365384615384 0.18269230769230768 0.036057692307692304 0.04326923076923077
0 0.6286057692307693 0.22956730769230768 0.021634615384615384 0.021634615384615384
0 0.65625 0.26322115384615385 0.019230769230769232 0.019230769230769232
0 0.6862980769230769 0.2644230769230769 0.02403846153846154 0.02403846153846154
0 0.6322115384615384 0.25961538461538464 0.014423076923076924 0.014423076923076924
0 0.6069711538461539 0.24759615384615385 0.019230769230769232 0.016826923076923076
0 0.7764423076923077 0.7788461538461539 0.13701923076923078 0.13701923076923078
0 0.9278846153846154 0.7524038461538461 0.13942307692307693 0.16826923076923078
0 0.8233173076923077 0.8353365384615384 0.125 0.11778846153846154
0 0.6177884615384616 0.8882211538461539 0.07692307692307693 0.07211538461538461
0 0.6682692307692307 0.8040865384615384 0.10336538461538461 0.10817307692307693
0 0.5721153846153846 0.859375 0.08173076923076923 0.08173076923076923
0 0.5252403846153846 0.8473557692307693 0.01201923076923077 0.040865384615384616