0 0.38100961538461536 0.3449519230769231 0.09375 0.09375
0 0.07692307692307693 0.5108173076923077 0.0625 0.03125
0 0.10697115384615384 0.515625 0.05048076923076923 0.021634615384615384
0 0.17668269230769232 0.4579326923076923 0.06490384615384616 0.0673076923076923
0 0.171875 0.48677884615384615 0.04567307692307692 0.04807692307692308
0 0.16105769230769232 0.5060096153846154 0.04807692307692308 0.040865384615384616
0 0.24158653846153846 0.4362980769230769 0.0625 0.0625
0 0.22235576923076922 0.4675480769230769 0.06009615384615385 0.057692307692307696
0 0.2644230769230769 0.4362980769230769 0.03125 0.028846153846153848
0 0.2848557692307692 0.37740384615384615 0.04567307692307692 0.04807692307692308
0 0.2932692307692308 0.39663461538461536 0.04807692307692308 0.04807692307692308
0 0.28725961538461536 0.41947115384615385 0.04807692307692308 0.05048076923076923
0 0.32572115384615385 0.39663461538461536 0.03125 0.028846153846153848
0 0.3449519230769231 0.36538461538461536 0.0625 0.06009615384615385
0 0.328125 0.3449519230769231 0.028846153846153848 0.028846153846153848
0 0.3605769230769231 0.31971153846153844 0.028846153846153848 0.03125
0 0.39302884615384615 0.30649038461538464 0.036057692307692304 0.036057692307692304
0 0.41466346153846156 0.28725961538461536 0.03365384615384615 0.03365384615384615
0 0.4170673076923077 0.3004807692307692 0.026442307692307692 0.026442307692307692
0 0.4230769230769231 0.31490384615384615 0.021634615384615384 0.021634615384615384
0 0.44591346153846156 0.3004807692307692 0.02403846153846154 0.02403846153846154
0 0.4338942307692308 0.27403846153846156 0.028846153846153848 0.028846153846153848
0 0.4543269230769231 0.2548076923076923 0.02403846153846154 0.028846153846153848
0 0.4519230769230769 0.2704326923076923 0.02403846153846154 0.02403846153846154
0 0.4639423076923077 0.24158653846153846 0.004807692307692308 0.026442307692307692
0 0.45552884615384615 0.28365384615384615 0.021634615384615384 0.028846153846153848
0 0.890625 0.06370192307692307 0.21394230769230768 0.12740384615384615
0 0.828125 0.22596153846153846 0.10336538461538461 0.0985576923076923
0 0.8197115384615384 0.3112980769230769 0.18269230769230768 0.16105769230769232
0 0.7932692307692307 0.3858173076923077 0.10576923076923077 0.10336538461538461
0 0.8269230769230769 0.36899038461538464 0.07451923076923077 0.057692307692307696
0 0.9819711538461539 0.31971153846153844 0.03125 0.04807692307692308
0 0.9627403846153846 0.15144230769230768 0.06971153846153846 0.07211538461538461
0 0.2668269230769231 0.8581730769230769 0.39903846153846156 0.27884615384615385
0 0.5252403846153846 0.6274038461538461 0.11298076923076923 0.1971153846153846
0 0.8665865384615384 0.5709134615384616 0.17067307692307693 0.08413461538461539
0 0.7151442307692307 0.5793269230769231 0.13701923076923078 0.10096153846153846