0 0.2800480769230769 0.1622596153846154 0.021634615384615384 0.03125
0 0.038461538461538464 0.18870192307692307 0.04326923076923077 0.040865384615384616
0 0.1875 0.37740384615384615 0.06009615384615385 0.07692307692307693
0 0.03365384615384615 0.23918269230769232 0.04567307692307692 0.052884615384615384
0 0.17307692307692307 0.12620192307692307 0.02403846153846154 0.03125
0 0.23317307692307693 0.08774038461538461 0.019230769230769232 0.019230769230769232
0 0.25961538461538464 0.06370192307692307 0.019230769230769232 0.019230769230769232
0 0.1778846153846154 0.10096153846153846 0.019230769230769232 0.019230769230769232
0 0.28846153846153844 0.04567307692307692 0.009615384615384616 0.009615384615384616
0 0.2764423076923077 0.040865384615384616 0.009615384615384616 0.01201923076923077
0 0.46875 0.43028846153846156 0.13942307692307693 0.09134615384615384
0 0.5769230769230769 0.40384615384615385 0.15384615384615385 0.14423076923076922
0 0.6586538461538461 0.36778846153846156 0.14903846153846154 0.1658653846153846
0 0.5697115384615384 0.2403846153846154 0.11298076923076923 0.10817307692307693
0 0.38221153846153844 0.28365384615384615 0.0673076923076923 0.14423076923076922
0 0.4855769230769231 0.17067307692307693 0.07932692307692307 0.09134615384615384
0 0.41586538461538464 0.09495192307692307 0.07451923076923077 0.07692307692307693
0 0.3713942307692308 0.07572115384615384 0.04567307692307692 0.15144230769230768
0 0.4807692307692308 0.27283653846153844 0.09615384615384616 0.1201923076923077
0 0.375 0.04567307692307692 0.052884615384615384 0.057692307692307696
0 0.08533653846153846 0.8653846153846154 0.17067307692307693 0.2644230769230769
0 0.04567307692307692 0.6418269230769231 0.09134615384615384 0.11057692307692307
0 0.13581730769230768 0.5829326923076923 0.08173076923076923 0.07692307692307693
0 0.234375 0.5492788461538461 0.09134615384615384 0.08653846153846154
0 0.23076923076923078 0.7055288461538461 0.13221153846153846 0.12980769230769232
0 0.3088942307692308 0.5228365384615384 0.06009615384615385 0.057692307692307696
0 0.33533653846153844 0.6033653846153846 0.021634615384615384 0.08173076923076923
0 0.9783653846153846 0.828125 0.038461538461538464 0.12740384615384615
0 0.6658653846153846 0.640625 0.10336538461538461 0.11538461538461539
0 0.7572115384615384 0.5144230769230769 0.09134615384615384 0.07211538461538461
0 0.6490384615384616 0.5036057692307693 0.06490384615384616 0.04807692307692308
0 0.6826923076923077 0.48677884615384615 0.07692307692307693 0.016826923076923076
0 0.8942307692307693 0.484375 0.04807692307692308 0.01201923076923077
0 0.9891826923076923 0.4855769230769231 0.016826923076923076 0.014423076923076924