0 0.06971153846153846 0.46274038461538464 0.13942307692307693 0.10817307692307693
0 0.7848557692307693 0.4170673076923077 0.17548076923076922 0.17548076923076922
0 0.6899038461538461 0.41947115384615385 0.0625 0.06009615384615385
0 0.6490384615384616 0.4254807692307692 0.057692307692307696 0.057692307692307696
0 0.6129807692307693 0.4375 0.040865384615384616 0.04326923076923077
0 0.5661057692307693 0.4543269230769231 0.07932692307692307 0.08413461538461539
0 0.5180288461538461 0.44711538461538464 0.04326923076923077 0.040865384615384616
0 0.49158653846153844 0.328125 0.04326923076923077 0.04567307692307692
0 0.6778846153846154 0.7055288461538461 0.10336538461538461 0.10336538461538461
0 0.8533653846153846 0.6959134615384616 0.14903846153846154 0.14903846153846154
0 0.7740384615384616 0.765625 0.12259615384615384 0.11778846153846154
0 0.5685096153846154 0.7163461538461539 0.07451923076923077 0.07932692307692307
0 0.5192307692307693 0.7740384615384616 0.04567307692307692 0.052884615384615384
0 0.6658653846153846 0.7716346153846154 0.0889423076923077 0.09134615384615384