0 0.3786057692307692 0.04447115384615385 0.11298076923076923 0.0889423076923077
0 0.22716346153846154 0.2536057692307692 0.07932692307692307 0.07692307692307693
0 0.5240384615384616 0.2920673076923077 0.08653846153846154 0.08173076923076923
0 0.5480769230769231 0.1935096153846154 0.1971153846153846 0.24278846153846154
0 0.05889423076923077 0.5444711538461539 0.11778846153846154 0.21394230769230768
0 0.1045673076923077 0.7211538461538461 0.15384615384615385 0.14903846153846154
0 0.15985576923076922 0.8798076923076923 0.11778846153846154 0.11778846153846154
0 0.14543269230769232 0.4675480769230769 0.29086538461538464 0.17548076923076922
0 0.1971153846153846 0.9483173076923077 0.19230769230769232 0.0985576923076923
0 0.6550480769230769 0.7319711538461539 0.057692307692307696 0.06009615384615385
0 0.5745192307692307 0.546875 0.11538461538461539 0.11778846153846154
0 0.6550480769230769 0.671875 0.06490384615384616 0.0673076923076923
0 0.65625 0.5973557692307693 0.08653846153846154 0.0889423076923077
0 0.6502403846153846 0.4831730769230769 0.1201923076923077 0.1201923076923077
0 0.6189903846153846 0.7596153846153846 0.05048076923076923 0.05048076923076923
0 0.5576923076923077 0.42788461538461536 0.1201923076923077 0.09615384615384616
0 0.5949519230769231 0.6153846153846154 0.07692307692307693 0.07451923076923077
0 0.6021634615384616 0.6923076923076923 0.0673076923076923 0.06971153846153846
0 0.6514423076923077 0.8786057692307693 0.03365384615384615 0.03365384615384615
0 0.6274038461538461 0.8617788461538461 0.03365384615384615 0.036057692307692304
0 0.6586538461538461 0.8016826923076923 0.03365384615384615 0.03365384615384615
0 0.625 0.8834134615384616 0.026442307692307692 0.026442307692307692
0 0.6201923076923077 0.828125 0.026442307692307692 0.026442307692307692
0 0.6442307692307693 0.8882211538461539 0.026442307692307692 0.026442307692307692
0 0.6165865384615384 0.8016826923076923 0.03365384615384615 0.03365384615384615
0 0.6538461538461539 0.9050480769230769 0.026442307692307692 0.026442307692307692
0 0.6045673076923077 0.7223557692307693 0.036057692307692304 0.038461538461538464
0 0.6550480769230769 0.921875 0.02403846153846154 0.02403846153846154
0 0.6502403846153846 0.42788461538461536 0.2764423076923077 0.09615384615384616
0 0.6526442307692307 0.7764423076923077 0.05048076923076923 0.05048076923076923
0 0.65625 0.84375 0.03125 0.03125
0 0.6550480769230769 0.8233173076923077 0.036057692307692304 0.038461538461538464
0 0.6213942307692307 0.8461538461538461 0.02403846153846154 0.02403846153846154
0 0.6550480769230769 0.9375 0.016826923076923076 0.019230769230769232
0 0.6538461538461539 0.9519230769230769 0.016826923076923076 0.016826923076923076
0 0.6526442307692307 0.9627403846153846 0.016826923076923076 0.019230769230769232
0 0.6442307692307693 0.9735576923076923 0.01201923076923077 0.014423076923076924
0 0.6286057692307693 0.9050480769230769 0.016826923076923076 0.019230769230769232
0 0.625 0.9194711538461539 0.036057692307692304 0.036057692307692304
0 0.6370192307692307 0.9314903846153846 0.014423076923076924 0.016826923076923076
0 0.6346153846153846 0.9447115384615384 0.014423076923076924 0.014423076923076924