0 0.004807692307692308 0.05889423076923077 0.009615384615384616 0.03125
0 0.18389423076923078 0.38221153846153844 0.028846153846153848 0.038461538461538464
0 0.25 0.28725961538461536 0.04567307692307692 0.05048076923076923
0 0.10576923076923077 0.12740384615384615 0.021634615384615384 0.021634615384615384
0 0.11298076923076923 0.2644230769230769 0.02403846153846154 0.026442307692307692
0 0.025240384615384616 0.025240384615384616 0.014423076923076924 0.016826923076923076
0 0.055288461538461536 0.0625 0.021634615384615384 0.019230769230769232
0 0.13221153846153846 0.19230769230769232 0.028846153846153848 0.028846153846153848
0 0.052884615384615384 0.08653846153846154 0.019230769230769232 0.016826923076923076
0 0.016826923076923076 0.11658653846153846 0.021634615384615384 0.016826923076923076
0 0.7848557692307693 0.19951923076923078 0.055288461538461536 0.040865384615384616
0 0.7560096153846154 0.1502403846153846 0.052884615384615384 0.040865384615384616
0 0.6694711538461539 0.21754807692307693 0.036057692307692304 0.028846153846153848
0 0.6466346153846154 0.19110576923076922 0.014423076923076924 0.026442307692307692
0 0.9170673076923077 0.09495192307692307 0.0889423076923077 0.0625
0 0.296875 0.7259615384615384 0.12980769230769232 0.15625
0 0.4987980769230769 0.8605769230769231 0.16826923076923078 0.15384615384615385
0 0.5925480769230769 0.6418269230769231 0.0889423076923077 0.23557692307692307