0 0.06009615384615385 0.3161057692307692 0.1201923076923077 0.11778846153846154
0 0.2980769230769231 0.34975961538461536 0.0673076923076923 0.057692307692307696
0 0.40384615384615385 0.3737980769230769 0.038461538461538464 0.03365384615384615
0 0.47475961538461536 0.38822115384615385 0.028846153846153848 0.026442307692307692
0 0.8810096153846154 0.1622596153846154 0.0889423076923077 0.0889423076923077
0 0.9122596153846154 0.1201923076923077 0.0673076923076923 0.07692307692307693
0 0.9903846153846154 0.234375 0.014423076923076924 0.055288461538461536
0 0.7475961538461539 0.03485576923076923 0.09134615384615384 0.06971153846153846
0 0.08774038461538461 0.6466346153846154 0.125 0.12980769230769232
0 0.06610576923076923 0.5901442307692307 0.11778846153846154 0.08413461538461539
0 0.3786057692307692 0.8774038461538461 0.06009615384615385 0.06490384615384616
0 0.4735576923076923 0.9807692307692307 0.057692307692307696 0.03365384615384615
0 0.203125 0.6911057692307693 0.10336538461538461 0.11778846153846154
0 0.24278846153846154 0.7836538461538461 0.09375 0.10576923076923077
0 0.2800480769230769 0.7776442307692307 0.07932692307692307 0.09615384615384616
0 0.43028846153846156 0.9579326923076923 0.06009615384615385 0.0625
0 0.42788461538461536 0.9302884615384616 0.06009615384615385 0.06490384615384616
0 0.48197115384615385 0.9735576923076923 0.05048076923076923 0.04807692307692308
0 0.7752403846153846 0.7884615384615384 0.07692307692307693 0.06971153846153846
0 0.9567307692307693 0.75 0.03125 0.028846153846153848
0 0.8353365384615384 0.7620192307692307 0.06971153846153846 0.0625
0 0.9783653846153846 0.7596153846153846 0.036057692307692304 0.03365384615384615
0 0.9915865384615384 0.7800480769230769 0.01201923076923077 0.026442307692307692
0 0.8834134615384616 0.7439903846153846 0.052884615384615384 0.05048076923076923
0 0.5637019230769231 0.7103365384615384 0.10817307692307693 0.18028846153846154
0 0.9375 0.7475961538461539 0.028846153846153848 0.02403846153846154
0 0.921875 0.7271634615384616 0.036057692307692304 0.03365384615384615