0 0.3701923076923077 0.2824519230769231 0.08653846153846154 0.14903846153846154
0 0.2620192307692308 0.007211538461538462 0.04326923076923077 0.014423076923076924
0 0.5661057692307693 0.13341346153846154 0.040865384615384616 0.06971153846153846
0 0.38461538461538464 0.9495192307692307 0.14903846153846154 0.09615384615384616
0 0.3581730769230769 0.8677884615384616 0.040865384615384616 0.040865384615384616
0 0.2127403846153846 0.9459134615384616 0.038461538461538464 0.036057692307692304
0 0.23076923076923078 0.8990384615384616 0.028846153846153848 0.026442307692307692
0 0.1935096153846154 0.8978365384615384 0.04326923076923077 0.04807692307692308
0 0.1658653846153846 0.8665865384615384 0.03125 0.03125
0 0.10096153846153846 0.8581730769230769 0.026442307692307692 0.026442307692307692
0 0.14783653846153846 0.8365384615384616 0.02403846153846154 0.026442307692307692
0 0.1141826923076923 0.8413461538461539 0.026442307692307692 0.026442307692307692
0 0.11298076923076923 0.8221153846153846 0.021634615384615384 0.021634615384615384
0 0.0673076923076923 0.8040865384615384 0.021634615384615384 0.021634615384615384
0 0.019230769230769232 0.7944711538461539 0.019230769230769232 0.019230769230769232
0 0.03365384615384615 0.7896634615384616 0.019230769230769232 0.019230769230769232
0 0.10336538461538461 0.7788461538461539 0.019230769230769232 0.019230769230769232
0 0.06850961538461539 0.7680288461538461 0.01201923076923077 0.01201923076923077
0 0.042067307692307696 0.7644230769230769 0.01201923076923077 0.014423076923076924
0 0.01201923076923077 0.7487980769230769 0.014423076923076924 0.01201923076923077
0 0.001201923076923077 0.75 0.002403846153846154 0.014423076923076924