0 0.40384615384615385 0.4891826923076923 0.038461538461538464 0.040865384615384616
0 0.25961538461538464 0.4050480769230769 0.057692307692307696 0.06009615384615385
0 0.5 0.14302884615384615 0.10336538461538461 0.10576923076923077
0 0.21634615384615385 0.4951923076923077 0.05048076923076923 0.055288461538461536
0 0.11778846153846154 0.23197115384615385 0.09375 0.10576923076923077
0 0.21754807692307693 0.15504807692307693 0.10096153846153846 0.10817307692307693
0 0.515625 0.26322115384615385 0.08413461538461539 0.08173076923076923
0 0.4230769230769231 0.421875 0.04567307692307692 0.04807692307692308
0 0.390625 0.5348557692307693 0.028846153846153848 0.03125
0 0.2920673076923077 0.5637019230769231 0.03125 0.007211538461538462
0 0.4050480769230769 0.5576923076923077 0.026442307692307692 0.019230769230769232
0 0.2439903846153846 0.5576923076923077 0.03125 0.019230769230769232
0 0.47115384615384615 0.3762019230769231 0.05048076923076923 0.052884615384615384
0 0.9567307692307693 0.3581730769230769 0.08173076923076923 0.09615384615384616
0 0.48197115384615385 0.9783653846153846 0.07932692307692307 0.038461538461538464
0 0.38822115384615385 0.9110576923076923 0.14182692307692307 0.13701923076923078
0 0.5865384615384616 0.9375 0.019230769230769232 0.07692307692307693
0 0.5168269230769231 0.9230769230769231 0.0985576923076923 0.09615384615384616
0 0.6442307692307693 0.671875 0.09134615384615384 0.12259615384615384