0 0.41586538461538464 0.12259615384615384 0.057692307692307696 0.05048076923076923
0 0.9567307692307693 0.10697115384615384 0.08173076923076923 0.08173076923076923
0 0.9170673076923077 0.2127403846153846 0.08413461538461539 0.0985576923076923
0 0.9663461538461539 0.19951923076923078 0.0625 0.08653846153846154
0 0.9362980769230769 0.30288461538461536 0.09375 0.0673076923076923
0 0.46875 0.5444711538461539 0.04326923076923077 0.04326923076923077
0 0.3641826923076923 0.36899038461538464 0.04807692307692308 0.04807692307692308
0 0.16706730769230768 0.7824519230769231 0.14903846153846154 0.1971153846153846
0 0.05048076923076923 0.9567307692307693 0.10096153846153846 0.08173076923076923
0 0.5889423076923077 0.3425480769230769 0.02403846153846154 0.007211538461538462
0 0.5877403846153846 0.36177884615384615 0.01201923076923077 0.01201923076923077
0 0.5805288461538461 0.3557692307692308 0.014423076923076924 0.01201923076923077
0 0.5600961538461539 0.39783653846153844 0.014423076923076924 0.01201923076923077
0 0.5540865384615384 0.3786057692307692 0.021634615384615384 0.014423076923076924
0 0.5408653846153846 0.34134615384615385 0.019230769230769232 0.004807692307692308
0 0.5168269230769231 0.3473557692307692 0.02403846153846154 0.016826923076923076
0 0.5180288461538461 0.4483173076923077 0.03365384615384615 0.040865384615384616
0 0.8257211538461539 0.96875 0.12740384615384615 0.057692307692307696
0 0.8846153846153846 0.7295673076923077 0.22596153846153846 0.31971153846153844
0 0.9471153846153846 0.4266826923076923 0.10096153846153846 0.17548076923076922