0 0.34134615384615385 0.4411057692307692 0.14903846153846154 0.25240384615384615
0 0.18509615384615385 0.027644230769230768 0.021634615384615384 0.021634615384615384
0 0.16466346153846154 0.003605769230769231 0.026442307692307692 0.007211538461538462
0 0.21394230769230768 0.14182692307692307 0.038461538461538464 0.038461538461538464
0 0.29447115384615385 0.11057692307692307 0.028846153846153848 0.026442307692307692
0 0.3701923076923077 0.3076923076923077 0.04807692307692308 0.04326923076923077
0 0.20673076923076922 0.18870192307692307 0.04326923076923077 0.040865384615384616
0 0.25600961538461536 0.05048076923076923 0.021634615384615384 0.016826923076923076
0 0.9314903846153846 0.2439903846153846 0.13221153846153846 0.18509615384615385
0 0.6045673076923077 0.125 0.37259615384615385 0.25
0 0.43149038461538464 0.8894230769230769 0.026442307692307692 0.11057692307692307
0 0.7091346153846154 0.921875 0.0625 0.055288461538461536
0 0.6310096153846154 0.8858173076923077 0.07451923076923077 0.0673076923076923
0 0.5709134615384616 0.9074519230769231 0.0889423076923077 0.07451923076923077
0 0.5216346153846154 0.8629807692307693 0.10576923076923077 0.09615384615384616