0 0.43990384615384615 0.038461538461538464 0.03365384615384615 0.04807692307692308
0 0.375 0.09375 0.07692307692307693 0.06009615384615385
0 0.7019230769230769 0.0733173076923077 0.0625 0.04326923076923077
0 0.6694711538461539 0.23918269230769232 0.14903846153846154 0.16346153846153846
0 0.6550480769230769 0.4362980769230769 0.18990384615384615 0.06009615384615385
0 0.5625 0.3641826923076923 0.20673076923076922 0.20432692307692307
0 0.5084134615384616 0.3737980769230769 0.0985576923076923 0.18509615384615385
0 0.4362980769230769 0.8269230769230769 0.040865384615384616 0.1346153846153846
0 0.3942307692307692 0.9591346153846154 0.125 0.07692307692307693
0 0.43509615384615385 0.5841346153846154 0.04326923076923077 0.10576923076923077
0 0.9855769230769231 0.6838942307692307 0.02403846153846154 0.06009615384615385
0 0.7848557692307693 0.5048076923076923 0.0985576923076923 0.07211538461538461
0 0.9903846153846154 0.6550480769230769 0.014423076923076924 0.04567307692307692
0 0.9242788461538461 0.5901442307692307 0.1466346153846154 0.17067307692307693
0 0.8389423076923077 0.4891826923076923 0.08173076923076923 0.040865384615384616
0 0.8978365384615384 0.5192307692307693 0.0673076923076923 0.057692307692307696