0 0.1814903846153846 0.004807692307692308 0.021634615384615384 0.009615384615384616
0 0.48677884615384615 0.23197115384615385 0.125 0.1346153846153846
0 0.41346153846153844 0.19230769230769232 0.07932692307692307 0.08173076923076923
0 0.35336538461538464 0.13581730769230768 0.06009615384615385 0.06490384615384616
0 0.3245192307692308 0.11538461538461539 0.04567307692307692 0.04807692307692308
0 0.2956730769230769 0.10216346153846154 0.04326923076923077 0.04326923076923077
0 0.2824519230769231 0.08413461538461539 0.038461538461538464 0.036057692307692304
0 0.265625 0.06610576923076923 0.038461538461538464 0.038461538461538464
0 0.24879807692307693 0.0625 0.03365384615384615 0.036057692307692304
0 0.23798076923076922 0.046875 0.028846153846153848 0.03125
0 0.26322115384615385 0.02283653846153846 0.028846153846153848 0.03125
0 0.22355769230769232 0.038461538461538464 0.026442307692307692 0.026442307692307692
0 0.203125 0.026442307692307692 0.02403846153846154 0.026442307692307692
0 0.24879807692307693 0.019230769230769232 0.026442307692307692 0.026442307692307692
0 0.6526442307692307 0.2668269230769231 0.04567307692307692 0.1875
0 0.65625 0.12379807692307693 0.052884615384615384 0.14182692307692307
0 0.6658653846153846 0.028846153846153848 0.07211538461538461 0.057692307692307696
0 0.5384615384615384 0.6141826923076923 0.1778846153846154 0.05048076923076923