0 0.4519230769230769 0.014423076923076924 0.0625 0.028846153846153848
0 0.4338942307692308 0.06610576923076923 0.06490384615384616 0.0673076923076923
0 0.5552884615384616 0.014423076923076924 0.052884615384615384 0.028846153846153848
0 0.6346153846153846 0.03485576923076923 0.028846153846153848 0.028846153846153848
0 0.5012019230769231 0.018028846153846152 0.055288461538461536 0.036057692307692304
0 0.7079326923076923 0.021634615384615384 0.06971153846153846 0.04326923076923077
0 0.4254807692307692 0.04447115384615385 0.06009615384615385 0.057692307692307696
0 0.7355769230769231 0.003605769230769231 0.028846153846153848 0.007211538461538462
0 0.24639423076923078 0.46875 0.28125 0.1778846153846154
0 0.14543269230769232 0.5108173076923077 0.29086538461538464 0.2620192307692308
0 0.8497596153846154 0.7175480769230769 0.11538461538461539 0.1201923076923077
0 0.8341346153846154 0.9411057692307693 0.07211538461538461 0.07211538461538461
0 0.6658653846153846 0.8870192307692307 0.1346153846153846 0.1466346153846154