0 0.0889423076923077 0.39302884615384615 0.04326923076923077 0.026442307692307692
0 0.2644230769230769 0.3016826923076923 0.07211538461538461 0.07932692307692307
0 0.1466346153846154 0.36778846153846156 0.06009615384615385 0.06490384615384616
0 0.8605769230769231 0.3894230769230769 0.04326923076923077 0.03365384615384615
0 0.8341346153846154 0.24519230769230768 0.10096153846153846 0.11057692307692307
0 0.8269230769230769 0.10697115384615384 0.16105769230769232 0.18028846153846154
0 0.9206730769230769 0.1201923076923077 0.15384615384615385 0.2403846153846154
0 0.9230769230769231 0.27403846153846156 0.10817307692307693 0.10817307692307693
0 0.8605769230769231 0.34975961538461536 0.0673076923076923 0.07451923076923077
0 0.46274038461538464 0.036057692307692304 0.12259615384615384 0.07211538461538461
0 0.6911057692307693 0.3557692307692308 0.057692307692307696 0.06009615384615385
0 0.9074519230769231 0.3701923076923077 0.11778846153846154 0.07211538461538461
0 0.30408653846153844 0.8149038461538461 0.057692307692307696 0.06009615384615385
0 0.19471153846153846 0.9519230769230769 0.02403846153846154 0.021634615384615384
0 0.2283653846153846 0.9555288461538461 0.026442307692307692 0.026442307692307692
0 0.14182692307692307 0.9110576923076923 0.026442307692307692 0.026442307692307692
0 0.28846153846153844 0.7211538461538461 0.052884615384615384 0.055288461538461536
0 0.18629807692307693 0.9603365384615384 0.016826923076923076 0.016826923076923076
0 0.16105769230769232 0.9507211538461539 0.014423076923076924 0.014423076923076924
0 0.5012019230769231 0.859375 0.06490384615384616 0.06009615384615385
0 0.625 0.8617788461538461 0.10096153846153846 0.09375
0 0.421875 0.8617788461538461 0.04567307692307692 0.05048076923076923
0 0.6045673076923077 0.9026442307692307 0.24278846153846154 0.18990384615384615