0 0.4182692307692308 0.10336538461538461 0.038461538461538464 0.05048076923076923
0 0.4074519230769231 0.39302884615384615 0.05048076923076923 0.026442307692307692
0 0.3858173076923077 0.33653846153846156 0.04807692307692308 0.055288461538461536
0 0.4050480769230769 0.35096153846153844 0.04807692307692308 0.04567307692307692
0 0.6742788461538461 0.046875 0.07451923076923077 0.07692307692307693
0 0.6466346153846154 0.007211538461538462 0.03365384615384615 0.014423076923076924
0 0.7524038461538461 0.16346153846153846 0.06971153846153846 0.06971153846153846
0 0.8701923076923077 0.3641826923076923 0.2548076923076923 0.08413461538461539
0 0.29927884615384615 0.43509615384615385 0.16105769230769232 0.052884615384615384
0 0.5024038461538461 0.4423076923076923 0.028846153846153848 0.0673076923076923
0 0.5180288461538461 0.703125 0.06009615384615385 0.07451923076923077
0 0.5336538461538461 0.7908653846153846 0.09134615384615384 0.07692307692307693
0 0.5084134615384616 0.6310096153846154 0.040865384615384616 0.07451923076923077