0 0.6117788461538461 0.3701923076923077 0.08413461538461539 0.14903846153846154
0 0.6838942307692307 0.25 0.14903846153846154 0.10576923076923077
0 0.7824519230769231 0.17668269230769232 0.10096153846153846 0.0625
0 0.14423076923076922 0.8377403846153846 0.06971153846153846 0.08413461538461539
0 0.24278846153846154 0.6442307692307693 0.026442307692307692 0.036057692307692304
0 0.15745192307692307 0.7439903846153846 0.04807692307692308 0.06490384615384616
0 0.14182692307692307 0.6634615384615384 0.03125 0.03125
0 0.16947115384615385 0.5997596153846154 0.016826923076923076 0.021634615384615384
0 0.15264423076923078 0.6911057692307693 0.04326923076923077 0.04326923076923077
0 0.15264423076923078 0.6370192307692307 0.03125 0.026442307692307692
0 0.15745192307692307 0.6117788461538461 0.02403846153846154 0.03125
0 0.5913461538461539 0.6298076923076923 0.04326923076923077 0.08173076923076923
0 0.6117788461538461 0.6706730769230769 0.08413461538461539 0.1201923076923077