0 0.5588942307692307 0.2860576923076923 0.1658653846153846 0.17067307692307693
0 0.5108173076923077 0.09615384615384616 0.18509615384615385 0.19230769230769232
0 0.7223557692307693 0.25961538461538464 0.12980769230769232 0.15144230769230768
0 0.7007211538461539 0.38100961538461536 0.125 0.125
0 0.7235576923076923 0.1045673076923077 0.1971153846153846 0.2091346153846154
0 0.8004807692307693 0.43990384615384615 0.08173076923076923 0.08413461538461539
0 0.9266826923076923 0.12740384615384615 0.11298076923076923 0.20192307692307693
0 0.828125 0.35216346153846156 0.09375 0.10576923076923077
0 0.9507211538461539 0.5432692307692307 0.057692307692307696 0.05048076923076923
0 0.9747596153846154 0.4074519230769231 0.04567307692307692 0.07932692307692307
0 0.8665865384615384 0.49038461538461536 0.07451923076923077 0.08413461538461539
0 0.9134615384615384 0.5252403846153846 0.055288461538461536 0.06009615384615385
0 0.9819711538461539 0.5552884615384616 0.03125 0.02403846153846154
0 0.9459134615384616 0.26322115384615385 0.10336538461538461 0.17067307692307693
0 0.9831730769230769 0.3557692307692308 0.028846153846153848 0.09134615384615384
0 0.3737980769230769 0.8317307692307693 0.055288461538461536 0.05048076923076923
0 0.20673076923076922 0.9711538461538461 0.021634615384615384 0.021634615384615384
0 0.18269230769230768 0.9855769230769231 0.021634615384615384 0.021634615384615384
0 0.37740384615384615 0.8713942307692307 0.052884615384615384 0.040865384615384616
0 0.39903846153846156 0.8365384615384616 0.03365384615384615 0.038461538461538464
0 0.33533653846153844 0.8665865384615384 0.04567307692307692 0.038461538461538464
0 0.30649038461538464 0.8918269230769231 0.04326923076923077 0.038461538461538464
0 0.265625 0.9387019230769231 0.0673076923076923 0.0673076923076923
0 0.33533653846153844 0.8918269230769231 0.038461538461538464 0.03365384615384615
0 0.3088942307692308 0.9194711538461539 0.02403846153846154 0.036057692307692304
0 0.9675480769230769 0.9507211538461539 0.036057692307692304 0.04807692307692308
0 0.5733173076923077 0.7115384615384616 0.10096153846153846 0.10096153846153846