0 0.20552884615384615 0.5228365384615384 0.03125 0.03125
0 0.2800480769230769 0.5817307692307693 0.019230769230769232 0.019230769230769232
0 0.15144230769230768 0.5072115384615384 0.028846153846153848 0.021634615384615384
0 0.25721153846153844 0.5516826923076923 0.019230769230769232 0.019230769230769232
0 0.33653846153846156 0.5949519230769231 0.014423076923076924 0.002403846153846154
0 0.24158653846153846 0.5600961538461539 0.019230769230769232 0.014423076923076924
0 0.2932692307692308 0.5817307692307693 0.016826923076923076 0.019230769230769232
0 0.17548076923076922 0.43990384615384615 0.03125 0.040865384615384616
0 0.23677884615384615 0.49038461538461536 0.026442307692307692 0.03125
0 0.2776442307692308 0.5240384615384616 0.02403846153846154 0.021634615384615384
0 0.3137019230769231 0.5516826923076923 0.019230769230769232 0.019230769230769232
0 0.30528846153846156 0.5673076923076923 0.016826923076923076 0.014423076923076924
0 0.3329326923076923 0.5673076923076923 0.016826923076923076 0.019230769230769232
0 0.33052884615384615 0.5853365384615384 0.01201923076923077 0.014423076923076924
0 0.6370192307692307 0.38100961538461536 0.10096153846153846 0.10096153846153846
0 0.23557692307692307 0.9362980769230769 0.11057692307692307 0.09615384615384616
0 0.3173076923076923 0.9278846153846154 0.09134615384615384 0.07692307692307693
0 0.34975961538461536 0.9855769230769231 0.055288461538461536 0.02403846153846154
0 0.3954326923076923 0.9711538461538461 0.06009615384615385 0.052884615384615384