0 0.21995192307692307 0.09615384615384616 0.09375 0.16346153846153846
0 0.171875 0.42427884615384615 0.12259615384615384 0.06490384615384616
0 0.1502403846153846 0.04567307692307692 0.19471153846153846 0.09134615384615384
0 0.10096153846153846 0.10817307692307693 0.20192307692307693 0.21634615384615385
0 0.15264423076923078 0.19591346153846154 0.1778846153846154 0.1778846153846154
0 0.08653846153846154 0.2704326923076923 0.1466346153846154 0.14903846153846154
0 0.15865384615384615 0.3125 0.13221153846153846 0.1346153846153846
0 0.46033653846153844 0.19951923076923078 0.38221153846153844 0.39903846153846156
0 0.3401442307692308 0.1141826923076923 0.13221153846153846 0.13701923076923078
0 0.3425480769230769 0.4423076923076923 0.06490384615384616 0.028846153846153848
0 0.3786057692307692 0.4338942307692308 0.06490384615384616 0.04567307692307692
0 0.13341346153846154 0.78125 0.08653846153846154 0.08653846153846154
0 0.15264423076923078 0.828125 0.08173076923076923 0.08653846153846154
0 0.18269230769230768 0.8822115384615384 0.08653846153846154 0.0889423076923077
0 0.125 0.8509615384615384 0.0625 0.06009615384615385
0 0.08052884615384616 0.828125 0.057692307692307696 0.057692307692307696
0 0.055288461538461536 0.7632211538461539 0.11057692307692307 0.10817307692307693
0 0.019230769230769232 0.7355769230769231 0.038461538461538464 0.0673076923076923
0 0.06009615384615385 0.796875 0.05048076923076923 0.05048076923076923
0 0.028846153846153848 0.8064903846153846 0.052884615384615384 0.055288461538461536
0 0.6911057692307693 0.6045673076923077 0.20192307692307693 0.1875
0 0.46033653846153844 0.765625 0.10096153846153846 0.09615384615384616
0 0.27884615384615385 0.7415865384615384 0.019230769230769232 0.055288461538461536
0 0.37740384615384615 0.9290865384615384 0.0673076923076923 0.06490384615384616