0 0.016826923076923076 0.2439903846153846 0.03365384615384615 0.07451923076923077
0 0.9903846153846154 0.40625 0.014423076923076924 0.052884615384615384
0 0.546875 0.3112980769230769 0.12980769230769232 0.125
0 0.359375 0.7548076923076923 0.21394230769230768 0.35096153846153844
0 0.5516826923076923 0.7043269230769231 0.12740384615384615 0.12259615384615384
0 0.7560096153846154 0.6923076923076923 0.14423076923076922 0.14182692307692307
0 0.6454326923076923 0.6730769230769231 0.0985576923076923 0.0889423076923077
0 0.9651442307692307 0.7632211538461539 0.06490384615384616 0.07932692307692307
0 0.9735576923076923 0.6875 0.04807692307692308 0.09134615384615384
0 0.9663461538461539 0.6670673076923077 0.0625 0.06490384615384616
0 0.8978365384615384 0.6923076923076923 0.0889423076923077 0.08173076923076923
0 0.8197115384615384 0.6610576923076923 0.09615384615384616 0.0889423076923077
0 0.4951923076923077 0.6682692307692307 0.052884615384615384 0.10096153846153846