0 0.5625 0.19951923076923078 0.14903846153846154 0.16826923076923078
0 0.5456730769230769 0.2932692307692308 0.16346153846153846 0.1658653846153846
0 0.3858173076923077 0.28725961538461536 0.13701923076923078 0.13942307692307693
0 0.36778846153846156 0.44591346153846156 0.16826923076923078 0.16826923076923078
0 0.5540865384615384 0.37259615384615385 0.1658653846153846 0.20673076923076922
0 0.23076923076923078 0.4891826923076923 0.10817307692307693 0.11057692307692307
0 0.11057692307692307 0.41346153846153844 0.08413461538461539 0.08653846153846154
0 0.12620192307692307 0.5240384615384616 0.10096153846153846 0.0985576923076923
0 0.04447115384615385 0.546875 0.08413461538461539 0.08173076923076923
0 0.24879807692307693 0.35096153846153844 0.1346153846153846 0.13942307692307693
0 0.028846153846153848 0.46033653846153844 0.057692307692307696 0.0889423076923077
0 0.18509615384615385 0.375 0.0889423076923077 0.0889423076923077
0 0.6682692307692307 0.39663461538461536 0.057692307692307696 0.08653846153846154
0 0.8966346153846154 0.39302884615384615 0.18269230769230768 0.18028846153846154
0 0.7764423076923077 0.4098557692307692 0.1201923076923077 0.1201923076923077
0 0.6875 0.4338942307692308 0.09615384615384616 0.11298076923076923
0 0.28966346153846156 0.8449519230769231 0.23317307692307693 0.2283653846153846
0 0.39903846153846156 0.6682692307692307 0.1875 0.10096153846153846
0 0.2548076923076923 0.671875 0.1875 0.10817307692307693
0 0.15264423076923078 0.8930288461538461 0.23317307692307693 0.2091346153846154