0 0.11658653846153846 0.15625 0.04567307692307692 0.04567307692307692
0 0.19230769230769232 0.20072115384615385 0.036057692307692304 0.038461538461538464
0 0.28365384615384615 0.2608173076923077 0.028846153846153848 0.03125
0 0.24519230769230768 0.24158653846153846 0.021634615384615384 0.02403846153846154
0 0.7572115384615384 0.296875 0.15384615384615385 0.15144230769230768
0 0.8990384615384616 0.23076923076923078 0.1466346153846154 0.15625
0 0.8725961538461539 0.32211538461538464 0.12740384615384615 0.13221153846153846
0 0.9675480769230769 0.2848557692307692 0.06009615384615385 0.10336538461538461
0 0.8882211538461539 0.39783653846153844 0.10336538461538461 0.055288461538461536
0 0.7235576923076923 0.171875 0.23076923076923078 0.34375
0 0.11899038461538461 0.8641826923076923 0.07451923076923077 0.07211538461538461
0 0.20793269230769232 0.7932692307692307 0.14182692307692307 0.12740384615384615
0 0.0889423076923077 0.8389423076923077 0.055288461538461536 0.0625
0 0.14903846153846154 0.796875 0.11778846153846154 0.11298076923076923
0 0.0985576923076923 0.7728365384615384 0.10817307692307693 0.10336538461538461
0 0.4074519230769231 0.4987980769230769 0.22355769230769232 0.14182692307692307
0 0.13581730769230768 0.4699519230769231 0.23317307692307693 0.08413461538461539