0 0.03245192307692308 0.18990384615384615 0.02403846153846154 0.026442307692307692
0 0.04567307692307692 0.09375 0.019230769230769232 0.019230769230769232
0 0.37259615384615385 0.21394230769230768 0.08173076923076923 0.06971153846153846
0 0.109375 0.18870192307692307 0.04567307692307692 0.040865384615384616
0 0.06370192307692307 0.17427884615384615 0.028846153846153848 0.02403846153846154
0 0.04927884615384615 0.13701923076923078 0.036057692307692304 0.026442307692307692
0 0.19831730769230768 0.5024038461538461 0.08413461538461539 0.04807692307692308
0 0.025240384615384616 0.125 0.014423076923076924 0.016826923076923076
0 0.018028846153846152 0.14182692307692307 0.019230769230769232 0.021634615384615384
0 0.9411057692307693 0.3293269230769231 0.10336538461538461 0.09615384615384616
0 0.8088942307692307 0.056490384615384616 0.040865384615384616 0.04567307692307692
0 0.8605769230769231 0.10216346153846154 0.052884615384615384 0.057692307692307696
0 0.8653846153846154 0.23076923076923078 0.06009615384615385 0.0673076923076923
0 0.9483173076923077 0.5084134615384616 0.0985576923076923 0.036057692307692304
0 0.32091346153846156 0.9747596153846154 0.09375 0.04567307692307692
0 0.037259615384615384 0.9723557692307693 0.028846153846153848 0.03125
0 0.23918269230769232 0.96875 0.07932692307692307 0.057692307692307696
0 0.078125 0.9831730769230769 0.03125 0.028846153846153848
0 0.19831730769230768 0.9122596153846154 0.06971153846153846 0.07211538461538461
0 0.24879807692307693 0.8786057692307693 0.06490384615384616 0.0673076923076923
0 0.2644230769230769 0.8052884615384616 0.0625 0.057692307692307696
0 0.1141826923076923 0.9543269230769231 0.052884615384615384 0.05048076923076923
0 0.09134615384615384 0.9278846153846154 0.040865384615384616 0.040865384615384616
0 0.15504807692307693 0.9326923076923077 0.06009615384615385 0.052884615384615384