0 0.9615384615384616 0.08052884615384616 0.06490384615384616 0.06009615384615385
0 0.8557692307692307 0.07211538461538461 0.09375 0.0889423076923077
0 0.9362980769230769 0.1141826923076923 0.07932692307692307 0.07692307692307693
0 0.9807692307692307 0.11057692307692307 0.03365384615384615 0.057692307692307696
0 0.40024038461538464 0.9350961538461539 0.03125 0.09615384615384616
0 0.3245192307692308 0.8713942307692307 0.11057692307692307 0.10576923076923077
0 0.24879807692307693 0.8389423076923077 0.10576923076923077 0.09375
0 0.24278846153846154 0.7944711538461539 0.10817307692307693 0.10096153846153846
0 0.37259615384615385 0.8449519230769231 0.08653846153846154 0.10817307692307693
0 0.34134615384615385 0.8100961538461539 0.0673076923076923 0.06490384615384616
0 0.6225961538461539 0.8221153846153846 0.09375 0.09375
0 0.7211538461538461 0.9567307692307693 0.0625 0.0625
0 0.7524038461538461 0.9711538461538461 0.057692307692307696 0.052884615384615384
0 0.71875 0.9338942307692307 0.028846153846153848 0.03125
0 0.6598557692307693 0.9170673076923077 0.04807692307692308 0.04326923076923077
0 0.6790865384615384 0.9074519230769231 0.04807692307692308 0.04567307692307692
0 0.7007211538461539 0.9110576923076923 0.05048076923076923 0.04807692307692308
0 0.6766826923076923 0.875 0.028846153846153848 0.03125
0 0.6454326923076923 0.8569711538461539 0.06009615384615385 0.06009615384615385
0 0.625 0.875 0.028846153846153848 0.026442307692307692
0 0.5985576923076923 0.84375 0.03125 0.028846153846153848
0 0.5829326923076923 0.8125 0.036057692307692304 0.036057692307692304
0 0.5625 0.7920673076923077 0.03365384615384615 0.03365384615384615
0 0.5757211538461539 0.7884615384615384 0.026442307692307692 0.026442307692307692
0 0.5901442307692307 0.78125 0.021634615384615384 0.021634615384615384
0 0.5745192307692307 0.7608173076923077 0.02403846153846154 0.02403846153846154
0 0.5480769230769231 0.7728365384615384 0.028846153846153848 0.026442307692307692
0 0.5288461538461539 0.7524038461538461 0.026442307692307692 0.026442307692307692
0 0.5444711538461539 0.7560096153846154 0.02403846153846154 0.02403846153846154
0 0.5132211538461539 0.734375 0.02403846153846154 0.02403846153846154
0 0.5564903846153846 0.7487980769230769 0.026442307692307692 0.026442307692307692
0 0.5372596153846154 0.7331730769230769 0.026442307692307692 0.026442307692307692
0 0.421875 0.6610576923076923 0.007211538461538462 0.028846153846153848
0 0.49399038461538464 0.7115384615384616 0.021634615384615384 0.021634615384615384
0 0.49278846153846156 0.6706730769230769 0.052884615384615384 0.052884615384615384
0 0.4675480769230769 0.6778846153846154 0.02403846153846154 0.02403846153846154
0 0.4795673076923077 0.6899038461538461 0.02403846153846154 0.02403846153846154