0 0.8112980769230769 0.0625 0.036057692307692304 0.03365384615384615
0 0.7668269230769231 0.06370192307692307 0.05048076923076923 0.05048076923076923
0 0.7800480769230769 0.25 0.028846153846153848 0.03365384615384615
0 0.24278846153846154 0.5096153846153846 0.08413461538461539 0.08413461538461539
0 0.13701923076923078 0.5877403846153846 0.07932692307692307 0.07692307692307693
0 0.14903846153846154 0.7824519230769231 0.05048076923076923 0.04807692307692308
0 0.2644230769230769 0.6201923076923077 0.055288461538461536 0.052884615384615384
0 0.2439903846153846 0.6923076923076923 0.052884615384615384 0.0673076923076923
0 0.16706730769230768 0.6550480769230769 0.07692307692307693 0.07692307692307693
0 0.19471153846153846 0.6923076923076923 0.0625 0.06009615384615385
0 0.22115384615384615 0.7199519230769231 0.055288461538461536 0.052884615384615384
0 0.5901442307692307 0.6754807692307693 0.13221153846153846 0.125
0 0.8497596153846154 0.6766826923076923 0.0673076923076923 0.06490384615384616
0 0.8990384615384616 0.4699519230769231 0.14903846153846154 0.16105769230769232
0 0.8305288461538461 0.7536057692307693 0.07451923076923077 0.0673076923076923
0 0.8173076923076923 0.7752403846153846 0.038461538461538464 0.038461538461538464
0 0.7764423076923077 0.8425480769230769 0.04567307692307692 0.052884615384615384
0 0.6286057692307693 0.9146634615384616 0.07451923076923077 0.08653846153846154