0 0.27524038461538464 0.013221153846153846 0.09375 0.026442307692307692
0 0.038461538461538464 0.11778846153846154 0.03365384615384615 0.036057692307692304
0 0.16706730769230768 0.051682692307692304 0.10336538461538461 0.10336538461538461
0 0.08173076923076923 0.09375 0.038461538461538464 0.038461538461538464
0 0.8125 0.33653846153846156 0.125 0.08173076923076923
0 0.13581730769230768 0.9230769230769231 0.1346153846153846 0.14423076923076922
0 0.203125 0.9014423076923077 0.07211538461538461 0.06971153846153846
0 0.26802884615384615 0.9290865384615384 0.07211538461538461 0.0673076923076923
0 0.2860576923076923 0.96875 0.0673076923076923 0.057692307692307696
0 0.22596153846153846 0.9483173076923077 0.06971153846153846 0.0673076923076923
0 0.27163461538461536 0.9879807692307693 0.057692307692307696 0.019230769230769232
0 0.2283653846153846 0.9783653846153846 0.04807692307692308 0.038461538461538464
0 0.23076923076923078 0.9927884615384616 0.052884615384615384 0.009615384615384616
0 0.1346153846153846 0.9855769230769231 0.03365384615384615 0.02403846153846154
0 0.8185096153846154 0.6911057692307693 0.08173076923076923 0.08413461538461539