0 0.5661057692307693 0.2668269230769231 0.09134615384615384 0.08413461538461539
0 0.8004807692307693 0.13701923076923078 0.08653846153846154 0.09615384615384616
0 0.9038461538461539 0.33413461538461536 0.03365384615384615 0.03125
0 0.8677884615384616 0.1935096153846154 0.06009615384615385 0.06490384615384616
0 0.8701923076923077 0.07572115384615384 0.0889423076923077 0.10336538461538461
0 0.8822115384615384 0.2800480769230769 0.038461538461538464 0.04567307692307692
0 0.9903846153846154 0.30649038461538464 0.014423076923076924 0.03125
0 0.9399038461538461 0.31850961538461536 0.026442307692307692 0.021634615384615384
0 0.8978365384615384 0.36177884615384615 0.026442307692307692 0.028846153846153848
0 0.9903846153846154 0.3713942307692308 0.014423076923076924 0.021634615384615384
0 0.9362980769230769 0.3076923076923077 0.03365384615384615 0.036057692307692304
0 0.7427884615384616 0.18509615384615385 0.08653846153846154 0.0985576923076923
0 0.9543269230769231 0.35096153846153844 0.021634615384615384 0.02403846153846154
0 0.9230769230769231 0.3629807692307692 0.026442307692307692 0.02403846153846154
0 0.921875 0.25 0.052884615384615384 0.057692307692307696
0 0.9182692307692307 0.1502403846153846 0.0673076923076923 0.07932692307692307
0 0.9663461538461539 0.38221153846153844 0.036057692307692304 0.036057692307692304
0 0.1814903846153846 0.7439903846153846 0.18509615384615385 0.18269230769230768
0 0.06129807692307692 0.7223557692307693 0.12259615384615384 0.5072115384615384
0 0.07451923076923077 0.8533653846153846 0.0625 0.040865384615384616
0 0.47836538461538464 0.7548076923076923 0.036057692307692304 0.03125
0 0.4519230769230769 0.9122596153846154 0.021634615384615384 0.02403846153846154
0 0.6995192307692307 0.4963942307692308 0.07211538461538461 0.055288461538461536
0 0.3942307692307692 0.8605769230769231 0.026442307692307692 0.028846153846153848
0 0.578125 0.8028846153846154 0.02403846153846154 0.021634615384615384
0 0.7151442307692307 0.7295673076923077 0.03125 0.026442307692307692
0 0.5829326923076923 0.6766826923076923 0.04326923076923077 0.038461538461538464
0 0.41586538461538464 0.9254807692307693 0.01201923076923077 0.01201923076923077
0 0.7295673076923077 0.6875 0.055288461538461536 0.04567307692307692
0 0.8064903846153846 0.6610576923076923 0.1466346153846154 0.125
0 0.3545673076923077 0.9435096153846154 0.016826923076923076 0.019230769230769232
0 0.3545673076923077 0.9110576923076923 0.019230769230769232 0.021634615384615384