0 0.15985576923076922 0.15384615384615385 0.09134615384615384 0.09134615384615384
0 0.15625 0.009615384615384616 0.0625 0.019230769230769232
0 0.14543269230769232 0.01201923076923077 0.03125 0.02403846153846154
0 0.18389423076923078 0.055288461538461536 0.04326923076923077 0.04807692307692308
0 0.1622596153846154 0.052884615384615384 0.04567307692307692 0.04807692307692308
0 0.1466346153846154 0.036057692307692304 0.04807692307692308 0.05048076923076923
0 0.14543269230769232 0.08052884615384616 0.028846153846153848 0.028846153846153848
0 0.16105769230769232 0.11298076923076923 0.06009615384615385 0.06009615384615385
0 0.1875 0.109375 0.026442307692307692 0.028846153846153848
0 0.19110576923076922 0.1502403846153846 0.028846153846153848 0.028846153846153848
0 0.18629807692307693 0.18509615384615385 0.03365384615384615 0.036057692307692304
0 0.19110576923076922 0.2127403846153846 0.03125 0.03125
0 0.1778846153846154 0.2091346153846154 0.026442307692307692 0.026442307692307692
0 0.1622596153846154 0.20552884615384615 0.021634615384615384 0.019230769230769232
0 0.16346153846153846 0.23197115384615385 0.02403846153846154 0.02403846153846154
0 0.19230769230769232 0.23677884615384615 0.026442307692307692 0.028846153846153848
0 0.19591346153846154 0.265625 0.026442307692307692 0.026442307692307692
0 0.18509615384615385 0.2536057692307692 0.02403846153846154 0.02403846153846154
0 0.19831730769230768 0.28846153846153844 0.02403846153846154 0.02403846153846154
0 0.171875 0.25240384615384615 0.026442307692307692 0.026442307692307692
0 0.1778846153846154 0.2764423076923077 0.026442307692307692 0.026442307692307692
0 0.2403846153846154 0.40865384615384615 0.026442307692307692 0.026442307692307692
0 0.24278846153846154 0.4519230769230769 0.05048076923076923 0.04807692307692308
0 0.20072115384615385 0.31850961538461536 0.019230769230769232 0.021634615384615384
0 0.17908653846153846 0.35336538461538464 0.05048076923076923 0.05048076923076923
0 0.203125 0.36177884615384615 0.021634615384615384 0.021634615384615384
0 0.20072115384615385 0.3449519230769231 0.021634615384615384 0.021634615384615384
0 0.23197115384615385 0.48677884615384615 0.01201923076923077 0.01201923076923077
0 0.6129807692307693 0.2692307692307692 0.14423076923076922 0.13221153846153846
0 0.6346153846153846 0.453125 0.10096153846153846 0.0889423076923077
0 0.8413461538461539 0.0625 0.25961538461538464 0.125
0 0.5649038461538461 0.42788461538461536 0.07451923076923077 0.07211538461538461
0 0.5480769230769231 0.4891826923076923 0.057692307692307696 0.016826923076923076
0 0.15264423076923078 0.8173076923076923 0.06009615384615385 0.06971153846153846
0 0.14783653846153846 0.8377403846153846 0.06009615384615385 0.06971153846153846
0 0.09254807692307693 0.796875 0.04807692307692308 0.057692307692307696
0 0.28966346153846156 0.9663461538461539 0.08413461538461539 0.0625
0 0.01201923076923077 0.6826923076923077 0.02403846153846154 0.038461538461538464
0 0.04807692307692308 0.5673076923076923 0.09615384615384616 0.1346153846153846