0 0.15144230769230768 0.16826923076923078 0.19471153846153846 0.1971153846153846
0 0.17307692307692307 0.06370192307692307 0.1971153846153846 0.12740384615384615
0 0.9627403846153846 0.018028846153846152 0.06971153846153846 0.036057692307692304
0 0.5372596153846154 0.5396634615384616 0.07451923076923077 0.07451923076923077
0 0.6129807692307693 0.5817307692307693 0.0673076923076923 0.07692307692307693
0 0.6394230769230769 0.5180288461538461 0.014423076923076924 0.05048076923076923
0 0.6033653846153846 0.5300480769230769 0.055288461538461536 0.055288461538461536
0 0.3425480769230769 0.7007211538461539 0.16826923076923078 0.17067307692307693
0 0.3293269230769231 0.5685096153846154 0.15625 0.15625
0 0.6899038461538461 0.4723557692307692 0.08173076923076923 0.0889423076923077
0 0.9290865384615384 0.5048076923076923 0.09134615384615384 0.09134615384615384
0 0.7680288461538461 0.5288461538461539 0.23798076923076922 0.20192307692307693
0 0.9483173076923077 0.5564903846153846 0.10096153846153846 0.10096153846153846