0 0.32211538461538464 0.28125 0.11057692307692307 0.16346153846153846
0 0.3125 0.11899038461538461 0.12980769230769232 0.23317307692307693
0 0.296875 0.12740384615384615 0.16105769230769232 0.17307692307692307
0 0.5264423076923077 0.46033653846153844 0.11298076923076923 0.11298076923076923
0 0.4519230769230769 0.4050480769230769 0.0889423076923077 0.0889423076923077
0 0.2668269230769231 0.9098557692307693 0.08173076923076923 0.08173076923076923
0 0.16346153846153846 0.8942307692307693 0.06490384615384616 0.06490384615384616
0 0.004807692307692308 0.8701923076923077 0.009615384615384616 0.03365384615384615
0 0.31490384615384615 0.9579326923076923 0.08653846153846154 0.07932692307692307
0 0.2091346153846154 0.9002403846153846 0.0625 0.0625
0 0.2283653846153846 0.9362980769230769 0.15384615384615385 0.12259615384615384
0 0.04326923076923077 0.8978365384615384 0.08653846153846154 0.0889423076923077