0 0.19110576923076922 0.38341346153846156 0.0889423076923077 0.09134615384615384
0 0.24519230769230768 0.5600961538461539 0.04807692307692308 0.03365384615384615
0 0.7391826923076923 0.5480769230769231 0.07932692307692307 0.057692307692307696
0 0.8040865384615384 0.5192307692307693 0.052884615384615384 0.04807692307692308
0 0.6286057692307693 0.5084134615384616 0.08173076923076923 0.07692307692307693
0 0.6778846153846154 0.4230769230769231 0.0985576923076923 0.0889423076923077
0 0.8485576923076923 0.5576923076923077 0.038461538461538464 0.036057692307692304
0 0.8798076923076923 0.5709134615384616 0.038461538461538464 0.01201923076923077
0 0.7800480769230769 0.5685096153846154 0.03125 0.016826923076923076
0 0.859375 0.5637019230769231 0.036057692307692304 0.026442307692307692
0 0.8257211538461539 0.5360576923076923 0.03365384615384615 0.03365384615384615
0 0.796875 0.5673076923076923 0.040865384615384616 0.019230769230769232