0 0.04567307692307692 0.24519230769230768 0.07692307692307693 0.07211538461538461
0 0.8954326923076923 0.11538461538461539 0.04567307692307692 0.04567307692307692
0 0.8088942307692307 0.20432692307692307 0.0673076923076923 0.06490384615384616
0 0.8557692307692307 0.24639423076923078 0.06971153846153846 0.06971153846153846
0 0.6538461538461539 0.09975961538461539 0.11057692307692307 0.0985576923076923
0 0.2776442307692308 0.6646634615384616 0.06971153846153846 0.05048076923076923
0 0.33653846153846156 0.7451923076923077 0.11538461538461539 0.11538461538461539
0 0.6213942307692307 0.9423076923076923 0.27163461538461536 0.11057692307692307
0 0.47836538461538464 0.9375 0.17307692307692307 0.1201923076923077
0 0.5 0.8629807692307693 0.14423076923076922 0.13701923076923078
0 0.41586538461538464 0.8605769230769231 0.12980769230769232 0.125