0 0.14302884615384615 0.49399038461538464 0.05048076923076923 0.04807692307692308
0 0.21153846153846154 0.609375 0.05048076923076923 0.04807692307692308
0 0.16826923076923078 0.5120192307692307 0.05048076923076923 0.04807692307692308
0 0.2980769230769231 0.6442307692307693 0.057692307692307696 0.02403846153846154
0 0.17307692307692307 0.35096153846153844 0.07451923076923077 0.07932692307692307
0 0.3389423076923077 0.6177884615384616 0.052884615384615384 0.055288461538461536
0 0.40024038461538464 0.6129807692307693 0.08653846153846154 0.08413461538461539
0 0.5396634615384616 0.6033653846153846 0.15144230769230768 0.10576923076923077
0 0.18389423076923078 0.6502403846153846 0.04567307692307692 0.01201923076923077
0 0.12860576923076922 0.5588942307692307 0.04326923076923077 0.04567307692307692
0 0.8221153846153846 0.47836538461538464 0.10336538461538461 0.09615384615384616
0 0.9591346153846154 0.4723557692307692 0.07692307692307693 0.1466346153846154
0 0.9026442307692307 0.9447115384615384 0.055288461538461536 0.05048076923076923
0 0.8677884615384616 0.9783653846153846 0.036057692307692304 0.03125
0 0.9723557692307693 0.8846153846153846 0.05048076923076923 0.07211538461538461