0 0.07451923076923077 0.11658653846153846 0.055288461538461536 0.052884615384615384
0 0.19831730769230768 0.20673076923076922 0.026442307692307692 0.026442307692307692
0 0.27884615384615385 0.28365384615384615 0.01201923076923077 0.01201923076923077
0 0.3293269230769231 0.2704326923076923 0.014423076923076924 0.014423076923076924
0 0.28125 0.30528846153846156 0.009615384615384616 0.01201923076923077
0 0.32091346153846156 0.30649038461538464 0.009615384615384616 0.009615384615384616
0 0.3088942307692308 0.3088942307692308 0.009615384615384616 0.009615384615384616
0 0.6117788461538461 0.25841346153846156 0.04807692307692308 0.04326923076923077
0 0.5985576923076923 0.16105769230769232 0.04807692307692308 0.06009615384615385
0 0.7524038461538461 0.3004807692307692 0.040865384615384616 0.036057692307692304
0 0.6862980769230769 0.25240384615384615 0.04567307692307692 0.04326923076923077
0 0.8665865384615384 0.12259615384615384 0.057692307692307696 0.0625
0 0.9050480769230769 0.18028846153846154 0.040865384615384616 0.052884615384615384
0 0.8581730769230769 0.23197115384615385 0.03125 0.040865384615384616
0 0.9074519230769231 0.2848557692307692 0.028846153846153848 0.03125
0 0.8822115384615384 0.26322115384615385 0.028846153846153848 0.040865384615384616
0 0.9891826923076923 0.125 0.016826923076923076 0.08173076923076923
0 0.9555288461538461 0.2764423076923077 0.03125 0.04567307692307692
0 0.9350961538461539 0.25600961538461536 0.040865384615384616 0.040865384615384616
0 0.9230769230769231 0.22596153846153846 0.038461538461538464 0.04567307692307692
0 0.8016826923076923 0.1502403846153846 0.06009615384615385 0.07211538461538461
0 0.8377403846153846 0.18990384615384615 0.052884615384615384 0.057692307692307696
0 0.9254807692307693 0.30649038461538464 0.03365384615384615 0.021634615384615384
0 0.9663461538461539 0.30408653846153844 0.038461538461538464 0.026442307692307692
0 0.9387019230769231 0.31490384615384615 0.026442307692307692 0.004807692307692308
0 0.06009615384615385 0.9471153846153846 0.057692307692307696 0.05048076923076923
0 0.014423076923076924 0.9338942307692307 0.028846153846153848 0.06009615384615385
0 0.24639423076923078 0.9603365384615384 0.09615384615384616 0.07451923076923077
0 0.65625 0.9170673076923077 0.07932692307692307 0.08653846153846154
0 0.5925480769230769 0.6526442307692307 0.125 0.12980769230769232
0 0.5805288461538461 0.9242788461538461 0.125 0.12980769230769232
0 0.8834134615384616 0.35096153846153844 0.2283653846153846 0.0625