0 0.25721153846153844 0.03365384615384615 0.07211538461538461 0.0673076923076923
0 0.39903846153846156 0.2548076923076923 0.06009615384615385 0.0673076923076923
0 0.35336538461538464 0.18509615384615385 0.0673076923076923 0.06490384615384616
0 0.3798076923076923 0.07451923076923077 0.04326923076923077 0.04326923076923077
0 0.18870192307692307 0.8004807692307693 0.07692307692307693 0.08413461538461539
0 0.27163461538461536 0.8990384615384616 0.055288461538461536 0.06009615384615385
0 0.36177884615384615 0.9134615384615384 0.04807692307692308 0.05048076923076923
0 0.6971153846153846 0.8665865384615384 0.13942307692307693 0.13701923076923078
0 0.8653846153846154 0.859375 0.09375 0.09375
0 0.9579326923076923 0.7295673076923077 0.057692307692307696 0.055288461538461536
0 0.9915865384615384 0.7596153846153846 0.01201923076923077 0.038461538461538464