0 0.5540865384615384 0.2764423076923077 0.05048076923076923 0.07211538461538461
0 0.625 0.24158653846153846 0.04326923076923077 0.052884615384615384
0 0.43028846153846156 0.12379807692307693 0.15144230769230768 0.18990384615384615
0 0.47596153846153844 0.015625 0.12980769230769232 0.03125
0 0.5396634615384616 0.3713942307692308 0.021634615384615384 0.01201923076923077
0 0.6081730769230769 0.36778846153846156 0.02403846153846154 0.019230769230769232
0 0.6153846153846154 0.8389423076923077 0.09615384615384616 0.11538461538461539
0 0.32091346153846156 0.9855769230769231 0.04567307692307692 0.02403846153846154
0 0.1875 0.9831730769230769 0.04326923076923077 0.028846153846153848
0 0.39302884615384615 0.9915865384615384 0.055288461538461536 0.01201923076923077
0 0.24519230769230768 0.8533653846153846 0.057692307692307696 0.07692307692307693
0 0.5036057692307693 0.8413461538461539 0.09375 0.10096153846153846
0 0.43028846153846156 0.9050480769230769 0.06490384615384616 0.07211538461538461
0 0.515625 0.9098557692307693 0.07692307692307693 0.06490384615384616
0 0.4519230769230769 0.96875 0.07692307692307693 0.057692307692307696
0 0.24759615384615385 0.6262019230769231 0.18990384615384615 0.3798076923076923
0 0.6189903846153846 0.75 0.125 0.14182692307692307
0 0.3798076923076923 0.9543269230769231 0.06009615384615385 0.0673076923076923
0 0.9170673076923077 0.5649038461538461 0.1201923076923077 0.14423076923076922