0 0.5384615384615384 0.18028846153846154 0.03365384615384615 0.057692307692307696
0 0.3713942307692308 0.3329326923076923 0.13701923076923078 0.10817307692307693
0 0.042067307692307696 0.04447115384615385 0.08413461538461539 0.0889423076923077
0 0.9423076923076923 0.3088942307692308 0.11057692307692307 0.14182692307692307
0 0.9579326923076923 0.171875 0.07932692307692307 0.12259615384615384
0 0.9459134615384616 0.04326923076923077 0.10336538461538461 0.08653846153846154
0 0.9783653846153846 0.26802884615384615 0.038461538461538464 0.12740384615384615
0 0.4254807692307692 0.9170673076923077 0.25961538461538464 0.16105769230769232
0 0.5180288461538461 0.4579326923076923 0.07451923076923077 0.13701923076923078
0 0.5228365384615384 0.8112980769230769 0.06490384615384616 0.19951923076923078
0 0.2980769230769231 0.8798076923076923 0.35096153846153844 0.23557692307692307
0 0.5132211538461539 0.9807692307692307 0.08413461538461539 0.03365384615384615
0 0.7524038461538461 0.42788461538461536 0.10576923076923077 0.07692307692307693
0 0.8016826923076923 0.5072115384615384 0.10576923076923077 0.10576923076923077
0 0.7692307692307693 0.7752403846153846 0.10096153846153846 0.09615384615384616
0 0.9855769230769231 0.5540865384615384 0.02403846153846154 0.06009615384615385