0 0.4963942307692308 0.265625 0.0889423076923077 0.07932692307692307
0 0.8497596153846154 0.016826923076923076 0.0889423076923077 0.03365384615384615
0 0.9122596153846154 0.009615384615384616 0.07932692307692307 0.019230769230769232
0 0.7103365384615384 0.20192307692307693 0.17067307692307693 0.1201923076923077
0 0.6165865384615384 0.2848557692307692 0.13221153846153846 0.040865384615384616
0 0.8954326923076923 0.2704326923076923 0.055288461538461536 0.040865384615384616
0 0.5276442307692307 0.47836538461538464 0.036057692307692304 0.04807692307692308
0 0.5336538461538461 0.9639423076923077 0.02403846153846154 0.057692307692307696
0 0.7776442307692307 0.9170673076923077 0.2668269230769231 0.16105769230769232
0 0.9579326923076923 0.6911057692307693 0.07932692307692307 0.12259615384615384
0 0.9362980769230769 0.9338942307692307 0.12259615384615384 0.12740384615384615