0 0.05889423076923077 0.10096153846153846 0.11778846153846154 0.20192307692307693
0 0.0889423076923077 0.6153846153846154 0.1778846153846154 0.19230769230769232
0 0.34375 0.8221153846153846 0.07451923076923077 0.07692307692307693
0 0.4699519230769231 0.7716346153846154 0.055288461538461536 0.057692307692307696
0 0.13701923076923078 0.8293269230769231 0.16826923076923078 0.16826923076923078
0 0.15985576923076922 0.7259615384615384 0.1971153846153846 0.19471153846153846
0 0.265625 0.6069711538461539 0.14903846153846154 0.14423076923076922
0 0.3786057692307692 0.6887019230769231 0.11298076923076923 0.11298076923076923
0 0.47596153846153844 0.6790865384615384 0.1201923076923077 0.17548076923076922
0 0.47596153846153844 0.6045673076923077 0.08173076923076923 0.07692307692307693
0 0.40625 0.6165865384615384 0.1346153846153846 0.12740384615384615
0 0.265625 0.7836538461538461 0.11538461538461539 0.11778846153846154
0 0.34375 0.765625 0.09375 0.09615384615384616
0 0.4254807692307692 0.7451923076923077 0.08653846153846154 0.08413461538461539
0 0.4879807692307692 0.7295673076923077 0.06971153846153846 0.06971153846153846
0 0.5252403846153846 0.6129807692307693 0.021634615384615384 0.0625
0 0.27283653846153844 0.7127403846153846 0.12980769230769232 0.12740384615384615
0 0.8882211538461539 0.47475961538461536 0.07211538461538461 0.07211538461538461
0 0.9314903846153846 0.40024038461538464 0.08173076923076923 0.07692307692307693
0 0.9375 0.47836538461538464 0.055288461538461536 0.052884615384615384
0 0.9723557692307693 0.4735576923076923 0.05048076923076923 0.05048076923076923
0 0.96875 0.41466346153846156 0.057692307692307696 0.07451923076923077
0 0.9879807692307693 0.4723557692307692 0.019230769230769232 0.055288461538461536
0 0.6682692307692307 0.7908653846153846 0.08413461538461539 0.07932692307692307
0 0.7944711538461539 0.8942307692307693 0.052884615384615384 0.05048076923076923
0 0.8545673076923077 0.8894230769230769 0.026442307692307692 0.026442307692307692
0 0.7692307692307693 0.8389423076923077 0.055288461538461536 0.052884615384615384
0 0.8185096153846154 0.8509615384615384 0.038461538461538464 0.036057692307692304
0 0.8413461538461539 0.8569711538461539 0.026442307692307692 0.026442307692307692
0 0.8653846153846154 0.8605769230769231 0.02403846153846154 0.026442307692307692
0 0.8810096153846154 0.8653846153846154 0.019230769230769232 0.021634615384615384