0 0.8305288461538461 0.48197115384615385 0.16826923076923078 0.17548076923076922
0 0.6550480769230769 0.5540865384615384 0.07211538461538461 0.06490384615384616
0 0.6959134615384616 0.6382211538461539 0.07932692307692307 0.016826923076923076
0 0.59375 0.640625 0.04326923076923077 0.01201923076923077
0 0.16706730769230768 0.8954326923076923 0.17067307692307693 0.20432692307692307
0 0.7379807692307693 0.9194711538461539 0.19230769230769232 0.15625
0 0.6189903846153846 0.6959134615384616 0.18990384615384615 0.09375
0 0.875 0.7331730769230769 0.20673076923076922 0.16826923076923078
0 0.5252403846153846 0.8545673076923077 0.15865384615384615 0.15625
0 0.5973557692307693 0.9206730769230769 0.18509615384615385 0.15384615384615385
0 0.49158653846153844 0.9639423076923077 0.10336538461538461 0.0673076923076923
0 0.5420673076923077 0.9855769230769231 0.12259615384615384 0.02403846153846154