0 0.5408653846153846 0.38461538461538464 0.07932692307692307 0.10336538461538461
0 0.44471153846153844 0.43028846153846156 0.09134615384615384 0.052884615384615384
0 0.8389423076923077 0.234375 0.04807692307692308 0.055288461538461536
0 0.8677884615384616 0.16105769230769232 0.057692307692307696 0.0673076923076923
0 0.8317307692307693 0.3401442307692308 0.028846153846153848 0.028846153846153848
0 0.7884615384615384 0.33774038461538464 0.03125 0.03125
0 0.8245192307692307 0.3641826923076923 0.02403846153846154 0.028846153846153848
0 0.9110576923076923 0.27884615384615385 0.04326923076923077 0.04567307692307692
0 0.8665865384615384 0.28125 0.038461538461538464 0.04567307692307692
0 0.8052884615384616 0.35697115384615385 0.03125 0.026442307692307692
0 0.8509615384615384 0.3629807692307692 0.02403846153846154 0.021634615384615384
0 0.8425480769230769 0.35216346153846156 0.02403846153846154 0.021634615384615384
0 0.921875 0.3245192307692308 0.026442307692307692 0.028846153846153848
0 0.9266826923076923 0.34615384615384615 0.02403846153846154 0.028846153846153848
0 0.44471153846153844 0.484375 0.20673076923076922 0.05048076923076923
0 0.16466346153846154 0.7560096153846154 0.07932692307692307 0.07451923076923077
0 0.3088942307692308 0.5661057692307693 0.15144230769230768 0.14423076923076922
0 0.3389423076923077 0.6262019230769231 0.10817307692307693 0.09375
0 0.2644230769230769 0.71875 0.08653846153846154 0.07692307692307693
0 0.31850961538461536 0.7319711538461539 0.09134615384615384 0.08653846153846154
0 0.25600961538461536 0.7860576923076923 0.06009615384615385 0.06009615384615385
0 0.046875 0.9663461538461539 0.03365384615384615 0.026442307692307692
0 0.20793269230769232 0.7956730769230769 0.07692307692307693 0.07451923076923077
0 0.06610576923076923 0.9891826923076923 0.03125 0.016826923076923076
0 0.39783653846153844 0.6322115384615384 0.11057692307692307 0.10096153846153846
0 0.5096153846153846 0.5324519230769231 0.1778846153846154 0.1466346153846154
0 0.43028846153846156 0.5216346153846154 0.13221153846153846 0.10336538461538461
0 0.22115384615384615 0.6983173076923077 0.09615384615384616 0.0985576923076923
0 0.1971153846153846 0.859375 0.06490384615384616 0.06009615384615385
0 0.1346153846153846 0.8725961538461539 0.055288461538461536 0.057692307692307696
0 0.10817307692307693 0.8954326923076923 0.040865384615384616 0.040865384615384616
0 0.09014423076923077 0.9663461538461539 0.04567307692307692 0.04326923076923077
0 0.08774038461538461 0.9278846153846154 0.04807692307692308 0.04807692307692308
0 0.13942307692307693 0.9110576923076923 0.05048076923076923 0.04326923076923077
0 0.9615384615384616 0.7463942307692307 0.04807692307692308 0.04807692307692308
0 0.9795673076923077 0.7728365384615384 0.036057692307692304 0.05048076923076923
0 0.9771634615384616 0.7019230769230769 0.040865384615384616 0.057692307692307696
0 0.9603365384615384 0.8076923076923077 0.040865384615384616 0.038461538461538464
0 0.8341346153846154 0.9483173076923077 0.016826923076923076 0.016826923076923076
0 0.8233173076923077 0.9663461538461539 0.01201923076923077 0.01201923076923077
0 0.9278846153846154 0.8040865384615384 0.04567307692307692 0.04807692307692308
0 0.9399038461538461 0.8377403846153846 0.036057692307692304 0.036057692307692304
0 0.8978365384615384 0.8629807692307693 0.06971153846153846 0.07932692307692307
0 0.9194711538461539 0.8617788461538461 0.028846153846153848 0.028846153846153848
0 0.9074519230769231 0.890625 0.02403846153846154 0.021634615384615384
0 0.8653846153846154 0.9134615384615384 0.04567307692307692 0.055288461538461536
0 0.8449519230769231 0.9326923076923077 0.016826923076923076 0.021634615384615384
0 0.8653846153846154 0.9567307692307693 0.038461538461538464 0.04567307692307692
0 0.8377403846153846 0.9759615384615384 0.01201923076923077 0.01201923076923077
0 0.8173076923076923 0.9771634615384616 0.014423076923076924 0.014423076923076924