0 0.5 0.03365384615384615 0.09134615384615384 0.0673076923076923
0 0.5769230769230769 0.15504807692307693 0.07692307692307693 0.13701923076923078
0 0.6502403846153846 0.18509615384615385 0.06490384615384616 0.18269230769230768
0 0.8978365384615384 0.020432692307692308 0.08413461538461539 0.040865384615384616
0 0.7896634615384616 0.13701923076923078 0.11778846153846154 0.15625
0 0.13701923076923078 0.6454326923076923 0.052884615384615384 0.06009615384615385
0 0.08774038461538461 0.6947115384615384 0.06490384615384616 0.0673076923076923
0 0.265625 0.8846153846153846 0.15865384615384615 0.15384615384615385
0 0.1658653846153846 0.9122596153846154 0.1346153846153846 0.17067307692307693
0 0.08774038461538461 0.4338942307692308 0.016826923076923076 0.01201923076923077
0 0.04567307692307692 0.4411057692307692 0.016826923076923076 0.019230769230769232
0 0.026442307692307692 0.44591346153846156 0.019230769230769232 0.021634615384615384
0 0.0625 0.45913461538461536 0.021634615384615384 0.021634615384615384
0 0.019230769230769232 0.46153846153846156 0.021634615384615384 0.021634615384615384
0 0.05889423076923077 0.4879807692307692 0.02403846153846154 0.026442307692307692
0 0.030048076923076924 0.5264423076923077 0.028846153846153848 0.036057692307692304
0 0.07692307692307693 0.5360576923076923 0.02403846153846154 0.03125
0 0.8545673076923077 0.5564903846153846 0.06490384615384616 0.07211538461538461
0 0.7331730769230769 0.4338942307692308 0.04326923076923077 0.01201923076923077