0 0.036057692307692304 0.020432692307692308 0.07211538461538461 0.040865384615384616
0 0.09735576923076923 0.037259615384615384 0.10817307692307693 0.07451923076923077
0 0.2692307692307692 0.06370192307692307 0.15865384615384615 0.12740384615384615
0 0.9555288461538461 0.22235576923076922 0.08413461538461539 0.12259615384615384
0 0.8245192307692307 0.40865384615384615 0.17307692307692307 0.17307692307692307
0 0.6502403846153846 0.38461538461538464 0.13701923076923078 0.13701923076923078
0 0.05048076923076923 0.7980769230769231 0.10096153846153846 0.16826923076923078
0 0.0889423076923077 0.5793269230769231 0.09375 0.0889423076923077
0 0.6694711538461539 0.6358173076923077 0.06971153846153846 0.07211538461538461
0 0.625 0.6286057692307693 0.0625 0.0625
0 0.59375 0.6201923076923077 0.052884615384615384 0.052884615384615384
0 0.5745192307692307 0.6105769230769231 0.03365384615384615 0.08173076923076923