0 0.03485576923076923 0.1466346153846154 0.06971153846153846 0.14903846153846154
0 0.06009615384615385 0.4519230769230769 0.1201923076923077 0.12980769230769232
0 0.046875 0.052884615384615384 0.09375 0.09615384615384616
0 0.07572115384615384 0.013221153846153846 0.0889423076923077 0.026442307692307692
0 0.2980769230769231 0.052884615384615384 0.13942307692307693 0.10576923076923077
0 0.5444711538461539 0.054086538461538464 0.03125 0.055288461538461536
0 0.7548076923076923 0.45552884615384615 0.1346153846153846 0.12259615384615384
0 0.6586538461538461 0.18990384615384615 0.07692307692307693 0.08413461538461539
0 0.7596153846153846 0.171875 0.06971153846153846 0.07932692307692307
0 0.6586538461538461 0.018028846153846152 0.038461538461538464 0.036057692307692304
0 0.6141826923076923 0.046875 0.07932692307692307 0.0889423076923077
0 0.6899038461538461 0.06009615384615385 0.07451923076923077 0.0889423076923077
0 0.16466346153846154 0.6550480769230769 0.1658653846153846 0.16105769230769232