0 0.2920673076923077 0.18870192307692307 0.1346153846153846 0.12980769230769232
0 0.125 0.1778846153846154 0.0889423076923077 0.09134615384615384
0 0.02403846153846154 0.29927884615384615 0.04807692307692308 0.055288461538461536
0 0.18629807692307693 0.7680288461538461 0.055288461538461536 0.04326923076923077
0 0.22355769230769232 0.5865384615384616 0.04326923076923077 0.04326923076923077
0 0.18269230769230768 0.6658653846153846 0.036057692307692304 0.03365384615384615
0 0.14423076923076922 0.7235576923076923 0.028846153846153848 0.02403846153846154
0 0.140625 0.7944711538461539 0.014423076923076924 0.014423076923076924
0 0.109375 0.765625 0.01201923076923077 0.01201923076923077
0 0.1141826923076923 0.7319711538461539 0.019230769230769232 0.019230769230769232
0 0.16466346153846154 0.7872596153846154 0.021634615384615384 0.02403846153846154
0 0.10096153846153846 0.7548076923076923 0.014423076923076924 0.014423076923076924
0 0.12740384615384615 0.8064903846153846 0.014423076923076924 0.014423076923076924
0 0.5192307692307693 0.9507211538461539 0.08173076923076923 0.09375