0 0.8137019230769231 0.08413461538461539 0.06009615384615385 0.052884615384615384
0 0.71875 0.1875 0.10336538461538461 0.08173076923076923
0 0.8641826923076923 0.009615384615384616 0.03125 0.019230769230769232
0 0.9014423076923077 0.052884615384615384 0.028846153846153848 0.026442307692307692
0 0.9122596153846154 0.01201923076923077 0.03125 0.02403846153846154
0 0.5048076923076923 0.703125 0.055288461538461536 0.0625
0 0.5024038461538461 0.5889423076923077 0.04807692307692308 0.05048076923076923
0 0.3737980769230769 0.4110576923076923 0.06490384615384616 0.052884615384615384
0 0.5745192307692307 0.36778846153846156 0.014423076923076924 0.016826923076923076
0 0.2932692307692308 0.46274038461538464 0.08173076923076923 0.06971153846153846
0 0.5384615384615384 0.45552884615384615 0.03365384615384615 0.028846153846153848
0 0.4807692307692308 0.3701923076923077 0.038461538461538464 0.03125
0 0.5096153846153846 0.33413461538461536 0.016826923076923076 0.014423076923076924
0 0.4951923076923077 0.3557692307692308 0.028846153846153848 0.02403846153846154
0 0.05889423076923077 0.7079326923076923 0.11778846153846154 0.18028846153846154
0 0.5769230769230769 0.8197115384615384 0.038461538461538464 0.04326923076923077
0 0.36177884615384615 0.9819711538461539 0.11778846153846154 0.03125
0 0.5480769230769231 0.5432692307692307 0.08173076923076923 0.0985576923076923
0 0.5841346153846154 0.33413461538461536 0.021634615384615384 0.021634615384615384
0 0.5637019230769231 0.34375 0.021634615384615384 0.019230769230769232
0 0.5745192307692307 0.32211538461538464 0.019230769230769232 0.004807692307692308
0 0.5240384615384616 0.3245192307692308 0.02403846153846154 0.009615384615384616
0 0.36658653846153844 0.5444711538461539 0.11538461538461539 0.0985576923076923
0 0.6923076923076923 0.5793269230769231 0.1875 0.20192307692307693
0 0.7199519230769231 0.4639423076923077 0.07451923076923077 0.052884615384615384
0 0.6153846153846154 0.8798076923076923 0.03365384615384615 0.15865384615384615
0 0.7487980769230769 0.41466346153846156 0.07451923076923077 0.057692307692307696
0 0.7572115384615384 0.38100961538461536 0.052884615384615384 0.04326923076923077
0 0.7704326923076923 0.3485576923076923 0.038461538461538464 0.036057692307692304
0 0.8149038461538461 0.3401442307692308 0.04326923076923077 0.040865384615384616
0 0.8449519230769231 0.328125 0.036057692307692304 0.016826923076923076