0 0.4495192307692308 0.6153846153846154 0.3798076923076923 0.08173076923076923
0 0.7151442307692307 0.29086538461538464 0.09375 0.21634615384615385
0 0.8293269230769231 0.14302884615384615 0.15865384615384615 0.15144230769230768
0 0.17307692307692307 0.8822115384615384 0.04807692307692308 0.05048076923076923
0 0.06370192307692307 0.9603365384615384 0.04807692307692308 0.05048076923076923
0 0.15745192307692307 0.9086538461538461 0.04807692307692308 0.05048076923076923
0 0.31850961538461536 0.8990384615384616 0.07932692307692307 0.07692307692307693
0 0.003605769230769231 0.8581730769230769 0.007211538461538462 0.02403846153846154
0 0.003605769230769231 0.9002403846153846 0.007211538461538462 0.03125
0 0.015625 0.9362980769230769 0.03125 0.04567307692307692
0 0.10817307692307693 0.8737980769230769 0.04567307692307692 0.04326923076923077