0 0.171875 0.3798076923076923 0.17067307692307693 0.052884615384615384
0 0.9459134615384616 0.07211538461538461 0.07451923076923077 0.07211538461538461
0 0.7848557692307693 0.03485576923076923 0.11298076923076923 0.06971153846153846
0 0.8954326923076923 0.03125 0.11778846153846154 0.0625
0 0.9603365384615384 0.03485576923076923 0.07451923076923077 0.06971153846153846
0 0.16346153846153846 0.8004807692307693 0.22355769230769232 0.21875
0 0.37259615384615385 0.7211538461538461 0.1658653846153846 0.16346153846153846
0 0.07572115384615384 0.6370192307692307 0.15144230769230768 0.27403846153846156
0 0.6057692307692307 0.7908653846153846 0.24278846153846154 0.2548076923076923
0 0.33774038461538464 0.8930288461538461 0.15144230769230768 0.15144230769230768
0 0.6814903846153846 0.8834134615384616 0.06009615384615385 0.057692307692307696
0 0.4254807692307692 0.8269230769230769 0.16826923076923078 0.17067307692307693
0 0.6141826923076923 0.8918269230769231 0.0673076923076923 0.06971153846153846
0 0.7007211538461539 0.8617788461538461 0.05048076923076923 0.055288461538461536
0 0.43990384615384615 0.8918269230769231 0.09375 0.0889423076923077
0 0.5396634615384616 0.8389423076923077 0.06971153846153846 0.07451923076923077
0 0.5576923076923077 0.8882211538461539 0.08413461538461539 0.08653846153846154
0 0.7151442307692307 0.8870192307692307 0.021634615384615384 0.057692307692307696
0 0.9567307692307693 0.5913461538461539 0.08173076923076923 0.1875