0 0.037259615384615384 0.2283653846153846 0.04567307692307692 0.07932692307692307
0 0.4411057692307692 0.02403846153846154 0.2283653846153846 0.04807692307692308
0 0.2439903846153846 0.10817307692307693 0.1466346153846154 0.13942307692307693
0 0.14783653846153846 0.18269230769230768 0.09615384615384616 0.09615384615384616
0 0.07451923076923077 0.25 0.09375 0.08413461538461539
0 0.030048076923076924 0.30288461538461536 0.06009615384615385 0.07692307692307693
0 0.008413461538461538 0.3389423076923077 0.016826923076923076 0.04807692307692308
0 0.4098557692307692 0.7920673076923077 0.14423076923076922 0.1466346153846154
0 0.4951923076923077 0.546875 0.14423076923076922 0.09375
0 0.29086538461538464 0.5973557692307693 0.10096153846153846 0.10096153846153846
0 0.23076923076923078 0.53125 0.07692307692307693 0.0625
0 0.6826923076923077 0.96875 0.10576923076923077 0.057692307692307696