0 0.3317307692307692 0.3737980769230769 0.04807692307692308 0.0985576923076923
0 0.5300480769230769 0.08413461538461539 0.18509615384615385 0.16826923076923078
0 0.6286057692307693 0.23317307692307693 0.125 0.11538461538461539
0 0.6706730769230769 0.04567307692307692 0.1778846153846154 0.09134615384615384
0 0.9435096153846154 0.09735576923076923 0.10817307692307693 0.12259615384615384
0 0.8473557692307693 0.14182692307692307 0.10576923076923077 0.10576923076923077
0 0.9050480769230769 0.21033653846153846 0.08413461538461539 0.08173076923076923
0 0.9819711538461539 0.11538461538461539 0.03125 0.09615384615384616
0 0.9819711538461539 0.17908653846153846 0.03125 0.07932692307692307
0 0.9278846153846154 0.15625 0.0889423076923077 0.0889423076923077
0 0.8185096153846154 0.06009615384615385 0.15625 0.1201923076923077
0 0.7163461538461539 0.109375 0.15865384615384615 0.15865384615384615
0 0.3125 0.5673076923076923 0.08653846153846154 0.1346153846153846
0 0.3125 0.703125 0.08653846153846154 0.16105769230769232
0 0.8197115384615384 0.5889423076923077 0.3557692307692308 0.1778846153846154