0 0.31850961538461536 0.10336538461538461 0.0673076923076923 0.0673076923076923
0 0.3641826923076923 0.1466346153846154 0.06490384615384616 0.06490384615384616
0 0.09014423076923077 0.04567307692307692 0.11778846153846154 0.09134615384615384
0 0.06971153846153846 0.1201923076923077 0.13942307692307693 0.15384615384615385
0 0.7475961538461539 0.4014423076923077 0.0985576923076923 0.0985576923076923
0 0.9627403846153846 0.33774038461538464 0.04326923076923077 0.04326923076923077
0 0.984375 0.36658653846153844 0.026442307692307692 0.04567307692307692
0 0.46033653846153844 0.4423076923076923 0.08413461538461539 0.16826923076923078
0 0.38461538461538464 0.8497596153846154 0.0625 0.07932692307692307
0 0.9134615384615384 0.9591346153846154 0.16826923076923078 0.07692307692307693
0 0.8221153846153846 0.9447115384615384 0.16826923076923078 0.10576923076923077
0 0.8377403846153846 0.8149038461538461 0.13942307692307693 0.13701923076923078
0 0.6802884615384616 0.7860576923076923 0.16826923076923078 0.17067307692307693
0 0.7391826923076923 0.9459134615384616 0.2091346153846154 0.10336538461538461
0 0.6466346153846154 0.6466346153846154 0.11057692307692307 0.11057692307692307
0 0.7319711538461539 0.5528846153846154 0.0889423076923077 0.04807692307692308
0 0.6201923076923077 0.5600961538461539 0.10096153846153846 0.0625
0 0.7836538461538461 0.6742788461538461 0.13942307692307693 0.13701923076923078
0 0.7632211538461539 0.6081730769230769 0.0889423076923077 0.09134615384615384