0 0.3269230769230769 0.18269230769230768 0.1346153846153846 0.10817307692307693
0 0.6358173076923077 0.14182692307692307 0.01201923076923077 0.01201923076923077
0 0.6286057692307693 0.14783653846153846 0.01201923076923077 0.01201923076923077
0 0.5516826923076923 0.1141826923076923 0.026442307692307692 0.026442307692307692
0 0.5805288461538461 0.13341346153846154 0.02403846153846154 0.02403846153846154
0 0.6418269230769231 0.16826923076923078 0.019230769230769232 0.021634615384615384
0 0.05889423076923077 0.042067307692307696 0.11778846153846154 0.08413461538461539
0 0.6935096153846154 0.22956730769230768 0.06971153846153846 0.33413461538461536
0 0.3701923076923077 0.5432692307692307 0.028846153846153848 0.028846153846153848
0 0.3870192307692308 0.7944711538461539 0.08173076923076923 0.09615384615384616
0 0.36658653846153844 0.9266826923076923 0.11538461538461539 0.13221153846153846
0 0.4326923076923077 0.6274038461538461 0.036057692307692304 0.03365384615384615
0 0.45072115384615385 0.53125 0.02403846153846154 0.02403846153846154
0 0.21153846153846154 0.7632211538461539 0.08173076923076923 0.0985576923076923
0 0.29086538461538464 0.7980769230769231 0.07692307692307693 0.09134615384615384
0 0.3641826923076923 0.46634615384615385 0.021634615384615384 0.02403846153846154
0 0.3389423076923077 0.5120192307692307 0.055288461538461536 0.07211538461538461
0 0.42427884615384615 0.48677884615384615 0.021634615384615384 0.02403846153846154
0 0.37740384615384615 0.5084134615384616 0.026442307692307692 0.028846153846153848
0 0.38822115384615385 0.47115384615384615 0.019230769230769232 0.021634615384615384
0 0.39302884615384615 0.44711538461538464 0.014423076923076924 0.014423076923076924
0 0.38341346153846156 0.4891826923076923 0.019230769230769232 0.021634615384615384
0 0.421875 0.47836538461538464 0.016826923076923076 0.021634615384615384
0 0.38822115384615385 0.46153846153846156 0.02403846153846154 0.021634615384615384