0 0.09134615384615384 0.40024038461538464 0.06009615384615385 0.06490384615384616
0 0.056490384615384616 0.33533653846153844 0.08413461538461539 0.08413461538461539
0 0.016826923076923076 0.39302884615384615 0.03365384615384615 0.055288461538461536
0 0.042067307692307696 0.4326923076923077 0.057692307692307696 0.06490384615384616
0 0.03125 0.21634615384615385 0.0625 0.25961538461538464
0 0.052884615384615384 0.47475961538461536 0.04326923076923077 0.03365384615384615
0 0.12740384615384615 0.4675480769230769 0.04326923076923077 0.03365384615384615
0 0.11538461538461539 0.4362980769230769 0.05048076923076923 0.057692307692307696
0 0.109375 0.6670673076923077 0.1658653846153846 0.1658653846153846
0 0.27283653846153844 0.8016826923076923 0.24759615384615385 0.34375
0 0.2403846153846154 0.9819711538461539 0.08173076923076923 0.03125