0 0.10096153846153846 0.328125 0.19951923076923078 0.19230769230769232
0 0.7115384615384616 0.40384615384615385 0.15865384615384615 0.04326923076923077
0 0.8557692307692307 0.3942307692307692 0.1346153846153846 0.0625
0 0.2283653846153846 0.890625 0.038461538461538464 0.13701923076923078
0 0.10096153846153846 0.9807692307692307 0.0625 0.03365384615384615
0 0.007211538461538462 0.9182692307692307 0.014423076923076924 0.0673076923076923
0 0.06850961538461539 0.9206730769230769 0.07451923076923077 0.07451923076923077
0 0.46274038461538464 0.9411057692307693 0.052884615384615384 0.04807692307692308
0 0.4375 0.8894230769230769 0.0673076923076923 0.06490384615384616
0 0.41466346153846156 0.9471153846153846 0.06009615384615385 0.055288461538461536
0 0.48197115384615385 0.9723557692307693 0.052884615384615384 0.04807692307692308
0 0.5012019230769231 0.9903846153846154 0.04567307692307692 0.014423076923076924