0 0.08173076923076923 0.15985576923076922 0.16346153846153846 0.2283653846153846
0 0.5637019230769231 0.2824519230769231 0.07211538461538461 0.0625
0 0.5757211538461539 0.15625 0.0673076923076923 0.055288461538461536
0 0.3762019230769231 0.08173076923076923 0.11298076923076923 0.16346153846153846
0 0.5084134615384616 0.08774038461538461 0.16105769230769232 0.17548076923076922
0 0.7560096153846154 0.5168269230769231 0.016826923076923076 0.014423076923076924
0 0.7271634615384616 0.4807692307692308 0.02403846153846154 0.02403846153846154
0 0.6935096153846154 0.4254807692307692 0.036057692307692304 0.036057692307692304
0 0.7319711538461539 0.8725961538461539 0.12980769230769232 0.1346153846153846
0 0.5697115384615384 0.9627403846153846 0.08653846153846154 0.06971153846153846
0 0.41346153846153844 0.9399038461538461 0.08173076923076923 0.0985576923076923
0 0.36538461538461536 0.9771634615384616 0.0625 0.040865384615384616