0 0.20432692307692307 0.38822115384615385 0.04567307692307692 0.040865384615384616
0 0.2644230769230769 0.37740384615384615 0.03365384615384615 0.03125
0 0.13942307692307693 0.3545673076923077 0.07451923076923077 0.07451923076923077
0 0.04326923076923077 0.3329326923076923 0.07932692307692307 0.0673076923076923
0 0.3088942307692308 0.3918269230769231 0.03365384615384615 0.026442307692307692
0 0.2932692307692308 0.4206730769230769 0.028846153846153848 0.026442307692307692
0 0.4735576923076923 0.3870192307692308 0.016826923076923076 0.016826923076923076
0 0.29447115384615385 0.39783653846153844 0.02403846153846154 0.019230769230769232
0 0.4483173076923077 0.3918269230769231 0.019230769230769232 0.019230769230769232
0 0.4074519230769231 0.3918269230769231 0.02403846153846154 0.02403846153846154
0 0.28365384615384615 0.3858173076923077 0.036057692307692304 0.036057692307692304
0 0.46033653846153844 0.40024038461538464 0.016826923076923076 0.016826923076923076
0 0.4375 0.4230769230769231 0.016826923076923076 0.016826923076923076
0 0.3173076923076923 0.4098557692307692 0.028846153846153848 0.026442307692307692
0 0.33052884615384615 0.390625 0.026442307692307692 0.02403846153846154
0 0.35096153846153844 0.39663461538461536 0.026442307692307692 0.028846153846153848
0 0.36177884615384615 0.40024038461538464 0.021634615384615384 0.021634615384615384
0 0.375 0.4026442307692308 0.02403846153846154 0.02403846153846154
0 0.37259615384615385 0.4182692307692308 0.02403846153846154 0.021634615384615384
0 0.9399038461538461 0.37740384615384615 0.11538461538461539 0.10096153846153846
0 0.8894230769230769 0.9387019230769231 0.0625 0.06009615384615385
0 0.9134615384615384 0.8966346153846154 0.07692307692307693 0.07451923076923077
0 0.9495192307692307 0.8449519230769231 0.06971153846153846 0.08413461538461539
0 0.9819711538461539 0.8737980769230769 0.03125 0.06009615384615385
0 0.9471153846153846 0.9375 0.040865384615384616 0.038461538461538464
0 0.9807692307692307 0.9230769230769231 0.03365384615384615 0.057692307692307696