0 0.21514423076923078 0.2848557692307692 0.12980769230769232 0.10817307692307693
0 0.36899038461538464 0.15985576923076922 0.09375 0.09134615384615384
0 0.06009615384615385 0.45913461538461536 0.1201923076923077 0.15384615384615385
0 0.484375 0.056490384615384616 0.026442307692307692 0.055288461538461536
0 0.5432692307692307 0.24278846153846154 0.08653846153846154 0.09134615384615384
0 0.6923076923076923 0.18870192307692307 0.08413461538461539 0.10096153846153846
0 0.7079326923076923 0.11899038461538461 0.06009615384615385 0.07211538461538461
0 0.7800480769230769 0.078125 0.040865384615384616 0.040865384615384616
0 0.90625 0.040865384615384616 0.09134615384615384 0.08173076923076923
0 0.8028846153846154 0.013221153846153846 0.04326923076923077 0.026442307692307692
0 0.0829326923076923 0.6730769230769231 0.0673076923076923 0.07451923076923077
0 0.7103365384615384 0.7475961538461539 0.16346153846153846 0.14182692307692307
0 0.5985576923076923 0.9362980769230769 0.16826923076923078 0.12259615384615384