0 0.16826923076923078 0.4050480769230769 0.125 0.10576923076923077
0 0.33533653846153844 0.4891826923076923 0.07211538461538461 0.0673076923076923
0 0.29447115384615385 0.22716346153846154 0.27403846153846156 0.29086538461538464
0 0.35096153846153844 0.6105769230769231 0.052884615384615384 0.04807692307692308
0 0.3581730769230769 0.578125 0.052884615384615384 0.04807692307692308
0 0.6778846153846154 0.5757211538461539 0.13942307692307693 0.12259615384615384
0 0.8846153846153846 0.41225961538461536 0.22596153846153846 0.24759615384615385
0 0.8497596153846154 0.5588942307692307 0.2283653846153846 0.15625
0 0.7079326923076923 0.6033653846153846 0.14182692307692307 0.0673076923076923
0 0.056490384615384616 0.7572115384615384 0.11298076923076923 0.23557692307692307
0 0.14182692307692307 0.7427884615384616 0.28365384615384615 0.20673076923076922
0 0.10576923076923077 0.953125 0.1971153846153846 0.0889423076923077
0 0.038461538461538464 0.9134615384615384 0.07692307692307693 0.16826923076923078
0 0.9723557692307693 0.8353365384615384 0.05048076923076923 0.15144230769230768
0 0.9182692307692307 0.9447115384615384 0.09134615384615384 0.0889423076923077
0 0.7019230769230769 0.875 0.08653846153846154 0.08413461538461539
0 0.6766826923076923 0.9086538461538461 0.06490384615384616 0.057692307692307696