0 0.7596153846153846 0.42427884615384615 0.09134615384615384 0.09615384615384616
0 0.8810096153846154 0.37259615384615385 0.07692307692307693 0.08653846153846154
0 0.828125 0.2764423076923077 0.0985576923076923 0.10336538461538461
0 0.056490384615384616 0.7872596153846154 0.11298076923076923 0.27163461538461536
0 0.3942307692307692 0.6622596153846154 0.1201923076923077 0.12980769230769232
0 0.12620192307692307 0.6057692307692307 0.25240384615384615 0.23557692307692307
0 0.6995192307692307 0.9038461538461539 0.12980769230769232 0.12980769230769232
0 0.5685096153846154 0.7391826923076923 0.13701923076923078 0.18990384615384615
0 0.7391826923076923 0.7307692307692307 0.11538461538461539 0.11057692307692307
0 0.9375 0.9038461538461539 0.05048076923076923 0.052884615384615384
0 0.7463942307692307 0.8197115384615384 0.10336538461538461 0.10336538461538461
0 0.9903846153846154 0.7247596153846154 0.014423076923076924 0.06009615384615385
0 0.8365384615384616 0.921875 0.06971153846153846 0.07451923076923077
0 0.7956730769230769 0.8725961538461539 0.08413461538461539 0.08413461538461539
0 0.8341346153846154 0.7992788461538461 0.08413461538461539 0.07932692307692307
0 0.9603365384615384 0.7271634615384616 0.052884615384615384 0.052884615384615384
0 0.9615384615384616 0.7896634615384616 0.07211538461538461 0.09375
0 0.8365384615384616 0.7379807692307693 0.09375 0.09134615384615384
0 0.5805288461538461 0.9278846153846154 0.15144230769230768 0.13942307692307693
0 0.6442307692307693 0.828125 0.13221153846153846 0.12740384615384615
0 0.9086538461538461 0.7956730769230769 0.07211538461538461 0.06971153846153846