0 0.013221153846153846 0.0985576923076923 0.026442307692307692 0.08173076923076923
0 0.06009615384615385 0.13581730769230768 0.10336538461538461 0.11298076923076923
0 0.4651442307692308 0.1466346153846154 0.06009615384615385 0.0625
0 0.49038461538461536 0.11298076923076923 0.06490384615384616 0.06009615384615385
0 0.48197115384615385 0.07211538461538461 0.052884615384615384 0.040865384615384616
0 0.46153846153846156 0.046875 0.05048076923076923 0.04326923076923077
0 0.4483173076923077 0.078125 0.040865384615384616 0.04567307692307692
0 0.44471153846153844 0.016826923076923076 0.03365384615384615 0.03365384615384615
0 0.4375 0.008413461538461538 0.019230769230769232 0.016826923076923076
0 0.4362980769230769 0.042067307692307696 0.016826923076923076 0.040865384615384616
0 0.29927884615384615 0.6358173076923077 0.19951923076923078 0.0985576923076923
0 0.056490384615384616 0.9615384615384616 0.0985576923076923 0.07211538461538461
0 0.09254807692307693 0.9086538461538461 0.10096153846153846 0.08413461538461539
0 0.23557692307692307 0.96875 0.14903846153846154 0.057692307692307696
0 0.019230769230769232 0.609375 0.038461538461538464 0.055288461538461536
0 0.6153846153846154 0.9795673076923077 0.10096153846153846 0.036057692307692304