0 0.19230769230769232 0.38461538461538464 0.21875 0.21634615384615385
0 0.36658653846153844 0.11658653846153846 0.28125 0.23317307692307693
0 0.6694711538461539 0.5420673076923077 0.21394230769230768 0.0889423076923077
0 0.6550480769230769 0.38822115384615385 0.29086538461538464 0.31971153846153844
0 0.578125 0.4987980769230769 0.13701923076923078 0.17548076923076922
0 0.5612980769230769 0.2247596153846154 0.10336538461538461 0.3004807692307692
0 0.6622596153846154 0.11778846153846154 0.30528846153846156 0.23557692307692307
0 0.036057692307692304 0.6610576923076923 0.07211538461538461 0.125
0 0.24278846153846154 0.65625 0.1875 0.1346153846153846
0 0.234375 0.921875 0.12259615384615384 0.12259615384615384
0 0.16105769230769232 0.8413461538461539 0.10817307692307693 0.10817307692307693
0 0.1141826923076923 0.9170673076923077 0.08653846153846154 0.08653846153846154
0 0.2403846153846154 0.9699519230769231 0.09615384615384616 0.055288461538461536
0 0.17548076923076922 0.9795673076923077 0.08173076923076923 0.036057692307692304
0 0.171875 0.9230769230769231 0.09134615384615384 0.09134615384615384
0 0.25240384615384615 0.78125 0.16346153846153846 0.1658653846153846
0 0.15144230769230768 0.7067307692307693 0.16346153846153846 0.16346153846153846
0 0.3918269230769231 0.6442307692307693 0.23076923076923078 0.11057692307692307
0 0.8112980769230769 0.8930288461538461 0.1201923076923077 0.11778846153846154
0 0.7355769230769231 0.6550480769230769 0.13221153846153846 0.13221153846153846
0 0.546875 0.6141826923076923 0.07451923076923077 0.05048076923076923
0 0.7295673076923077 0.8305288461538461 0.11538461538461539 0.11538461538461539
0 0.6129807692307693 0.8449519230769231 0.08413461538461539 0.08413461538461539