0 0.27403846153846156 0.008413461538461538 0.04326923076923077 0.016826923076923076
0 0.22716346153846154 0.06009615384615385 0.0625 0.06009615384615385
0 0.27283653846153844 0.03125 0.07451923076923077 0.0625
0 0.054086538461538464 0.27403846153846156 0.09375 0.09375
0 0.33533653846153844 0.1778846153846154 0.14903846153846154 0.1466346153846154
0 0.18990384615384615 0.019230769230769232 0.052884615384615384 0.038461538461538464
0 0.1466346153846154 0.07211538461538461 0.0625 0.06009615384615385
0 0.08413461538461539 0.14182692307692307 0.06971153846153846 0.0673076923076923
0 0.23557692307692307 0.019230769230769232 0.057692307692307696 0.038461538461538464
0 0.9759615384615384 0.2644230769230769 0.04326923076923077 0.125
0 0.05048076923076923 0.7427884615384616 0.10096153846153846 0.1971153846153846
0 0.1045673076923077 0.5420673076923077 0.15144230769230768 0.14903846153846154
0 0.21514423076923078 0.41225961538461536 0.13221153846153846 0.13221153846153846
0 0.15985576923076922 0.38461538461538464 0.13221153846153846 0.11057692307692307
0 0.5637019230769231 0.9242788461538461 0.15625 0.1466346153846154
0 0.5588942307692307 0.7391826923076923 0.11298076923076923 0.11298076923076923
0 0.5540865384615384 0.421875 0.055288461538461536 0.055288461538461536
0 0.6394230769230769 0.8076923076923077 0.12259615384615384 0.12259615384615384