0 0.9735576923076923 0.03245192307692308 0.04807692307692308 0.06490384615384616
0 0.2848557692307692 0.7512019230769231 0.1201923076923077 0.13701923076923078
0 0.13581730769230768 0.2764423076923077 0.04807692307692308 0.055288461538461536
0 0.1201923076923077 0.3161057692307692 0.04326923076923077 0.057692307692307696
0 0.3641826923076923 0.6995192307692307 0.028846153846153848 0.03365384615384615
0 0.33052884615384615 0.6274038461538461 0.038461538461538464 0.038461538461538464
0 0.3329326923076923 0.7992788461538461 0.02403846153846154 0.026442307692307692
0 0.1502403846153846 0.33413461538461536 0.026442307692307692 0.040865384615384616
0 0.23317307692307693 0.5120192307692307 0.036057692307692304 0.04807692307692308
0 0.27524038461538464 0.5096153846153846 0.08173076923076923 0.10817307692307693
0 0.2548076923076923 0.47115384615384615 0.028846153846153848 0.028846153846153848
0 0.3798076923076923 0.7403846153846154 0.02403846153846154 0.026442307692307692
0 0.3954326923076923 0.7379807692307693 0.019230769230769232 0.021634615384615384
0 0.38822115384615385 0.7127403846153846 0.019230769230769232 0.02403846153846154
0 0.39903846153846156 0.7848557692307693 0.019230769230769232 0.019230769230769232
0 0.4098557692307692 0.7776442307692307 0.01201923076923077 0.026442307692307692
0 0.41225961538461536 0.7692307692307693 0.007211538461538462 0.02403846153846154
0 0.7235576923076923 0.48677884615384615 0.0985576923076923 0.08173076923076923
0 0.9314903846153846 0.359375 0.036057692307692304 0.038461538461538464
0 0.890625 0.3137019230769231 0.03365384615384615 0.03365384615384615
0 0.9230769230769231 0.26802884615384615 0.019230769230769232 0.019230769230769232
0 0.8233173076923077 0.4206730769230769 0.14423076923076922 0.10576923076923077
0 0.9110576923076923 0.30288461538461536 0.019230769230769232 0.02403846153846154
0 0.8497596153846154 0.3557692307692308 0.05048076923076923 0.040865384615384616
0 0.8689903846153846 0.3389423076923077 0.036057692307692304 0.028846153846153848
0 0.9387019230769231 0.31971153846153844 0.014423076923076924 0.019230769230769232
0 0.9423076923076923 0.3088942307692308 0.02403846153846154 0.02403846153846154
0 0.9350961538461539 0.23677884615384615 0.019230769230769232 0.016826923076923076