0 0.38822115384615385 0.4014423076923077 0.3389423076923077 0.04807692307692308
0 0.3245192307692308 0.23197115384615385 0.38461538461538464 0.3870192307692308
0 0.2548076923076923 0.0673076923076923 0.21634615384615385 0.1346153846153846
0 0.7512019230769231 0.1346153846153846 0.1201923076923077 0.13221153846153846
0 0.9026442307692307 0.021634615384615384 0.06971153846153846 0.04326923076923077
0 0.3076923076923077 0.6694711538461539 0.06490384615384616 0.06490384615384616
0 0.0733173076923077 0.6550480769230769 0.08413461538461539 0.07932692307692307
0 0.12620192307692307 0.6959134615384616 0.09375 0.0889423076923077
0 0.5600961538461539 0.6358173076923077 0.019230769230769232 0.021634615384615384
0 0.5685096153846154 0.6478365384615384 0.016826923076923076 0.026442307692307692
0 0.5432692307692307 0.6358173076923077 0.02403846153846154 0.02403846153846154
0 0.5144230769230769 0.6370192307692307 0.02403846153846154 0.02403846153846154
0 0.4483173076923077 0.65625 0.038461538461538464 0.038461538461538464
0 0.359375 0.6358173076923077 0.04807692307692308 0.04567307692307692
0 0.41466346153846156 0.6610576923076923 0.04326923076923077 0.04326923076923077
0 0.7163461538461539 0.7956730769230769 0.27403846153846156 0.40384615384615385
0 0.7764423076923077 0.5492788461538461 0.10817307692307693 0.11538461538461539
0 0.7127403846153846 0.45072115384615385 0.07451923076923077 0.04567307692307692