0 0.8317307692307693 0.3737980769230769 0.026442307692307692 0.026442307692307692
0 0.8040865384615384 0.7644230769230769 0.08413461538461539 0.08173076923076923
0 0.8377403846153846 0.7259615384615384 0.07932692307692307 0.08413461538461539
0 0.8725961538461539 0.6754807692307693 0.08173076923076923 0.08653846153846154
0 0.8701923076923077 0.7415865384615384 0.0625 0.057692307692307696
0 0.8689903846153846 0.7920673076923077 0.055288461538461536 0.055288461538461536
0 0.8221153846153846 0.8449519230769231 0.10817307692307693 0.10096153846153846
0 0.8209134615384616 0.9026442307692307 0.0673076923076923 0.0625
0 0.8629807692307693 0.9206730769230769 0.08173076923076923 0.08173076923076923
0 0.8497596153846154 0.8245192307692307 0.05048076923076923 0.04807692307692308
0 0.8725961538461539 0.8473557692307693 0.05048076923076923 0.052884615384615384
0 0.8521634615384616 0.9651442307692307 0.036057692307692304 0.03365384615384615
0 0.8713942307692307 0.96875 0.03125 0.028846153846153848
0 0.8713942307692307 0.9867788461538461 0.026442307692307692 0.021634615384615384