0 0.31490384615384615 0.47115384615384615 0.14423076923076922 0.052884615384615384
0 0.3605769230769231 0.3425480769230769 0.0889423076923077 0.08653846153846154
0 0.41466346153846156 0.45552884615384615 0.11298076923076923 0.08413461538461539
0 0.4387019230769231 0.24519230769230768 0.06009615384615385 0.06009615384615385
0 0.8028846153846154 0.2403846153846154 0.15384615384615385 0.15144230769230768
0 0.8088942307692307 0.09134615384615384 0.1346153846153846 0.13221153846153846
0 0.8774038461538461 0.3245192307692308 0.15865384615384615 0.16105769230769232
0 0.7355769230769231 0.1141826923076923 0.11538461538461539 0.11778846153846154
0 0.7367788461538461 0.421875 0.15625 0.15144230769230768
0 0.7355769230769231 0.24879807692307693 0.15384615384615385 0.16105769230769232
0 0.7439903846153846 0.026442307692307692 0.10336538461538461 0.052884615384615384
0 0.8341346153846154 0.4326923076923077 0.23076923076923078 0.12980769230769232
0 0.8978365384615384 0.4483173076923077 0.17067307692307693 0.0985576923076923
0 0.46274038461538464 0.8918269230769231 0.06009615384615385 0.0673076923076923
0 0.2860576923076923 0.8305288461538461 0.08653846153846154 0.08413461538461539
0 0.41346153846153844 0.8112980769230769 0.04567307692307692 0.04567307692307692
0 0.36658653846153844 0.6057692307692307 0.019230769230769232 0.019230769230769232
0 0.39783653846153844 0.7055288461538461 0.036057692307692304 0.036057692307692304
0 0.4110576923076923 0.7752403846153846 0.03125 0.028846153846153848
0 0.390625 0.6887019230769231 0.019230769230769232 0.019230769230769232
0 0.09975961538461539 0.9483173076923077 0.19951923076923078 0.0985576923076923
0 0.4026442307692308 0.7451923076923077 0.036057692307692304 0.03365384615384615
0 0.39783653846153844 0.7271634615384616 0.03365384615384615 0.03125
0 0.41225961538461536 0.6850961538461539 0.038461538461538464 0.036057692307692304
0 0.38822115384615385 0.6802884615384616 0.016826923076923076 0.014423076923076924
0 0.984375 0.7235576923076923 0.026442307692307692 0.09134615384615384