0 0.109375 0.2127403846153846 0.21875 0.23798076923076922
0 0.36658653846153844 0.3137019230769231 0.11298076923076923 0.1201923076923077
0 0.25961538461538464 0.28725961538461536 0.15144230769230768 0.15865384615384615
0 0.4483173076923077 0.3485576923076923 0.09615384615384616 0.10096153846153846
0 0.5096153846153846 0.36778846153846156 0.07211538461538461 0.07451923076923077
0 0.6586538461538461 0.41225961538461536 0.057692307692307696 0.06490384615384616
0 0.6754807692307693 0.45913461538461536 0.02403846153846154 0.03365384615384615
0 0.5649038461538461 0.39663461538461536 0.07451923076923077 0.08173076923076923
0 0.8137019230769231 0.4699519230769231 0.04567307692307692 0.03125
0 0.7055288461538461 0.47115384615384615 0.03125 0.028846153846153848
0 0.8774038461538461 0.3894230769230769 0.14423076923076922 0.1346153846153846
0 0.8221153846153846 0.44350961538461536 0.036057692307692304 0.040865384615384616
0 0.9122596153846154 0.4074519230769231 0.06009615384615385 0.057692307692307696
0 0.14182692307692307 0.8605769230769231 0.24759615384615385 0.2620192307692308
0 0.30649038461538464 0.9170673076923077 0.15625 0.16105769230769232
0 0.6310096153846154 0.9903846153846154 0.06009615384615385 0.014423076923076924
0 0.5673076923076923 0.9711538461538461 0.13942307692307693 0.052884615384615384
0 0.796875 0.8701923076923077 0.21394230769230768 0.25
0 0.9098557692307693 0.8978365384615384 0.14903846153846154 0.16346153846153846
0 0.9735576923076923 0.8954326923076923 0.038461538461538464 0.04807692307692308
0 0.9819711538461539 0.921875 0.03125 0.05048076923076923