0 0.4411057692307692 0.4411057692307692 0.2283653846153846 0.15144230769230768
0 0.31009615384615385 0.29927884615384615 0.19951923076923078 0.19951923076923078
0 0.3317307692307692 0.0829326923076923 0.13942307692307693 0.14182692307692307
0 0.40384615384615385 0.09014423076923077 0.11298076923076923 0.11538461538461539
0 0.40384615384615385 0.020432692307692308 0.11057692307692307 0.040865384615384616
0 0.6995192307692307 0.06129807692307692 0.19230769230769232 0.12259615384615384
0 0.17548076923076922 0.609375 0.1201923076923077 0.11538461538461539
0 0.25240384615384615 0.5300480769230769 0.0625 0.021634615384615384
0 0.2512019230769231 0.7283653846153846 0.13942307692307693 0.13701923076923078
0 0.27403846153846156 0.6466346153846154 0.08653846153846154 0.08653846153846154
0 0.29086538461538464 0.5865384615384616 0.0673076923076923 0.0673076923076923