0 0.2127403846153846 0.28725961538461536 0.17067307692307693 0.1658653846153846
0 0.11899038461538461 0.016826923076923076 0.15144230769230768 0.03365384615384615
0 0.7451923076923077 0.3473557692307692 0.16826923076923078 0.15625
0 0.43990384615384615 0.5240384615384616 0.1201923076923077 0.04326923076923077
0 0.5889423076923077 0.35336538461538464 0.10336538461538461 0.10817307692307693
0 0.4639423076923077 0.45072115384615385 0.0985576923076923 0.10576923076923077
0 0.3858173076923077 0.2536057692307692 0.055288461538461536 0.06490384615384616
0 0.12980769230769232 0.7836538461538461 0.09375 0.07692307692307693
0 0.26322115384615385 0.7920673076923077 0.12980769230769232 0.10817307692307693
0 0.11298076923076923 0.9603365384615384 0.10096153846153846 0.07451923076923077
0 0.14182692307692307 0.8798076923076923 0.0889423076923077 0.07211538461538461
0 0.3762019230769231 0.8629807692307693 0.036057692307692304 0.08173076923076923
0 0.36899038461538464 0.7860576923076923 0.021634615384615384 0.09615384615384616