0 0.3629807692307692 0.42788461538461536 0.14903846153846154 0.13942307692307693
0 0.41586538461538464 0.2247596153846154 0.08173076923076923 0.21394230769230768
0 0.42908653846153844 0.4098557692307692 0.055288461538461536 0.15144230769230768
0 0.8149038461538461 0.1466346153846154 0.07451923076923077 0.07692307692307693
0 0.9471153846153846 0.0889423076923077 0.036057692307692304 0.036057692307692304
0 0.8569711538461539 0.07572115384615384 0.055288461538461536 0.052884615384615384
0 0.9314903846153846 0.008413461538461538 0.03125 0.016826923076923076
0 0.9579326923076923 0.03365384615384615 0.02403846153846154 0.02403846153846154
0 0.9747596153846154 0.003605769230769231 0.021634615384615384 0.007211538461538462
0 0.9038461538461539 0.015625 0.03365384615384615 0.03125
0 0.7283653846153846 0.296875 0.12980769230769232 0.11538461538461539
0 0.8149038461538461 0.039663461538461536 0.08413461538461539 0.06971153846153846
0 0.2956730769230769 0.5072115384615384 0.038461538461538464 0.014423076923076924
0 0.3449519230769231 0.5336538461538461 0.03365384615384615 0.03125
0 0.36899038461538464 0.5084134615384616 0.040865384615384616 0.016826923076923076
0 0.36538461538461536 0.5552884615384616 0.036057692307692304 0.036057692307692304
0 0.38100961538461536 0.515625 0.040865384615384616 0.03125
0 0.38461538461538464 0.5733173076923077 0.03365384615384615 0.03365384615384615
0 0.41346153846153844 0.6021634615384616 0.028846153846153848 0.026442307692307692
0 0.4254807692307692 0.6057692307692307 0.02403846153846154 0.026442307692307692
0 0.43990384615384615 0.6141826923076923 0.02403846153846154 0.026442307692307692
0 0.4519230769230769 0.6346153846153846 0.009615384615384616 0.03365384615384615
0 0.40024038461538464 0.5300480769230769 0.03365384615384615 0.03365384615384615
0 0.4074519230769231 0.5456730769230769 0.02403846153846154 0.02403846153846154
0 0.41586538461538464 0.5588942307692307 0.02403846153846154 0.02403846153846154
0 0.421875 0.5697115384615384 0.021634615384615384 0.019230769230769232
0 0.42908653846153844 0.5769230769230769 0.02403846153846154 0.02403846153846154
0 0.7307692307692307 0.9399038461538461 0.1346153846153846 0.11538461538461539
0 0.7824519230769231 0.625 0.055288461538461536 0.04326923076923077
0 0.8317307692307693 0.5757211538461539 0.03365384615384615 0.03125
0 0.9050480769230769 0.5697115384615384 0.03365384615384615 0.026442307692307692
0 0.8329326923076923 0.5300480769230769 0.08653846153846154 0.057692307692307696
0 0.8461538461538461 0.5072115384615384 0.038461538461538464 0.014423076923076924
0 0.8701923076923077 0.5060096153846154 0.014423076923076924 0.01201923076923077
0 0.8942307692307693 0.5036057692307693 0.014423076923076924 0.007211538461538462