0 0.07932692307692307 0.24759615384615385 0.15865384615384615 0.11538461538461539
0 0.15504807692307693 0.15264423076923078 0.31009615384615385 0.30528846153846156
0 0.30408653846153844 0.24759615384615385 0.08413461538461539 0.11538461538461539
0 0.49759615384615385 0.28125 0.1346153846153846 0.04807692307692308
0 0.025240384615384616 0.7800480769230769 0.05048076923076923 0.055288461538461536
0 0.3088942307692308 0.8233173076923077 0.07451923076923077 0.10336538461538461
0 0.2704326923076923 0.8509615384615384 0.07211538461538461 0.0673076923076923
0 0.20192307692307693 0.8557692307692307 0.07932692307692307 0.07211538461538461
0 0.1502403846153846 0.8461538461538461 0.057692307692307696 0.05048076923076923
0 0.01201923076923077 0.8209134615384616 0.02403846153846154 0.036057692307692304
0 0.6129807692307693 0.8786057692307693 0.14182692307692307 0.13221153846153846
0 0.4375 0.8557692307692307 0.09375 0.09134615384615384
0 0.3762019230769231 0.8485576923076923 0.055288461538461536 0.08173076923076923
0 0.9471153846153846 0.8918269230769231 0.10096153846153846 0.21153846153846154