0 0.5120192307692307 0.1814903846153846 0.028846153846153848 0.12259615384615384
0 0.375 0.07692307692307693 0.18269230769230768 0.15384615384615385
0 0.5108173076923077 0.11298076923076923 0.03125 0.11538461538461539
0 0.26322115384615385 0.140625 0.5264423076923077 0.27163461538461536
0 0.9098557692307693 0.21995192307692307 0.17548076923076922 0.11298076923076923
0 0.28725961538461536 0.6057692307692307 0.1346153846153846 0.125
0 0.18269230769230768 0.47475961538461536 0.17548076923076922 0.16105769230769232
0 0.16947115384615385 0.3918269230769231 0.13221153846153846 0.13221153846153846
0 0.3401442307692308 0.4579326923076923 0.10576923076923077 0.10336538461538461
0 0.25 0.3425480769230769 0.12740384615384615 0.12740384615384615
0 0.5060096153846154 0.4963942307692308 0.040865384615384616 0.06971153846153846
0 0.49399038461538464 0.828125 0.06490384615384616 0.07451923076923077
0 0.5108173076923077 0.5480769230769231 0.03125 0.0673076923076923
0 0.046875 0.5288461538461539 0.09375 0.25961538461538464
0 0.4182692307692308 0.6201923076923077 0.09615384615384616 0.0889423076923077
0 0.49278846153846156 0.640625 0.0673076923076923 0.09375
0 0.46274038461538464 0.5180288461538461 0.07692307692307693 0.07692307692307693
0 0.05048076923076923 0.3449519230769231 0.10096153846153846 0.13221153846153846