0 0.4338942307692308 0.018028846153846152 0.06490384615384616 0.036057692307692304
0 0.4735576923076923 0.026442307692307692 0.0625 0.052884615384615384
0 0.5084134615384616 0.014423076923076924 0.040865384615384616 0.028846153846153848
0 0.7956730769230769 0.02283653846153846 0.125 0.04567307692307692
0 0.6177884615384616 0.6502403846153846 0.09134615384615384 0.10336538461538461
0 0.09134615384615384 0.9242788461538461 0.17307692307692307 0.1466346153846154
0 0.18028846153846154 0.6983173076923077 0.3605769230769231 0.3004807692307692
0 0.31490384615384615 0.6237980769230769 0.34615384615384615 0.15144230769230768
0 0.3329326923076923 0.7115384615384616 0.4206730769230769 0.3269230769230769
0 0.7391826923076923 0.5564903846153846 0.021634615384615384 0.016826923076923076
0 0.8040865384615384 0.6201923076923077 0.04807692307692308 0.052884615384615384
0 0.7716346153846154 0.59375 0.038461538461538464 0.04807692307692308
0 0.8413461538461539 0.6478365384615384 0.06009615384615385 0.06009615384615385
0 0.7439903846153846 0.6418269230769231 0.03125 0.057692307692307696
0 0.7536057692307693 0.5637019230769231 0.03125 0.03125
0 0.7644230769230769 0.6899038461538461 0.07211538461538461 0.07692307692307693
0 0.8677884615384616 0.6923076923076923 0.07451923076923077 0.07932692307692307