0 0.20072115384615385 0.36177884615384615 0.0673076923076923 0.0673076923076923
0 0.4951923076923077 0.39783653846153844 0.04326923076923077 0.055288461538461536
0 0.06971153846153846 0.32091346153846156 0.05048076923076923 0.05048076923076923
0 0.10576923076923077 0.04447115384615385 0.14903846153846154 0.0889423076923077
0 0.40865384615384615 0.3798076923076923 0.125 0.09134615384615384
0 0.7800480769230769 0.3329326923076923 0.057692307692307696 0.06009615384615385
0 0.8569711538461539 0.3125 0.06971153846153846 0.07211538461538461
0 0.6923076923076923 0.3918269230769231 0.03365384615384615 0.03365384615384615
0 0.6682692307692307 0.3557692307692308 0.036057692307692304 0.036057692307692304
0 0.6682692307692307 0.40024038461538464 0.028846153846153848 0.03125
0 0.7884615384615384 0.40865384615384615 0.052884615384615384 0.03365384615384615
0 0.7596153846153846 0.38221153846153844 0.04567307692307692 0.04807692307692308
0 0.6622596153846154 0.3798076923076923 0.03365384615384615 0.03125
0 0.6850961538461539 0.41586538461538464 0.028846153846153848 0.019230769230769232
0 0.6887019230769231 0.4074519230769231 0.026442307692307692 0.02403846153846154
0 0.7560096153846154 0.5408653846153846 0.16105769230769232 0.15865384615384615
0 0.9435096153846154 0.5516826923076923 0.10817307692307693 0.14182692307692307
0 0.8293269230769231 0.5048076923076923 0.16826923076923078 0.15384615384615385
0 0.9507211538461539 0.7079326923076923 0.09375 0.15144230769230768
0 0.890625 0.6622596153846154 0.14182692307692307 0.13942307692307693
0 0.8533653846153846 0.7463942307692307 0.11538461538461539 0.11057692307692307
0 0.9735576923076923 0.8533653846153846 0.04807692307692308 0.12980769230769232
0 0.9290865384615384 0.7860576923076923 0.11778846153846154 0.11778846153846154