0 0.34134615384615385 0.16466346153846154 0.028846153846153848 0.040865384615384616
0 0.2704326923076923 0.13701923076923078 0.06009615384615385 0.057692307692307696
0 0.31850961538461536 0.17067307692307693 0.07211538461538461 0.0673076923076923
0 0.03245192307692308 0.038461538461538464 0.06490384615384616 0.07692307692307693
0 0.1875 0.27283653846153844 0.14903846153846154 0.13942307692307693
0 0.30649038461538464 0.08653846153846154 0.052884615384615384 0.04807692307692308
0 0.3449519230769231 0.12860576923076922 0.021634615384615384 0.04567307692307692
0 0.23677884615384615 0.0625 0.06490384615384616 0.055288461538461536
0 0.15384615384615385 0.027644230769230768 0.07211538461538461 0.055288461538461536
0 0.32091346153846156 0.1310096153846154 0.055288461538461536 0.05048076923076923
0 0.9435096153846154 0.18629807692307693 0.057692307692307696 0.055288461538461536
0 0.9699519230769231 0.14423076923076922 0.055288461538461536 0.0625
0 0.9230769230769231 0.14543269230769232 0.06009615384615385 0.0625
0 0.9915865384615384 0.13701923076923078 0.01201923076923077 0.04807692307692308
0 0.9771634615384616 0.17668269230769232 0.040865384615384616 0.07932692307692307
0 0.7680288461538461 0.9483173076923077 0.33413461538461536 0.0985576923076923