0 0.06370192307692307 0.12259615384615384 0.02403846153846154 0.02403846153846154
0 0.28125 0.4206730769230769 0.08173076923076923 0.08173076923076923
0 0.2800480769230769 0.3581730769230769 0.07211538461538461 0.06971153846153846
0 0.23197115384615385 0.3557692307692308 0.052884615384615384 0.057692307692307696
0 0.27884615384615385 0.3076923076923077 0.08413461538461539 0.07211538461538461
0 0.2283653846153846 0.3076923076923077 0.057692307692307696 0.0673076923076923
0 0.19110576923076922 0.28846153846153844 0.06009615384615385 0.05048076923076923
0 0.1875 0.3161057692307692 0.038461538461538464 0.036057692307692304
0 0.11057692307692307 0.20552884615384615 0.038461538461538464 0.036057692307692304
0 0.15985576923076922 0.2848557692307692 0.036057692307692304 0.040865384615384616
0 0.14903846153846154 0.2668269230769231 0.036057692307692304 0.038461538461538464
0 0.10216346153846154 0.13942307692307693 0.03365384615384615 0.03125
0 0.009615384615384616 0.10817307692307693 0.014423076923076924 0.014423076923076924
0 0.8461538461538461 0.3942307692307692 0.15625 0.16346153846153846
0 0.9471153846153846 0.4338942307692308 0.10096153846153846 0.10336538461538461
0 0.9050480769230769 0.45913461538461536 0.12740384615384615 0.052884615384615384
0 0.30408653846153844 0.5733173076923077 0.14182692307692307 0.1346153846153846
0 0.24519230769230768 0.6778846153846154 0.10336538461538461 0.09615384615384616
0 0.109375 0.9699519230769231 0.038461538461538464 0.036057692307692304
0 0.19110576923076922 0.7668269230769231 0.07211538461538461 0.07451923076923077
0 0.125 0.921875 0.040865384615384616 0.04326923076923077
0 0.04567307692307692 0.9939903846153846 0.02403846153846154 0.007211538461538462
0 0.140625 0.8822115384615384 0.040865384615384616 0.04567307692307692
0 0.15625 0.8377403846153846 0.06490384615384616 0.06490384615384616
0 0.6526442307692307 0.703125 0.04807692307692308 0.05048076923076923
0 0.6033653846153846 0.8185096153846154 0.04567307692307692 0.04567307692307692
0 0.6670673076923077 0.6394230769230769 0.13221153846153846 0.11538461538461539