0 0.2548076923076923 0.054086538461538464 0.04807692307692308 0.038461538461538464
0 0.3088942307692308 0.06971153846153846 0.06009615384615385 0.052884615384615384
0 0.2824519230769231 0.019230769230769232 0.06009615384615385 0.038461538461538464
0 0.08774038461538461 0.013221153846153846 0.03125 0.026442307692307692
0 0.21875 0.046875 0.04807692307692308 0.038461538461538464
0 0.0625 0.01201923076923077 0.028846153846153848 0.02403846153846154
0 0.040865384615384616 0.007211538461538462 0.019230769230769232 0.014423076923076924
0 0.11298076923076923 0.020432692307692308 0.026442307692307692 0.02403846153846154
0 0.1814903846153846 0.038461538461538464 0.040865384615384616 0.03125
0 0.15504807692307693 0.030048076923076924 0.026442307692307692 0.02403846153846154
0 0.025240384615384616 0.003605769230769231 0.016826923076923076 0.007211538461538462
0 0.9591346153846154 0.2932692307692308 0.07692307692307693 0.2403846153846154
0 0.6862980769230769 0.12259615384615384 0.11538461538461539 0.11057692307692307
0 0.9050480769230769 0.39903846153846156 0.18509615384615385 0.23557692307692307
0 0.8389423076923077 0.19110576923076922 0.15625 0.16346153846153846
0 0.5324519230769231 0.13822115384615385 0.06490384615384616 0.08413461538461539
0 0.6081730769230769 0.19230769230769232 0.10817307692307693 0.10817307692307693
0 0.7163461538461539 0.2512019230769231 0.14423076923076922 0.15865384615384615
0 0.5276442307692307 0.0673076923076923 0.055288461538461536 0.0673076923076923
0 0.578125 0.08774038461538461 0.08173076923076923 0.07211538461538461