0 0.7764423076923077 0.3293269230769231 0.16346153846153846 0.03365384615384615
0 0.4795673076923077 0.2824519230769231 0.040865384615384616 0.12740384615384615
0 0.6826923076923077 0.24519230769230768 0.12740384615384615 0.12740384615384615
0 0.6177884615384616 0.008413461538461538 0.0625 0.016826923076923076
0 0.6045673076923077 0.1346153846153846 0.09615384615384616 0.10096153846153846
0 0.5564903846153846 0.05889423076923077 0.0889423076923077 0.09134615384615384
0 0.12980769230769232 0.6057692307692307 0.09375 0.09375
0 0.22115384615384615 0.5432692307692307 0.0673076923076923 0.0625
0 0.3137019230769231 0.49158653846153844 0.04807692307692308 0.04807692307692308
0 0.9831730769230769 0.8317307692307693 0.028846153846153848 0.10576923076923077
0 0.7079326923076923 0.6586538461538461 0.18269230769230768 0.17548076923076922
0 0.609375 0.4879807692307692 0.1201923076923077 0.11538461538461539
0 0.5228365384615384 0.3762019230769231 0.06971153846153846 0.055288461538461536