0 0.8233173076923077 0.4963942307692308 0.09134615384615384 0.0889423076923077
0 0.7680288461538461 0.5432692307692307 0.06009615384615385 0.057692307692307696
0 0.7355769230769231 0.5673076923076923 0.04807692307692308 0.019230769230769232
0 0.6466346153846154 0.5444711538461539 0.10096153846153846 0.06490384615384616
0 0.4651442307692308 0.44711538461538464 0.15144230769230768 0.18269230769230768
0 0.02403846153846154 0.8329326923076923 0.04807692307692308 0.08413461538461539
0 0.17307692307692307 0.9254807692307693 0.0625 0.057692307692307696
0 0.07211538461538461 0.8822115384615384 0.07451923076923077 0.07451923076923077
0 0.11538461538461539 0.921875 0.038461538461538464 0.055288461538461536
0 0.8557692307692307 0.8112980769230769 0.08413461538461539 0.0985576923076923
0 0.7127403846153846 0.8786057692307693 0.08413461538461539 0.08413461538461539
0 0.9435096153846154 0.984375 0.040865384615384616 0.026442307692307692
0 0.890625 0.9579326923076923 0.04567307692307692 0.04326923076923077
0 0.8100961538461539 0.9266826923076923 0.06009615384615385 0.057692307692307696