0 0.28365384615384615 0.4519230769230769 0.11057692307692307 0.10817307692307693
0 0.09975961538461539 0.5673076923076923 0.0985576923076923 0.0985576923076923
0 0.171875 0.6141826923076923 0.07451923076923077 0.04567307692307692
0 0.9651442307692307 0.3173076923076923 0.06490384615384616 0.11538461538461539
0 0.7451923076923077 0.3329326923076923 0.12980769230769232 0.12980769230769232
0 0.6298076923076923 0.5144230769230769 0.0985576923076923 0.0985576923076923
0 0.9134615384615384 0.38100961538461536 0.11538461538461539 0.11057692307692307
0 0.6189903846153846 0.18509615384615385 0.21634615384615385 0.22115384615384615
0 0.6983173076923077 0.6153846153846154 0.06971153846153846 0.04326923076923077
0 0.6310096153846154 0.6286057692307693 0.06971153846153846 0.016826923076923076
0 0.8990384615384616 0.49759615384615385 0.08413461538461539 0.08173076923076923