0 0.9194711538461539 0.09014423076923077 0.15625 0.18028846153846154
0 0.7283653846153846 0.05889423076923077 0.14423076923076922 0.11778846153846154
0 0.7391826923076923 0.015625 0.11778846153846154 0.03125
0 0.6346153846153846 0.013221153846153846 0.11057692307692307 0.026442307692307692
0 0.5384615384615384 0.01201923076923077 0.057692307692307696 0.02403846153846154
0 0.5649038461538461 0.040865384615384616 0.10096153846153846 0.08173076923076923
0 0.34615384615384615 0.9362980769230769 0.32211538461538464 0.12259615384615384
0 0.4098557692307692 0.7139423076923077 0.19471153846153846 0.22115384615384615
0 0.2283653846153846 0.5324519230769231 0.0985576923076923 0.09615384615384616
0 0.3942307692307692 0.47836538461538464 0.11057692307692307 0.11057692307692307
0 0.4110576923076923 0.5637019230769231 0.1466346153846154 0.1466346153846154
0 0.4182692307692308 0.43149038461538464 0.0673076923076923 0.04567307692307692
0 0.41586538461538464 0.41586538461538464 0.07211538461538461 0.014423076923076924
0 0.8293269230769231 0.6598557692307693 0.09375 0.09615384615384616
0 0.7560096153846154 0.6334134615384616 0.06009615384615385 0.06009615384615385
0 0.7163461538461539 0.6165865384615384 0.052884615384615384 0.05048076923076923
0 0.6862980769230769 0.5973557692307693 0.055288461538461536 0.052884615384615384