0 0.07932692307692307 0.3389423076923077 0.08173076923076923 0.08413461538461539
0 0.12620192307692307 0.3088942307692308 0.08173076923076923 0.08413461538461539
0 0.11778846153846154 0.5084134615384616 0.052884615384615384 0.052884615384615384
0 0.11177884615384616 0.5877403846153846 0.04807692307692308 0.04807692307692308
0 0.08533653846153846 0.21033653846153846 0.11057692307692307 0.11538461538461539
0 0.15504807692307693 0.10216346153846154 0.12980769230769232 0.12980769230769232
0 0.0889423076923077 0.046875 0.15865384615384615 0.09375
0 0.12379807692307693 0.4026442307692308 0.07211538461538461 0.07211538461538461
0 0.125 0.46153846153846156 0.06009615384615385 0.06009615384615385
0 0.6682692307692307 0.41225961538461536 0.052884615384615384 0.05048076923076923
0 0.5408653846153846 0.4206730769230769 0.07211538461538461 0.07211538461538461
0 0.8173076923076923 0.4170673076923077 0.02403846153846154 0.021634615384615384
0 0.8425480769230769 0.40024038461538464 0.02403846153846154 0.02403846153846154
0 0.06610576923076923 0.6706730769230769 0.11298076923076923 0.0625
0 0.0829326923076923 0.9362980769230769 0.04567307692307692 0.04807692307692308
0 0.09735576923076923 0.7548076923076923 0.08173076923076923 0.08413461538461539
0 0.453125 0.6802884615384616 0.23317307692307693 0.08173076923076923
0 0.3557692307692308 0.8305288461538461 0.18269230769230768 0.17548076923076922
0 0.4987980769230769 0.8149038461538461 0.18269230769230768 0.17548076923076922
0 0.5444711538461539 0.9326923076923077 0.1466346153846154 0.12980769230769232