0 0.2980769230769231 0.4639423076923077 0.057692307692307696 0.16346153846153846
0 0.20552884615384615 0.26802884615384615 0.125 0.13221153846153846
0 0.2932692307692308 0.12620192307692307 0.028846153846153848 0.028846153846153848
0 0.23557692307692307 0.0985576923076923 0.038461538461538464 0.040865384615384616
0 0.3088942307692308 0.27163461538461536 0.036057692307692304 0.08173076923076923
0 0.23557692307692307 0.14543269230769232 0.0625 0.0625
0 0.26322115384615385 0.20192307692307693 0.06009615384615385 0.06009615384615385
0 0.27283653846153844 0.25 0.07932692307692307 0.08413461538461539
0 0.9350961538461539 0.5204326923076923 0.0625 0.05048076923076923
0 0.6622596153846154 0.234375 0.036057692307692304 0.036057692307692304
0 0.8461538461538461 0.35336538461538464 0.04807692307692308 0.05048076923076923
0 0.9194711538461539 0.4387019230769231 0.019230769230769232 0.019230769230769232
0 0.8918269230769231 0.41225961538461536 0.016826923076923076 0.019230769230769232
0 0.8629807692307693 0.5 0.02403846153846154 0.02403846153846154
0 0.8713942307692307 0.47475961538461536 0.07692307692307693 0.08173076923076923
0 0.8966346153846154 0.42788461538461536 0.014423076923076924 0.014423076923076924
0 0.9122596153846154 0.4182692307692308 0.019230769230769232 0.021634615384615384
0 0.9879807692307693 0.49158653846153844 0.016826923076923076 0.019230769230769232
0 0.9951923076923077 0.5132211538461539 0.004807692307692308 0.016826923076923076
0 0.07932692307692307 0.6286057692307693 0.04567307692307692 0.04567307692307692
0 0.042067307692307696 0.7295673076923077 0.0625 0.0625
0 0.1310096153846154 0.6838942307692307 0.04326923076923077 0.04326923076923077
0 0.052884615384615384 0.6887019230769231 0.055288461538461536 0.05048076923076923
0 0.03485576923076923 0.7752403846153846 0.06971153846153846 0.07451923076923077
0 0.014423076923076924 0.6706730769230769 0.028846153846153848 0.07211538461538461
0 0.07211538461538461 0.6598557692307693 0.040865384615384616 0.040865384615384616
0 0.021634615384615384 0.6274038461538461 0.04326923076923077 0.04807692307692308
0 0.054086538461538464 0.5829326923076923 0.028846153846153848 0.03125
0 0.015625 0.6466346153846154 0.03125 0.04807692307692308
0 0.026442307692307692 0.8185096153846154 0.052884615384615384 0.0985576923076923
0 0.025240384615384616 0.609375 0.05048076923076923 0.05048076923076923
0 0.038461538461538464 0.5949519230769231 0.038461538461538464 0.040865384615384616
0 0.06129807692307692 0.5576923076923077 0.026442307692307692 0.019230769230769232
0 0.055288461538461536 0.5685096153846154 0.04326923076923077 0.040865384615384616
0 0.14783653846153846 0.5769230769230769 0.014423076923076924 0.014423076923076924
0 0.7680288461538461 0.6730769230769231 0.06971153846153846 0.07451923076923077