0 0.3112980769230769 0.046875 0.0673076923076923 0.08413461538461539
0 0.8605769230769231 0.0733173076923077 0.10817307692307693 0.10817307692307693
0 0.7908653846153846 0.03245192307692308 0.08173076923076923 0.06490384615384616
0 0.6394230769230769 0.7524038461538461 0.0673076923076923 0.06971153846153846
0 0.5925480769230769 0.734375 0.07211538461538461 0.06009615384615385
0 0.5324519230769231 0.7199519230769231 0.07451923076923077 0.06490384615384616
0 0.5949519230769231 0.6983173076923077 0.04326923076923077 0.055288461538461536
0 0.6430288461538461 0.6814903846153846 0.04807692307692308 0.04326923076923077
0 0.7091346153846154 0.7067307692307693 0.07692307692307693 0.09375
0 0.7632211538461539 0.6875 0.05048076923076923 0.057692307692307696
0 0.7644230769230769 0.6418269230769231 0.06490384615384616 0.0673076923076923
0 0.6790865384615384 0.6887019230769231 0.038461538461538464 0.04326923076923077
0 0.6923076923076923 0.6586538461538461 0.04807692307692308 0.038461538461538464
0 0.8100961538461539 0.6358173076923077 0.026442307692307692 0.03125
0 0.8064903846153846 0.6153846153846154 0.021634615384615384 0.026442307692307692
0 0.8245192307692307 0.609375 0.019230769230769232 0.021634615384615384