0 0.36778846153846156 0.4639423076923077 0.09375 0.09375
0 0.37740384615384615 0.9555288461538461 0.03125 0.036057692307692304
0 0.13221153846153846 0.7427884615384616 0.08173076923076923 0.08413461538461539
0 0.2512019230769231 0.7920673076923077 0.0673076923076923 0.08173076923076923
0 0.3401442307692308 0.7944711538461539 0.06009615384615385 0.07451923076923077
0 0.4014423076923077 0.9855769230769231 0.02403846153846154 0.026442307692307692
0 0.29447115384615385 0.9206730769230769 0.038461538461538464 0.036057692307692304
0 0.6478365384615384 0.8161057692307693 0.06009615384615385 0.06490384615384616
0 0.7067307692307693 0.7668269230769231 0.052884615384615384 0.057692307692307696
0 0.7920673076923077 0.7055288461538461 0.055288461538461536 0.06490384615384616
0 0.7379807692307693 0.8088942307692307 0.040865384615384616 0.052884615384615384
0 0.7908653846153846 0.7608173076923077 0.040865384615384616 0.05048076923076923
0 0.7548076923076923 0.8461538461538461 0.038461538461538464 0.038461538461538464
0 0.7728365384615384 0.9615384615384616 0.021634615384615384 0.03125
0 0.8040865384615384 0.8137019230769231 0.040865384615384616 0.05048076923076923
0 0.8161057692307693 0.8581730769230769 0.038461538461538464 0.036057692307692304