0 0.5216346153846154 0.27163461538461536 0.08413461538461539 0.08653846153846154
0 0.5408653846153846 0.21514423076923078 0.11057692307692307 0.2091346153846154
0 0.09254807692307693 0.2608173076923077 0.18509615384615385 0.13221153846153846
0 0.7764423076923077 0.04447115384615385 0.1201923076923077 0.0889423076923077
0 0.7920673076923077 0.15985576923076922 0.11298076923076923 0.11057692307692307
0 0.7908653846153846 0.2512019230769231 0.0889423076923077 0.0889423076923077
0 0.8461538461538461 0.15865384615384615 0.12259615384615384 0.12980769230769232
0 0.8341346153846154 0.30288461538461536 0.07692307692307693 0.04807692307692308
0 0.296875 0.6358173076923077 0.10096153846153846 0.10576923076923077
0 0.05889423076923077 0.4519230769230769 0.11778846153846154 0.23076923076923078
0 0.6923076923076923 0.5024038461538461 0.1875 0.34615384615384615
0 0.7608173076923077 0.6153846153846154 0.08173076923076923 0.0889423076923077
0 0.8509615384615384 0.5252403846153846 0.07451923076923077 0.07692307692307693