0 0.39903846153846156 0.042067307692307696 0.036057692307692304 0.03125
0 0.45913461538461536 0.11538461538461539 0.04326923076923077 0.040865384615384616
0 0.5408653846153846 0.09375 0.05048076923076923 0.05048076923076923
0 0.9110576923076923 0.3293269230769231 0.17307692307692307 0.09615384615384616
0 0.6742788461538461 0.15504807692307693 0.09615384615384616 0.07692307692307693
0 0.5913461538461539 0.18028846153846154 0.07211538461538461 0.06490384615384616
0 0.48197115384615385 0.08052884615384616 0.05048076923076923 0.04567307692307692
0 0.38100961538461536 0.06850961538461539 0.026442307692307692 0.02403846153846154
0 0.32572115384615385 0.03365384615384615 0.019230769230769232 0.016826923076923076
0 0.5324519230769231 0.013221153846153846 0.15144230769230768 0.026442307692307692
0 0.23317307692307693 0.609375 0.028846153846153848 0.03365384615384615
0 0.10576923076923077 0.43028846153846156 0.040865384615384616 0.04326923076923077
0 0.8052884615384616 0.6670673076923077 0.21634615384615385 0.18990384615384615
0 0.6009615384615384 0.41466346153846156 0.09615384615384616 0.06971153846153846