0 0.3425480769230769 0.040865384615384616 0.07451923076923077 0.08173076923076923
0 0.4807692307692308 0.22355769230769232 0.026442307692307692 0.03365384615384615
0 0.35697115384615385 0.24158653846153846 0.026442307692307692 0.01201923076923077
0 0.2956730769230769 0.1935096153846154 0.03125 0.028846153846153848
0 0.25600961538461536 0.19230769230769232 0.04567307692307692 0.040865384615384616
0 0.15865384615384615 0.7295673076923077 0.03365384615384615 0.036057692307692304
0 0.11538461538461539 0.5673076923076923 0.05048076923076923 0.052884615384615384
0 0.4699519230769231 0.5516826923076923 0.0889423076923077 0.09375
0 0.021634615384615384 0.5997596153846154 0.04326923076923077 0.05048076923076923
0 0.13701923076923078 0.3449519230769231 0.07451923076923077 0.0985576923076923
0 0.26322115384615385 0.3605769230769231 0.08173076923076923 0.0985576923076923
0 0.39663461538461536 0.6490384615384616 0.07451923076923077 0.06971153846153846
0 0.21875 0.6947115384615384 0.036057692307692304 0.04326923076923077
0 0.11538461538461539 0.7512019230769231 0.02403846153846154 0.028846153846153848
0 0.003605769230769231 0.7451923076923077 0.007211538461538462 0.02403846153846154
0 0.016826923076923076 0.7103365384615384 0.02403846153846154 0.028846153846153848
0 0.109375 0.7788461538461539 0.021634615384615384 0.019230769230769232
0 0.002403846153846154 0.6670673076923077 0.004807692307692308 0.03125
0 0.2848557692307692 0.6971153846153846 0.04326923076923077 0.04567307692307692
0 0.9302884615384616 0.8052884615384616 0.10576923076923077 0.09134615384615384