0 0.6466346153846154 0.09375 0.08173076923076923 0.1875
0 0.4254807692307692 0.03245192307692308 0.1346153846153846 0.06490384615384616
0 0.5444711538461539 0.1971153846153846 0.1971153846153846 0.1971153846153846
0 0.3449519230769231 0.15625 0.11538461538461539 0.11538461538461539
0 0.359375 0.0673076923076923 0.10576923076923077 0.10576923076923077
0 0.07932692307692307 0.09615384615384616 0.057692307692307696 0.057692307692307696
0 0.3269230769230769 0.02403846153846154 0.08653846153846154 0.04807692307692308
0 0.2692307692307692 0.06610576923076923 0.08173076923076923 0.08413461538461539
0 0.12980769230769232 0.10697115384615384 0.055288461538461536 0.055288461538461536
0 0.1310096153846154 0.046875 0.0985576923076923 0.09375
0 0.06129807692307692 0.09014423076923077 0.04326923076923077 0.04326923076923077
0 0.25240384615384615 0.125 0.09375 0.09615384615384616
0 0.5480769230769231 0.038461538461538464 0.15384615384615385 0.07692307692307693
0 0.46153846153846156 0.08533653846153846 0.13221153846153846 0.13221153846153846
0 0.19591346153846154 0.052884615384615384 0.07211538461538461 0.07451923076923077
0 0.03125 0.08052884615384616 0.04567307692307692 0.04567307692307692
0 0.013221153846153846 0.07692307692307693 0.026442307692307692 0.038461538461538464
0 0.06490384615384616 0.004807692307692308 0.03365384615384615 0.009615384615384616
0 0.020432692307692308 0.6862980769230769 0.040865384615384616 0.07451923076923077
0 0.037259615384615384 0.6298076923076923 0.06971153846153846 0.06971153846153846
0 0.078125 0.6286057692307693 0.08413461538461539 0.08413461538461539
0 0.140625 0.5408653846153846 0.08173076923076923 0.08173076923076923