0 0.3641826923076923 0.9014423076923077 0.05048076923076923 0.05048076923076923
0 0.3786057692307692 0.8617788461538461 0.05048076923076923 0.05048076923076923
0 0.5841346153846154 0.6225961538461539 0.02403846153846154 0.07211538461538461
0 0.3401442307692308 0.8377403846153846 0.0673076923076923 0.0673076923076923
0 0.390625 0.8028846153846154 0.07692307692307693 0.07932692307692307
0 0.6430288461538461 0.9759615384615384 0.03365384615384615 0.03365384615384615
0 0.7752403846153846 0.7716346153846154 0.055288461538461536 0.055288461538461536
0 0.7391826923076923 0.7355769230769231 0.0673076923076923 0.06490384615384616
0 0.7391826923076923 0.9146634615384616 0.036057692307692304 0.036057692307692304
0 0.7379807692307693 0.6033653846153846 0.0889423076923077 0.0889423076923077
0 0.7307692307692307 0.9855769230769231 0.026442307692307692 0.026442307692307692
0 0.7848557692307693 0.6189903846153846 0.07692307692307693 0.07692307692307693
0 0.7548076923076923 0.9350961538461539 0.026442307692307692 0.026442307692307692