0 0.3329326923076923 0.671875 0.14182692307692307 0.14182692307692307
0 0.09975961538461539 0.9026442307692307 0.057692307692307696 0.04807692307692308
0 0.030048076923076924 0.9134615384615384 0.036057692307692304 0.03365384615384615
0 0.02403846153846154 0.9495192307692307 0.04807692307692308 0.0673076923076923
0 0.6225961538461539 0.8088942307692307 0.04326923076923077 0.04807692307692308
0 0.5997596153846154 0.8509615384615384 0.038461538461538464 0.040865384615384616
0 0.7584134615384616 0.7283653846153846 0.06490384615384616 0.07211538461538461
0 0.49399038461538464 0.8834134615384616 0.021634615384615384 0.021634615384615384
0 0.5228365384615384 0.8894230769230769 0.03125 0.03125
0 0.49038461538461536 0.9038461538461539 0.021634615384615384 0.019230769230769232
0 0.453125 0.9254807692307693 0.016826923076923076 0.016826923076923076