0 0.4855769230769231 0.2247596153846154 0.11538461538461539 0.11538461538461539
0 0.20432692307692307 0.15625 0.40865384615384615 0.3125
0 0.5685096153846154 0.25600961538461536 0.07451923076923077 0.10336538461538461
0 0.33774038461538464 0.8870192307692307 0.49759615384615385 0.22115384615384615
0 0.35216346153846156 0.71875 0.1971153846153846 0.19951923076923078
0 0.44711538461538464 0.7608173076923077 0.17307692307692307 0.17307692307692307
0 0.46153846153846156 0.6442307692307693 0.13942307692307693 0.13942307692307693
0 0.3858173076923077 0.5360576923076923 0.31971153846153844 0.2932692307692308
0 0.49038461538461536 0.9375 0.23076923076923078 0.1201923076923077
0 0.8653846153846154 0.6009615384615384 0.2644230769230769 0.3173076923076923
0 0.8677884615384616 0.8762019230769231 0.25961538461538464 0.24278846153846154