0 0.8269230769230769 0.1875 0.1201923076923077 0.12259615384615384
0 0.7475961538461539 0.11298076923076923 0.10817307692307693 0.10817307692307693
0 0.7067307692307693 0.19110576923076922 0.08653846153846154 0.08653846153846154
0 0.8353365384615384 0.25600961538461536 0.09375 0.09615384615384616
0 0.7932692307692307 0.47836538461538464 0.04326923076923077 0.040865384615384616
0 0.8413461538461539 0.3942307692307692 0.07692307692307693 0.07932692307692307
0 0.7836538461538461 0.3293269230769231 0.07451923076923077 0.07692307692307693
0 0.8004807692307693 0.37259615384615385 0.07211538461538461 0.07211538461538461
0 0.7728365384615384 0.27163461538461536 0.07932692307692307 0.07932692307692307
0 0.7644230769230769 0.19230769230769232 0.09134615384615384 0.09134615384615384
0 0.8341346153846154 0.06490384615384616 0.16346153846153846 0.12980769230769232
0 0.7283653846153846 0.030048076923076924 0.16346153846153846 0.06009615384615385
0 0.7175480769230769 0.8028846153846154 0.06971153846153846 0.06971153846153846
0 0.49038461538461536 0.7403846153846154 0.05048076923076923 0.052884615384615384
0 0.71875 0.7463942307692307 0.08413461538461539 0.08653846153846154
0 0.6117788461538461 0.6334134615384616 0.08173076923076923 0.08653846153846154
0 0.9507211538461539 0.7415865384615384 0.09375 0.15625
0 0.8689903846153846 0.671875 0.13221153846153846 0.13701923076923078
0 0.8088942307692307 0.7824519230769231 0.1201923076923077 0.12259615384615384
0 0.5769230769230769 0.7896634615384616 0.057692307692307696 0.057692307692307696
0 0.6418269230769231 0.7680288461538461 0.06971153846153846 0.07211538461538461
0 0.6310096153846154 0.8365384615384616 0.09375 0.0985576923076923
0 0.5853365384615384 0.8293269230769231 0.036057692307692304 0.038461538461538464
0 0.5252403846153846 0.5733173076923077 0.0889423076923077 0.09375