0 0.6971153846153846 0.22355769230769232 0.055288461538461536 0.052884615384615384
0 0.7307692307692307 0.038461538461538464 0.11057692307692307 0.07692307692307693
0 0.7307692307692307 0.17307692307692307 0.0625 0.057692307692307696
0 0.7716346153846154 0.11057692307692307 0.08173076923076923 0.07932692307692307
0 0.8305288461538461 0.03485576923076923 0.11298076923076923 0.06971153846153846
0 0.6526442307692307 0.22716346153846154 0.04807692307692308 0.04567307692307692
0 0.7103365384615384 0.09375 0.0673076923076923 0.07211538461538461
0 0.6742788461538461 0.16105769230769232 0.06490384615384616 0.06009615384615385
0 0.6153846153846154 0.34375 0.03365384615384615 0.028846153846153848
0 0.6033653846153846 0.3161057692307692 0.03365384615384615 0.03125
0 0.6622596153846154 0.28365384615384615 0.03365384615384615 0.028846153846153848
0 0.5889423076923077 0.33413461538461536 0.02403846153846154 0.02403846153846154
0 0.6165865384615384 0.2848557692307692 0.02403846153846154 0.02403846153846154
0 0.6033653846153846 0.3485576923076923 0.02403846153846154 0.02403846153846154
0 0.6262019230769231 0.2608173076923077 0.03125 0.03125
0 0.6021634615384616 0.36658653846153844 0.026442307692307692 0.021634615384615384
0 0.6598557692307693 0.18870192307692307 0.036057692307692304 0.03365384615384615
0 0.5949519230769231 0.375 0.026442307692307692 0.004807692307692308
0 0.6706730769230769 0.25961538461538464 0.04807692307692308 0.04567307692307692
0 0.6370192307692307 0.31850961538461536 0.028846153846153848 0.028846153846153848
0 0.6478365384615384 0.3004807692307692 0.036057692307692304 0.03365384615384615
0 0.6069711538461539 0.3016826923076923 0.02403846153846154 0.019230769230769232
0 0.5817307692307693 0.35336538461538464 0.019230769230769232 0.014423076923076924
0 0.5697115384615384 0.36177884615384615 0.03365384615384615 0.03125
0 0.5745192307692307 0.3762019230769231 0.019230769230769232 0.002403846153846154
0 0.43149038461538464 0.9146634615384616 0.10576923076923077 0.10576923076923077
0 0.4375 0.7776442307692307 0.1201923076923077 0.15144230769230768
0 0.44591346153846156 0.5733173076923077 0.10336538461538461 0.19951923076923078