0 0.40865384615384615 0.10336538461538461 0.11538461538461539 0.15865384615384615
0 0.28365384615384615 0.23677884615384615 0.0985576923076923 0.10336538461538461
0 0.21634615384615385 0.2776442307692308 0.06009615384615385 0.07451923076923077
0 0.1502403846153846 0.33533653846153844 0.07451923076923077 0.07211538461538461
0 0.0733173076923077 0.36778846153846156 0.13701923076923078 0.057692307692307696
0 0.06971153846153846 0.05048076923076923 0.04326923076923077 0.07692307692307693
0 0.8341346153846154 0.3449519230769231 0.13942307692307693 0.10336538461538461
0 0.5456730769230769 0.27884615384615385 0.026442307692307692 0.026442307692307692
0 0.6177884615384616 0.36778846153846156 0.04326923076923077 0.04567307692307692
0 0.5192307692307693 0.18629807692307693 0.021634615384615384 0.021634615384615384
0 0.5252403846153846 0.22355769230769232 0.03365384615384615 0.03365384615384615
0 0.5036057692307693 0.15264423076923078 0.021634615384615384 0.02403846153846154
0 0.5757211538461539 0.3713942307692308 0.038461538461538464 0.038461538461538464
0 0.578125 0.33533653846153844 0.036057692307692304 0.03365384615384615
0 0.5 0.140625 0.014423076923076924 0.01201923076923077
0 0.29447115384615385 0.6105769230769231 0.07692307692307693 0.07692307692307693
0 0.5949519230769231 0.4951923076923077 0.038461538461538464 0.038461538461538464
0 0.7043269230769231 0.5516826923076923 0.052884615384615384 0.057692307692307696
0 0.7319711538461539 0.49399038461538464 0.06009615384615385 0.06009615384615385
0 0.6502403846153846 0.7295673076923077 0.07932692307692307 0.10096153846153846