0 0.33533653846153844 0.4963942307692308 0.052884615384615384 0.052884615384615384
0 0.4338942307692308 0.4579326923076923 0.052884615384615384 0.057692307692307696
0 0.48677884615384615 0.53125 0.021634615384615384 0.021634615384615384
0 0.5168269230769231 0.5228365384615384 0.019230769230769232 0.019230769230769232
0 0.46875 0.5252403846153846 0.02403846153846154 0.028846153846153848
0 0.5 0.5072115384615384 0.021634615384615384 0.021634615384615384
0 0.47836538461538464 0.4855769230769231 0.02403846153846154 0.028846153846153848
0 0.45913461538461536 0.484375 0.036057692307692304 0.036057692307692304
0 0.5024038461538461 0.1778846153846154 0.12980769230769232 0.14903846153846154
0 0.5360576923076923 0.5372596153846154 0.019230769230769232 0.016826923076923076
0 0.9711538461538461 0.5300480769230769 0.052884615384615384 0.03125
0 0.5096153846153846 0.5949519230769231 0.11538461538461539 0.09375
0 0.9711538461538461 0.8545673076923077 0.052884615384615384 0.22355769230769232
0 0.8076923076923077 0.9375 0.19230769230769232 0.1201923076923077
0 0.9447115384615384 0.9302884615384616 0.10576923076923077 0.1346153846153846