0 0.40865384615384615 0.18269230769230768 0.057692307692307696 0.09615384615384616
0 0.41586538461538464 0.07932692307692307 0.04326923076923077 0.057692307692307696
0 0.35216346153846156 0.13221153846153846 0.125 0.17307692307692307
0 0.4182692307692308 0.04326923076923077 0.038461538461538464 0.040865384615384616
0 0.4170673076923077 0.025240384615384616 0.03365384615384615 0.038461538461538464
0 0.4170673076923077 0.125 0.040865384615384616 0.0625
0 0.4098557692307692 0.010817307692307692 0.040865384615384616 0.021634615384615384
0 0.9459134615384616 0.36899038461538464 0.10336538461538461 0.24278846153846154
0 0.19951923076923078 0.8161057692307693 0.038461538461538464 0.040865384615384616
0 0.19831730769230768 0.7884615384615384 0.036057692307692304 0.040865384615384616
0 0.20552884615384615 0.7692307692307693 0.02403846153846154 0.021634615384615384
0 0.2403846153846154 0.7680288461538461 0.02403846153846154 0.02403846153846154
0 0.21153846153846154 0.7536057692307693 0.02403846153846154 0.02403846153846154
0 0.20673076923076922 0.7403846153846154 0.021634615384615384 0.02403846153846154
0 0.21153846153846154 0.7307692307692307 0.016826923076923076 0.016826923076923076
0 0.2127403846153846 0.7199519230769231 0.019230769230769232 0.016826923076923076
0 0.2127403846153846 0.7067307692307693 0.016826923076923076 0.014423076923076924
0 0.5600961538461539 0.6165865384615384 0.06490384615384616 0.06009615384615385
0 0.49038461538461536 0.625 0.0889423076923077 0.09134615384615384
0 0.6370192307692307 0.5985576923076923 0.052884615384615384 0.04807692307692308