0 0.44471153846153844 0.1814903846153846 0.14423076923076922 0.18509615384615385
0 0.015625 0.19951923076923078 0.03125 0.20673076923076922
0 0.2512019230769231 0.039663461538461536 0.17067307692307693 0.07932692307692307
0 0.8653846153846154 0.042067307692307696 0.08173076923076923 0.08413461538461539
0 0.7163461538461539 0.09014423076923077 0.07932692307692307 0.07932692307692307
0 0.9350961538461539 0.22235576923076922 0.036057692307692304 0.038461538461538464
0 0.8870192307692307 0.18509615384615385 0.04326923076923077 0.040865384615384616
0 0.9831730769230769 0.25240384615384615 0.03125 0.036057692307692304
0 0.8088942307692307 0.14783653846153846 0.057692307692307696 0.055288461538461536
0 0.021634615384615384 0.7944711538461539 0.04326923076923077 0.2091346153846154
0 0.37259615384615385 0.9819711538461539 0.08653846153846154 0.03125
0 0.32572115384615385 0.9711538461538461 0.29086538461538464 0.052884615384615384
0 0.1971153846153846 0.8942307692307693 0.19471153846153846 0.2091346153846154
0 0.7524038461538461 0.6971153846153846 0.11298076923076923 0.11298076923076923
0 0.5600961538461539 0.9747596153846154 0.04807692307692308 0.04807692307692308
0 0.8173076923076923 0.9891826923076923 0.028846153846153848 0.016826923076923076