0 0.4735576923076923 0.2824519230769231 0.0673076923076923 0.13701923076923078
0 0.2403846153846154 0.21634615384615385 0.1201923076923077 0.1346153846153846
0 0.3245192307692308 0.41586538461538464 0.09375 0.09375
0 0.25240384615384615 0.46033653846153844 0.07692307692307693 0.03125
0 0.06129807692307692 0.4519230769230769 0.08413461538461539 0.04807692307692308
0 0.6862980769230769 0.4074519230769231 0.040865384615384616 0.04567307692307692
0 0.609375 0.45913461538461536 0.02403846153846154 0.02403846153846154
0 0.8064903846153846 0.3425480769230769 0.06490384615384616 0.07451923076923077
0 0.6334134615384616 0.4387019230769231 0.036057692307692304 0.04326923076923077
0 0.5805288461538461 0.46875 0.026442307692307692 0.014423076923076924
0 0.3173076923076923 0.8353365384615384 0.03125 0.04326923076923077
0 0.15745192307692307 0.7283653846153846 0.055288461538461536 0.055288461538461536
0 0.22115384615384615 0.84375 0.03125 0.038461538461538464
0 0.23076923076923078 0.7307692307692307 0.04567307692307692 0.06009615384615385
0 0.3233173076923077 0.7512019230769231 0.036057692307692304 0.052884615384615384
0 0.25 0.8954326923076923 0.019230769230769232 0.028846153846153848
0 0.27283653846153844 0.84375 0.026442307692307692 0.038461538461538464
0 0.25721153846153844 0.7884615384615384 0.040865384615384616 0.06009615384615385
0 0.2644230769230769 0.8209134615384616 0.03125 0.04326923076923077
0 0.29447115384615385 0.9939903846153846 0.01201923076923077 0.007211538461538462
0 0.31971153846153844 0.9158653846153846 0.02403846153846154 0.028846153846153848
0 0.31971153846153844 0.9519230769230769 0.019230769230769232 0.02403846153846154
0 0.8810096153846154 0.6105769230769231 0.14423076923076922 0.14903846153846154