0 0.1502403846153846 0.2860576923076923 0.27403846153846156 0.28365384615384615
0 0.24519230769230768 0.2980769230769231 0.28365384615384615 0.5961538461538461
0 0.15144230769230768 0.052884615384615384 0.1346153846153846 0.10576923076923077
0 0.5817307692307693 0.109375 0.34615384615384615 0.21875
0 0.6574519230769231 0.22716346153846154 0.1778846153846154 0.16105769230769232
0 0.43028846153846156 0.17307692307692307 0.07932692307692307 0.06971153846153846
0 0.8557692307692307 0.15625 0.28365384615384615 0.3125
0 0.47716346153846156 0.2512019230769231 0.17548076923076922 0.21875
0 0.4326923076923077 0.17668269230769232 0.08413461538461539 0.07692307692307693
0 0.6141826923076923 0.7512019230769231 0.09375 0.08173076923076923
0 0.5384615384615384 0.7644230769230769 0.057692307692307696 0.055288461538461536
0 0.4951923076923077 0.7704326923076923 0.04567307692307692 0.05048076923076923
0 0.45913461538461536 0.7692307692307693 0.04807692307692308 0.055288461538461536