0 0.12620192307692307 0.16105769230769232 0.25240384615384615 0.28846153846153844
0 0.29447115384615385 0.23557692307692307 0.1658653846153846 0.23076923076923078
0 0.9855769230769231 0.037259615384615384 0.02403846153846154 0.04567307692307692
0 0.8978365384615384 0.234375 0.09134615384615384 0.09134615384615384
0 0.8834134615384616 0.13701923076923078 0.07932692307692307 0.07932692307692307
0 0.9831730769230769 0.09735576923076923 0.028846153846153848 0.055288461538461536
0 0.9915865384615384 0.02403846153846154 0.01201923076923077 0.04326923076923077
0 0.7175480769230769 0.2932692307692308 0.125 0.125
0 0.9519230769230769 0.3713942307692308 0.09134615384615384 0.11778846153846154
0 0.9555288461538461 0.0673076923076923 0.05048076923076923 0.05048076923076923
0 0.984375 0.007211538461538462 0.026442307692307692 0.014423076923076924
0 0.7271634615384616 0.6478365384615384 0.026442307692307692 0.026442307692307692
0 0.6598557692307693 0.6382211538461539 0.036057692307692304 0.016826923076923076
0 0.5564903846153846 0.7355769230769231 0.07932692307692307 0.07932692307692307
0 0.8858173076923077 0.9603365384615384 0.11778846153846154 0.07451923076923077