0 0.34615384615384615 0.13221153846153846 0.25961538461538464 0.2644230769230769
0 0.7367788461538461 0.18389423076923078 0.11778846153846154 0.0889423076923077
0 0.8389423076923077 0.25841346153846156 0.0625 0.055288461538461536
0 0.8810096153846154 0.234375 0.04567307692307692 0.05048076923076923
0 0.9362980769230769 0.19471153846153846 0.04567307692307692 0.05048076923076923
0 0.9723557692307693 0.15865384615384615 0.03365384615384615 0.03365384615384615
0 0.9939903846153846 0.125 0.007211538461538462 0.02403846153846154
0 0.11658653846153846 0.5733173076923077 0.17067307692307693 0.1658653846153846
0 0.4387019230769231 0.4639423076923077 0.07451923076923077 0.08173076923076923
0 0.3581730769230769 0.38341346153846156 0.10817307692307693 0.09615384615384616
0 0.6838942307692307 0.8305288461538461 0.20192307692307693 0.2091346153846154
0 0.8233173076923077 0.7055288461538461 0.125 0.125
0 0.8990384615384616 0.6262019230769231 0.08173076923076923 0.0889423076923077
0 0.9795673076923077 0.546875 0.036057692307692304 0.06971153846153846