0 0.6177884615384616 0.36899038461538464 0.038461538461538464 0.040865384615384616
0 0.7247596153846154 0.296875 0.0673076923076923 0.06971153846153846
0 0.3858173076923077 0.8954326923076923 0.14182692307692307 0.16105769230769232
0 0.28365384615384615 0.6646634615384616 0.27403846153846156 0.28365384615384615
0 0.10697115384615384 0.6105769230769231 0.21394230769230768 0.18269230769230768
0 0.6009615384615384 0.8473557692307693 0.03365384615384615 0.040865384615384616
0 0.5709134615384616 0.8100961538461539 0.038461538461538464 0.040865384615384616
0 0.6670673076923077 0.765625 0.052884615384615384 0.06009615384615385
0 0.6141826923076923 0.7199519230769231 0.057692307692307696 0.0625
0 0.5336538461538461 0.9338942307692307 0.014423076923076924 0.014423076923076924
0 0.5420673076923077 0.8786057692307693 0.026442307692307692 0.026442307692307692
0 0.5264423076923077 0.9086538461538461 0.014423076923076924 0.014423076923076924
0 0.796875 0.5889423076923077 0.11298076923076923 0.12980769230769232
0 0.6959134615384616 0.5721153846153846 0.11778846153846154 0.10576923076923077