0 0.15264423076923078 0.2704326923076923 0.25240384615384615 0.15144230769230768
0 0.5997596153846154 0.30288461538461536 0.1658653846153846 0.08653846153846154
0 0.5516826923076923 0.15504807692307693 0.06009615384615385 0.0673076923076923
0 0.4387019230769231 0.1814903846153846 0.06009615384615385 0.07451923076923077
0 0.46033653846153844 0.08052884615384616 0.036057692307692304 0.038461538461538464
0 0.4254807692307692 0.054086538461538464 0.03365384615384615 0.03365384615384615
0 0.3557692307692308 0.009615384615384616 0.019230769230769232 0.019230769230769232
0 0.3173076923076923 0.02403846153846154 0.019230769230769232 0.021634615384615384
0 0.019230769230769232 0.7475961538461539 0.038461538461538464 0.16826923076923078
0 0.7487980769230769 0.41947115384615385 0.06490384615384616 0.08173076923076923
0 0.6418269230769231 0.38341346153846156 0.0625 0.06971153846153846
0 0.9254807692307693 0.41586538461538464 0.14423076923076922 0.1346153846153846