0 0.3088942307692308 0.19831730769230768 0.04326923076923077 0.036057692307692304
0 0.25240384615384615 0.17668269230769232 0.03125 0.028846153846153848
0 0.3473557692307692 0.2608173076923077 0.0673076923076923 0.0673076923076923
0 0.5 0.3858173076923077 0.10096153846153846 0.06009615384615385
0 0.41947115384615385 0.3293269230769231 0.07692307692307693 0.06009615384615385
0 0.22235576923076922 0.14182692307692307 0.03125 0.02403846153846154
0 0.25 0.125 0.026442307692307692 0.02403846153846154
0 0.078125 0.06129807692307692 0.016826923076923076 0.014423076923076924
0 0.23798076923076922 0.14423076923076922 0.021634615384615384 0.019230769230769232
0 0.10216346153846154 0.06971153846153846 0.016826923076923076 0.016826923076923076
0 0.13822115384615385 0.09134615384615384 0.021634615384615384 0.021634615384615384
0 0.2403846153846154 0.15985576923076922 0.03365384615384615 0.03365384615384615
0 0.09615384615384616 0.056490384615384616 0.014423076923076924 0.016826923076923076
0 0.12740384615384615 0.04807692307692308 0.016826923076923076 0.014423076923076924
0 0.22355769230769232 0.12139423076923077 0.026442307692307692 0.02403846153846154
0 0.203125 0.13221153846153846 0.02403846153846154 0.02403846153846154
0 0.1875 0.11658653846153846 0.02403846153846154 0.026442307692307692
0 0.1814903846153846 0.10817307692307693 0.019230769230769232 0.019230769230769232
0 0.17067307692307693 0.0985576923076923 0.021634615384615384 0.021634615384615384
0 0.18028846153846154 0.08653846153846154 0.021634615384615384 0.021634615384615384
0 0.9639423076923077 0.20673076923076922 0.04807692307692308 0.05048076923076923
0 0.7740384615384616 0.11177884615384616 0.05048076923076923 0.04567307692307692
0 0.7103365384615384 0.2644230769230769 0.040865384615384616 0.09615384615384616
0 0.8605769230769231 0.10697115384615384 0.04567307692307692 0.04567307692307692
0 0.9338942307692307 0.06009615384615385 0.02403846153846154 0.02403846153846154
0 0.9951923076923077 0.018028846153846152 0.004807692307692308 0.021634615384615384
0 0.04567307692307692 0.4543269230769231 0.04567307692307692 0.05048076923076923
0 0.44711538461538464 0.5733173076923077 0.06009615384615385 0.052884615384615384
0 0.056490384615384616 0.49278846153846156 0.052884615384615384 0.057692307692307696
0 0.5072115384615384 0.5901442307692307 0.055288461538461536 0.052884615384615384
0 0.06610576923076923 0.5360576923076923 0.06009615384615385 0.07692307692307693
0 0.21033653846153846 0.6165865384615384 0.0889423076923077 0.10576923076923077
0 0.22596153846153846 0.7079326923076923 0.12980769230769232 0.12740384615384615
0 0.6838942307692307 0.5072115384615384 0.007211538461538462 0.02403846153846154
0 0.6598557692307693 0.5012019230769231 0.057692307692307696 0.0625
0 0.6478365384615384 0.5420673076923077 0.04567307692307692 0.040865384615384616
0 0.5769230769230769 0.5288461538461539 0.04326923076923077 0.038461538461538464
0 0.8449519230769231 0.9110576923076923 0.31009615384615385 0.17307692307692307
0 0.7908653846153846 0.8629807692307693 0.15144230769230768 0.14903846153846154