0 0.30528846153846156 0.48197115384615385 0.07211538461538461 0.07451923076923077
0 0.23197115384615385 0.49278846153846156 0.06971153846153846 0.0625
0 0.2776442307692308 0.4387019230769231 0.06009615384615385 0.057692307692307696
0 0.19110576923076922 0.46875 0.07211538461538461 0.0673076923076923
0 0.2439903846153846 0.40865384615384615 0.11298076923076923 0.10817307692307693
0 0.3245192307692308 0.4074519230769231 0.05048076923076923 0.05048076923076923
0 0.3076923076923077 0.37740384615384615 0.052884615384615384 0.04567307692307692
0 0.3557692307692308 0.375 0.05048076923076923 0.04567307692307692
0 0.3389423076923077 0.3557692307692308 0.038461538461538464 0.03365384615384615
0 0.3798076923076923 0.35336538461538464 0.03365384615384615 0.036057692307692304
0 0.36177884615384615 0.34134615384615385 0.03125 0.028846153846153848
0 0.39783653846153844 0.3329326923076923 0.026442307692307692 0.02403846153846154
0 0.4170673076923077 0.3233173076923077 0.021634615384615384 0.021634615384615384
0 0.37740384615384615 0.32211538461538464 0.02403846153846154 0.021634615384615384
0 0.3870192307692308 0.3161057692307692 0.016826923076923076 0.021634615384615384
0 0.4266826923076923 0.3088942307692308 0.021634615384615384 0.021634615384615384
0 0.44711538461538464 0.29927884615384615 0.02403846153846154 0.021634615384615384
0 0.4567307692307692 0.2920673076923077 0.019230769230769232 0.007211538461538462
0 0.39783653846153844 0.3076923076923077 0.016826923076923076 0.019230769230769232
0 0.4110576923076923 0.29927884615384615 0.02403846153846154 0.021634615384615384
0 0.8882211538461539 0.8581730769230769 0.21875 0.18269230769230768
0 0.8004807692307693 0.6045673076923077 0.06490384615384616 0.07932692307692307
0 0.7632211538461539 0.4483173076923077 0.052884615384615384 0.06009615384615385
0 0.6959134615384616 0.4362980769230769 0.04326923076923077 0.057692307692307696
0 0.9158653846153846 0.4375 0.04567307692307692 0.036057692307692304
0 0.75 0.3762019230769231 0.016826923076923076 0.021634615384615384
0 0.6754807692307693 0.3954326923076923 0.021634615384615384 0.021634615384615384