0 0.16947115384615385 0.16346153846153846 0.2692307692307692 0.2668269230769231
0 0.5600961538461539 0.13701923076923078 0.052884615384615384 0.12980769230769232
0 0.06009615384615385 0.109375 0.1201923076923077 0.21875
0 0.34615384615384615 0.06971153846153846 0.27403846153846156 0.13942307692307693
0 0.8233173076923077 0.2512019230769231 0.08173076923076923 0.08173076923076923
0 0.9423076923076923 0.2620192307692308 0.06971153846153846 0.06971153846153846
0 0.9711538461538461 0.08653846153846154 0.052884615384615384 0.09134615384615384
0 0.9867788461538461 0.2800480769230769 0.021634615384615384 0.05048076923076923
0 0.8076923076923077 0.39302884615384615 0.04567307692307692 0.04567307692307692
0 0.8449519230769231 0.4182692307692308 0.040865384615384616 0.040865384615384616
0 0.8822115384615384 0.4338942307692308 0.038461538461538464 0.038461538461538464
0 0.0889423076923077 0.9891826923076923 0.07692307692307693 0.016826923076923076