0 0.03125 0.17067307692307693 0.0625 0.0673076923076923
0 0.02403846153846154 0.09735576923076923 0.04807692307692308 0.05048076923076923
0 0.2860576923076923 0.18389423076923078 0.13942307692307693 0.15625
0 0.4098557692307692 0.109375 0.10336538461538461 0.17548076923076922
0 0.6262019230769231 0.10576923076923077 0.2956730769230769 0.21153846153846154
0 0.921875 0.12980769230769232 0.15144230769230768 0.25961538461538464
0 0.078125 0.796875 0.15625 0.18509615384615385
0 0.8677884615384616 0.7271634615384616 0.25961538461538464 0.29086538461538464
0 0.5745192307692307 0.7427884615384616 0.16105769230769232 0.16105769230769232
0 0.45552884615384615 0.7512019230769231 0.11538461538461539 0.11538461538461539
0 0.37740384615384615 0.7572115384615384 0.038461538461538464 0.08653846153846154