0 0.22596153846153846 0.4170673076923077 0.21153846153846154 0.07932692307692307
0 0.1935096153846154 0.4375 0.06971153846153846 0.038461538461538464
0 0.2608173076923077 0.03245192307692308 0.3293269230769231 0.06490384615384616
0 0.9074519230769231 0.12740384615384615 0.040865384615384616 0.040865384615384616
0 0.8762019230769231 0.11177884615384616 0.05048076923076923 0.05048076923076923
0 0.8064903846153846 0.0889423076923077 0.055288461538461536 0.055288461538461536
0 0.9362980769230769 0.18509615384615385 0.026442307692307692 0.026442307692307692
0 0.25600961538461536 0.8689903846153846 0.10096153846153846 0.10096153846153846
0 0.3545673076923077 0.9639423076923077 0.055288461538461536 0.052884615384615384
0 0.38221153846153844 0.8846153846153846 0.08173076923076923 0.08173076923076923
0 0.41225961538461536 0.7920673076923077 0.11298076923076923 0.11057692307692307
0 0.3545673076923077 0.734375 0.125 0.125
0 0.38461538461538464 0.6418269230769231 0.22596153846153846 0.36538461538461536
0 0.33774038461538464 0.9915865384615384 0.055288461538461536 0.01201923076923077
0 0.9759615384615384 0.9651442307692307 0.04326923076923077 0.06490384615384616
0 0.9759615384615384 0.9891826923076923 0.04326923076923077 0.016826923076923076