0 0.2980769230769231 0.265625 0.23557692307692307 0.07932692307692307
0 0.30528846153846156 0.18269230769230768 0.07451923076923077 0.055288461538461536
0 0.18028846153846154 0.15625 0.06009615384615385 0.055288461538461536
0 0.9723557692307693 0.1778846153846154 0.038461538461538464 0.04567307692307692
0 0.8413461538461539 0.24158653846153846 0.055288461538461536 0.06009615384615385
0 0.027644230769230768 0.9411057692307693 0.055288461538461536 0.11298076923076923
0 0.13822115384615385 0.7307692307692307 0.06490384615384616 0.0889423076923077
0 0.20432692307692307 0.5841346153846154 0.04567307692307692 0.06009615384615385
0 0.21033653846153846 0.48197115384615385 0.028846153846153848 0.03125
0 0.28125 0.4050480769230769 0.014423076923076924 0.016826923076923076
0 0.25961538461538464 0.48677884615384615 0.03365384615384615 0.03365384615384615
0 0.2932692307692308 0.4230769230769231 0.019230769230769232 0.02403846153846154
0 0.27163461538461536 0.4543269230769231 0.019230769230769232 0.028846153846153848
0 0.31971153846153844 0.3762019230769231 0.01201923076923077 0.014423076923076924
0 0.25240384615384615 0.4326923076923077 0.021634615384615384 0.028846153846153848
0 0.2848557692307692 0.38341346153846156 0.014423076923076924 0.014423076923076924
0 0.3112980769230769 0.3557692307692308 0.01201923076923077 0.016826923076923076
0 0.33052884615384615 0.35336538461538464 0.01201923076923077 0.009615384615384616
0 0.32091346153846156 0.3425480769230769 0.007211538461538462 0.009615384615384616
0 0.3389423076923077 0.3317307692307692 0.009615384615384616 0.009615384615384616
0 0.3737980769230769 0.3161057692307692 0.009615384615384616 0.009615384615384616
0 0.38341346153846156 0.3112980769230769 0.007211538461538462 0.007211538461538462
0 0.375 0.31009615384615385 0.009615384615384616 0.004807692307692308
0 0.34615384615384615 0.32572115384615385 0.007211538461538462 0.01201923076923077
0 0.33052884615384615 0.33052884615384615 0.009615384615384616 0.009615384615384616
0 0.6826923076923077 0.5877403846153846 0.11057692307692307 0.11778846153846154
0 0.8112980769230769 0.4483173076923077 0.07211538461538461 0.07451923076923077
0 0.9675480769230769 0.43509615384615385 0.06009615384615385 0.09134615384615384
0 0.9879807692307693 0.3701923076923077 0.019230769230769232 0.0673076923076923