0 0.9879807692307693 0.20432692307692307 0.019230769230769232 0.052884615384615384
0 0.9711538461538461 0.33653846153846156 0.052884615384615384 0.07211538461538461
0 0.9375 0.2536057692307692 0.0625 0.06009615384615385
0 0.9855769230769231 0.28125 0.02403846153846154 0.0673076923076923
0 0.9182692307692307 0.9747596153846154 0.09134615384615384 0.04567307692307692
0 0.9495192307692307 0.84375 0.052884615384615384 0.05048076923076923
0 0.8245192307692307 0.8701923076923077 0.08413461538461539 0.07932692307692307
0 0.8810096153846154 0.828125 0.057692307692307696 0.055288461538461536
0 0.9807692307692307 0.8064903846153846 0.03365384615384615 0.040865384615384616
0 0.9879807692307693 0.7463942307692307 0.019230769230769232 0.03125
0 0.8677884615384616 0.9350961538461539 0.0889423076923077 0.08653846153846154
0 0.9050480769230769 0.9002403846153846 0.057692307692307696 0.055288461538461536
0 0.9459134615384616 0.7872596153846154 0.055288461538461536 0.052884615384615384