0 0.3137019230769231 0.6935096153846154 0.07451923076923077 0.026442307692307692
0 0.390625 0.6862980769230769 0.05048076923076923 0.040865384615384616
0 0.40625 0.7019230769230769 0.028846153846153848 0.009615384615384616
0 0.6105769230769231 0.6478365384615384 0.09375 0.09375
0 0.7271634615384616 0.6862980769230769 0.07932692307692307 0.040865384615384616
0 0.7836538461538461 0.6237980769230769 0.10817307692307693 0.0985576923076923
0 0.7463942307692307 0.5504807692307693 0.11298076923076923 0.1201923076923077
0 0.8533653846153846 0.47596153846153844 0.28846153846153844 0.38461538461538464
0 0.46153846153846156 0.71875 0.07211538461538461 0.019230769230769232
0 0.359375 0.71875 0.06490384615384616 0.019230769230769232
0 0.47716346153846156 0.9483173076923077 0.016826923076923076 0.019230769230769232
0 0.43509615384615385 0.8581730769230769 0.03365384615384615 0.038461538461538464
0 0.4723557692307692 0.8341346153846154 0.05048076923076923 0.09134615384615384
0 0.4110576923076923 0.8076923076923077 0.0673076923076923 0.09134615384615384
0 0.49158653846153844 0.9903846153846154 0.01201923076923077 0.014423076923076924
0 0.7644230769230769 0.7896634615384616 0.14182692307692307 0.14182692307692307