0 0.3389423076923077 0.49278846153846156 0.21634615384615385 0.24519230769230768
0 0.27283653846153844 0.5745192307692307 0.20432692307692307 0.08173076923076923
0 0.08173076923076923 0.23317307692307693 0.08653846153846154 0.10336538461538461
0 0.15384615384615385 0.3918269230769231 0.10817307692307693 0.13701923076923078
0 0.06129807692307692 0.03245192307692308 0.06009615384615385 0.06490384615384616
0 0.027644230769230768 0.06850961538461539 0.055288461538461536 0.07932692307692307
0 0.41346153846153844 0.4050480769230769 0.0673076923076923 0.1466346153846154
0 0.6646634615384616 0.014423076923076924 0.028846153846153848 0.028846153846153848
0 0.7115384615384616 0.019230769230769232 0.08173076923076923 0.038461538461538464
0 0.8569711538461539 0.057692307692307696 0.057692307692307696 0.05048076923076923
0 0.8497596153846154 0.015625 0.04567307692307692 0.03125
0 0.9086538461538461 0.0673076923076923 0.03365384615384615 0.03365384615384615
0 0.9651442307692307 0.037259615384615384 0.028846153846153848 0.03365384615384615
0 0.9435096153846154 0.010817307692307692 0.03125 0.021634615384615384
0 0.9867788461538461 0.027644230769230768 0.021634615384615384 0.036057692307692304
0 0.9627403846153846 0.008413461538461538 0.03125 0.016826923076923076
0 0.14182692307692307 0.9567307692307693 0.20673076923076922 0.08173076923076923
0 0.49278846153846156 0.9122596153846154 0.08653846153846154 0.17067307692307693
0 0.7475961538461539 0.7127403846153846 0.07932692307692307 0.09134615384615384
0 0.6442307692307693 0.8617788461538461 0.11298076923076923 0.15384615384615385