0 0.22596153846153846 0.04927884615384615 0.07692307692307693 0.0889423076923077
0 0.7367788461538461 0.4735576923076923 0.15144230769230768 0.14423076923076922
0 0.5745192307692307 0.17307692307692307 0.13221153846153846 0.12980769230769232
0 0.5757211538461539 0.015625 0.055288461538461536 0.03125
0 0.49038461538461536 0.025240384615384616 0.04807692307692308 0.05048076923076923
0 0.6129807692307693 0.7307692307692307 0.07451923076923077 0.0625
0 0.48197115384615385 0.96875 0.036057692307692304 0.03365384615384615
0 0.4699519230769231 0.8617788461538461 0.021634615384615384 0.036057692307692304
0 0.4987980769230769 0.8990384615384616 0.04326923076923077 0.03365384615384615
0 0.6334134615384616 0.8786057692307693 0.07211538461538461 0.057692307692307696
0 0.640625 0.7860576923076923 0.06490384615384616 0.06009615384615385
0 0.48677884615384615 0.8461538461538461 0.021634615384615384 0.026442307692307692
0 0.4987980769230769 0.8461538461538461 0.04326923076923077 0.040865384615384616
0 0.53125 0.8353365384615384 0.052884615384615384 0.036057692307692304
0 0.578125 0.8894230769230769 0.06009615384615385 0.05048076923076923
0 0.5805288461538461 0.9831730769230769 0.06009615384615385 0.028846153846153848
0 0.5348557692307693 0.8894230769230769 0.06490384615384616 0.052884615384615384
0 0.47475961538461536 0.9122596153846154 0.03125 0.06490384615384616
0 0.5685096153846154 0.8245192307692307 0.0673076923076923 0.052884615384615384
0 0.4639423076923077 0.8713942307692307 0.009615384615384616 0.03125