0 0.31971153846153844 0.04326923076923077 0.125 0.08653846153846154
0 0.3449519230769231 0.2536057692307692 0.14182692307692307 0.19471153846153846
0 0.18870192307692307 0.14423076923076922 0.10096153846153846 0.11057692307692307
0 0.23317307692307693 0.06610576923076923 0.09615384615384616 0.0985576923076923
0 0.22355769230769232 0.018028846153846152 0.08173076923076923 0.036057692307692304
0 0.1502403846153846 0.037259615384615384 0.07451923076923077 0.07451923076923077
0 0.015625 0.02403846153846154 0.03125 0.04807692307692308
0 0.11298076923076923 0.08173076923076923 0.08413461538461539 0.09134615384615384
0 0.390625 0.07211538461538461 0.05048076923076923 0.14423076923076922
0 0.32211538461538464 0.11899038461538461 0.11778846153846154 0.125
0 0.08653846153846154 0.015625 0.0673076923076923 0.03125
0 0.4483173076923077 0.11057692307692307 0.040865384615384616 0.04567307692307692
0 0.4411057692307692 0.08052884615384616 0.04567307692307692 0.10336538461538461
0 0.29927884615384615 0.6887019230769231 0.23317307692307693 0.24278846153846154
0 0.31971153846153844 0.8617788461538461 0.19230769230769232 0.27163461538461536
0 0.06129807692307692 0.6574519230769231 0.12259615384615384 0.17548076923076922
0 0.4495192307692308 0.7211538461538461 0.0625 0.10576923076923077