0 0.96875 0.17668269230769232 0.05048076923076923 0.040865384615384616
0 0.7680288461538461 0.06129807692307692 0.08413461538461539 0.07932692307692307
0 0.19471153846153846 0.484375 0.08173076923076923 0.09375
0 0.36778846153846156 0.7019230769230769 0.040865384615384616 0.04326923076923077
0 0.40865384615384615 0.7572115384615384 0.02403846153846154 0.028846153846153848
0 0.4543269230769231 0.7932692307692307 0.004807692307692308 0.02403846153846154
0 0.4362980769230769 0.7415865384615384 0.04326923076923077 0.036057692307692304
0 0.6502403846153846 0.8557692307692307 0.25961538461538464 0.20432692307692307
0 0.9495192307692307 0.6959134615384616 0.09615384615384616 0.11298076923076923
0 0.8737980769230769 0.6105769230769231 0.13942307692307693 0.11538461538461539
0 0.8257211538461539 0.8725961538461539 0.14903846153846154 0.15865384615384615
0 0.9855769230769231 0.6033653846153846 0.02403846153846154 0.09134615384615384
0 0.9771634615384616 0.5012019230769231 0.040865384615384616 0.07932692307692307