0 0.06129807692307692 0.1814903846153846 0.12259615384615384 0.18028846153846154
0 0.2247596153846154 0.24879807692307693 0.2620192307692308 0.19471153846153846
0 0.17548076923076922 0.1141826923076923 0.1971153846153846 0.1875
0 0.4074519230769231 0.23076923076923078 0.15625 0.23076923076923078
0 0.6947115384615384 0.05048076923076923 0.08653846153846154 0.08653846153846154
0 0.5300480769230769 0.04567307692307692 0.08413461538461539 0.09134615384615384
0 0.5444711538461539 0.12259615384615384 0.10096153846153846 0.11057692307692307
0 0.055288461538461536 0.5685096153846154 0.11057692307692307 0.15144230769230768
0 0.8197115384615384 0.8641826923076923 0.15865384615384615 0.15144230769230768
0 0.9194711538461539 0.8137019230769231 0.15865384615384615 0.13701923076923078
0 0.7139423076923077 0.7415865384615384 0.13701923076923078 0.13701923076923078
0 0.7920673076923077 0.6502403846153846 0.16826923076923078 0.13701923076923078