0 0.9435096153846154 0.025240384615384616 0.10817307692307693 0.05048076923076923
0 0.9290865384615384 0.9387019230769231 0.13701923076923078 0.11778846153846154
0 0.9615384615384616 0.8942307692307693 0.07211538461538461 0.125
0 0.7728365384615384 0.7115384615384616 0.10336538461538461 0.0985576923076923
0 0.7415865384615384 0.9278846153846154 0.13221153846153846 0.13942307692307693
0 0.6105769230769231 0.7836538461538461 0.07932692307692307 0.09615384615384616
0 0.6778846153846154 0.7235576923076923 0.07692307692307693 0.08173076923076923
0 0.6923076923076923 0.6682692307692307 0.0673076923076923 0.038461538461538464
0 0.6081730769230769 0.6754807692307693 0.057692307692307696 0.052884615384615384
0 0.5576923076923077 0.7007211538461539 0.0673076923076923 0.07692307692307693
0 0.8665865384615384 0.7896634615384616 0.10817307692307693 0.1201923076923077
0 0.7451923076923077 0.8016826923076923 0.09375 0.10576923076923077