0 0.6045673076923077 0.2956730769230769 0.10817307692307693 0.0985576923076923
0 0.7271634615384616 0.2668269230769231 0.040865384615384616 0.0673076923076923
0 0.36899038461538464 0.20793269230769232 0.18990384615384615 0.16826923076923078
0 0.4375 0.921875 0.052884615384615384 0.055288461538461536
0 0.0829326923076923 0.46033653846153844 0.1658653846153846 0.18509615384615385
0 0.20432692307692307 0.9663461538461539 0.09134615384615384 0.0625
0 0.3942307692307692 0.8966346153846154 0.06490384615384616 0.0625
0 0.1814903846153846 0.4519230769230769 0.19951923076923078 0.16826923076923078
0 0.36177884615384615 0.7680288461538461 0.08653846153846154 0.08653846153846154
0 0.3545673076923077 0.4098557692307692 0.21875 0.08413461538461539
0 0.4110576923076923 0.7728365384615384 0.07211538461538461 0.07451923076923077
0 0.2620192307692308 0.40024038461538464 0.1875 0.06490384615384616
0 0.9507211538461539 0.8305288461538461 0.09375 0.11298076923076923
0 0.9771634615384616 0.7427884615384616 0.040865384615384616 0.08653846153846154
0 0.8870192307692307 0.7644230769230769 0.11778846153846154 0.11778846153846154
0 0.8377403846153846 0.8665865384615384 0.10336538461538461 0.1201923076923077
0 0.8149038461538461 0.7860576923076923 0.12980769230769232 0.2644230769230769