0 0.2980769230769231 0.31850961538461536 0.028846153846153848 0.016826923076923076
0 0.30528846153846156 0.31850961538461536 0.03365384615384615 0.016826923076923076
0 0.07211538461538461 0.2980769230769231 0.0673076923076923 0.057692307692307696
0 0.3137019230769231 0.32091346153846156 0.021634615384615384 0.01201923076923077
0 0.18509615384615385 0.7872596153846154 0.16105769230769232 0.16105769230769232
0 0.125 0.9723557692307693 0.11538461538461539 0.05048076923076923
0 0.6298076923076923 0.9302884615384616 0.04567307692307692 0.04567307692307692
0 0.7403846153846154 0.8305288461538461 0.18269230769230768 0.18028846153846154
0 0.6887019230769231 0.8533653846153846 0.1778846153846154 0.1778846153846154
0 0.6911057692307693 0.9555288461538461 0.10336538461538461 0.08413461538461539
0 0.6298076923076923 0.9735576923076923 0.057692307692307696 0.04807692307692308