0 0.8004807692307693 0.38341346153846156 0.16346153846153846 0.12740384615384615
0 0.8725961538461539 0.2980769230769231 0.17307692307692307 0.17307692307692307
0 0.6935096153846154 0.3581730769230769 0.1466346153846154 0.14903846153846154
0 0.5673076923076923 0.39663461538461536 0.11057692307692307 0.10096153846153846
0 0.06129807692307692 0.5432692307692307 0.08173076923076923 0.08173076923076923
0 0.515625 0.8377403846153846 0.026442307692307692 0.026442307692307692
0 0.7079326923076923 0.8762019230769231 0.09134615384615384 0.0889423076923077
0 0.8028846153846154 0.8954326923076923 0.10817307692307693 0.10817307692307693
0 0.7692307692307693 0.9603365384615384 0.10576923076923077 0.07451923076923077
0 0.5805288461538461 0.9447115384615384 0.0625 0.06009615384615385
0 0.5396634615384616 0.921875 0.038461538461538464 0.038461538461538464
0 0.5192307692307693 0.9026442307692307 0.03365384615384615 0.03365384615384615