0 0.703125 0.33774038461538464 0.04326923076923077 0.04326923076923077
0 0.9098557692307693 0.38822115384615385 0.06009615384615385 0.038461538461538464
0 0.6682692307692307 0.36177884615384615 0.036057692307692304 0.038461538461538464
0 0.6322115384615384 0.42788461538461536 0.028846153846153848 0.02403846153846154
0 0.7524038461538461 0.3545673076923077 0.04807692307692308 0.04326923076923077
0 0.7175480769230769 0.3798076923076923 0.04326923076923077 0.04326923076923077
0 0.421875 0.859375 0.038461538461538464 0.038461538461538464
0 0.5264423076923077 0.8762019230769231 0.03365384615384615 0.04807692307692308
0 0.5360576923076923 0.9651442307692307 0.014423076923076924 0.016826923076923076
0 0.5661057692307693 0.9735576923076923 0.014423076923076924 0.014423076923076924
0 0.5228365384615384 0.9507211538461539 0.014423076923076924 0.02403846153846154
0 0.5588942307692307 0.9507211538461539 0.014423076923076924 0.016826923076923076
0 0.5516826923076923 0.921875 0.014423076923076924 0.02403846153846154
0 0.5348557692307693 0.9110576923076923 0.02403846153846154 0.028846153846153848
0 0.5733173076923077 0.9927884615384616 0.01201923076923077 0.009615384615384616
0 0.7223557692307693 0.8125 0.08653846153846154 0.10096153846153846
0 0.7536057692307693 0.8930288461538461 0.0625 0.07932692307692307
0 0.7896634615384616 0.9387019230769231 0.04807692307692308 0.06490384615384616
0 0.8173076923076923 0.9723557692307693 0.040865384615384616 0.04326923076923077