0 0.02403846153846154 0.013221153846153846 0.04807692307692308 0.026442307692307692
0 0.09615384615384616 0.16466346153846154 0.07692307692307693 0.06971153846153846
0 0.009615384615384616 0.08413461538461539 0.019230769230769232 0.04326923076923077
0 0.3449519230769231 0.18870192307692307 0.12259615384615384 0.2283653846153846
0 0.5997596153846154 0.018028846153846152 0.16105769230769232 0.036057692307692304
0 0.4651442307692308 0.078125 0.11298076923076923 0.12740384615384615
0 0.4254807692307692 0.16346153846153846 0.03365384615384615 0.1346153846153846
0 0.546875 0.5697115384615384 0.057692307692307696 0.04326923076923077
0 0.5396634615384616 0.5144230769230769 0.055288461538461536 0.04326923076923077
0 0.4326923076923077 0.5432692307692307 0.036057692307692304 0.03125
0 0.41947115384615385 0.5072115384615384 0.021634615384615384 0.02403846153846154
0 0.7079326923076923 0.5264423076923077 0.09134615384615384 0.06490384615384616