0 0.40865384615384615 0.38461538461538464 0.11298076923076923 0.10576923076923077
0 0.7295673076923077 0.3425480769230769 0.036057692307692304 0.10817307692307693
0 0.6971153846153846 0.3762019230769231 0.04807692307692308 0.04807692307692308
0 0.3269230769230769 0.07932692307692307 0.4375 0.15865384615384615
0 0.46634615384615385 0.12980769230769232 0.3605769230769231 0.25961538461538464
0 0.3485576923076923 0.171875 0.47596153846153844 0.34375
0 0.6117788461538461 0.32211538461538464 0.08413461538461539 0.08413461538461539
0 0.7067307692307693 0.28966346153846156 0.08173076923076923 0.07932692307692307
0 0.6418269230769231 0.18509615384615385 0.14903846153846154 0.19951923076923078
0 0.8557692307692307 0.11538461538461539 0.10096153846153846 0.10096153846153846
0 0.9435096153846154 0.0625 0.0673076923076923 0.06971153846153846
0 0.5492788461538461 0.49399038461538464 0.09375 0.03125
0 0.6262019230769231 0.6358173076923077 0.09375 0.09134615384615384
0 0.6947115384615384 0.49759615384615385 0.0673076923076923 0.038461538461538464
0 0.984375 0.8978365384615384 0.026442307692307692 0.06490384615384616