0 0.16706730769230768 0.02283653846153846 0.11298076923076923 0.04567307692307692
0 0.1045673076923077 0.07932692307692307 0.07211538461538461 0.07932692307692307
0 0.027644230769230768 0.17427884615384615 0.055288461538461536 0.06009615384615385
0 0.7283653846153846 0.3269230769230769 0.055288461538461536 0.04807692307692308
0 0.640625 0.26802884615384615 0.021634615384615384 0.02403846153846154
0 0.734375 0.04326923076923077 0.2091346153846154 0.08653846153846154
0 0.8497596153846154 0.15865384615384615 0.2956730769230769 0.3173076923076923
0 0.6658653846153846 0.3317307692307692 0.040865384615384616 0.04326923076923077
0 0.6802884615384616 0.36778846153846156 0.06009615384615385 0.055288461538461536
0 0.6430288461538461 0.4206730769230769 0.026442307692307692 0.038461538461538464
0 0.6334134615384616 0.4423076923076923 0.007211538461538462 0.03365384615384615
0 0.9002403846153846 0.016826923076923076 0.10817307692307693 0.03365384615384615
0 0.8257211538461539 0.028846153846153848 0.07932692307692307 0.057692307692307696
0 0.7439903846153846 0.08774038461538461 0.04567307692307692 0.05048076923076923
0 0.6514423076923077 0.3894230769230769 0.040865384615384616 0.03125
0 0.6394230769230769 0.36778846153846156 0.019230769230769232 0.038461538461538464
0 0.6430288461538461 0.30528846153846156 0.026442307692307692 0.038461538461538464