0 0.2620192307692308 0.030048076923076924 0.18269230769230768 0.06009615384615385
0 0.1466346153846154 0.1201923076923077 0.11538461538461539 0.0985576923076923
0 0.038461538461538464 0.1141826923076923 0.07692307692307693 0.07932692307692307
0 0.02283653846153846 0.25961538461538464 0.04567307692307692 0.07692307692307693
0 0.06129807692307692 0.20192307692307693 0.07692307692307693 0.06971153846153846
0 0.5540865384615384 0.34975961538461536 0.06971153846153846 0.09375
0 0.39783653846153844 0.6983173076923077 0.23798076923076922 0.23317307692307693
0 0.26802884615384615 0.9819711538461539 0.055288461538461536 0.03125
0 0.5961538461538461 0.671875 0.055288461538461536 0.06490384615384616
0 0.5841346153846154 0.4879807692307692 0.12980769230769232 0.057692307692307696
0 0.6334134615384616 0.578125 0.1875 0.15625