0 0.9867788461538461 0.042067307692307696 0.021634615384615384 0.04567307692307692
0 0.9086538461538461 0.014423076923076924 0.04807692307692308 0.028846153846153848
0 0.9711538461538461 0.16466346153846154 0.052884615384615384 0.07451923076923077
0 0.9519230769230769 0.32211538461538464 0.09134615384615384 0.2548076923076923
0 0.9675480769230769 0.1201923076923077 0.06009615384615385 0.07211538461538461
0 0.9567307692307693 0.06971153846153846 0.06490384615384616 0.0673076923076923
0 0.9399038461538461 0.046875 0.040865384615384616 0.04326923076923077
0 0.9759615384615384 0.21634615384615385 0.04326923076923077 0.07692307692307693
0 0.0625 0.6754807692307693 0.125 0.27884615384615385
0 0.21995192307692307 0.5649038461538461 0.13221153846153846 0.09134615384615384
0 0.30528846153846156 0.5973557692307693 0.12259615384615384 0.12259615384615384
0 0.9002403846153846 0.5300480769230769 0.07932692307692307 0.021634615384615384