0 0.07451923076923077 0.2800480769230769 0.08173076923076923 0.09375
0 0.15865384615384615 0.4495192307692308 0.2091346153846154 0.19951923076923078
0 0.11177884615384616 0.06370192307692307 0.01201923076923077 0.01201923076923077
0 0.26802884615384615 0.6117788461538461 0.23317307692307693 0.18990384615384615
0 0.12379807692307693 0.078125 0.014423076923076924 0.014423076923076924
0 0.1141826923076923 0.09254807692307693 0.01201923076923077 0.016826923076923076
0 0.14182692307692307 0.0985576923076923 0.016826923076923076 0.019230769230769232
0 0.12980769230769232 0.1141826923076923 0.021634615384615384 0.021634615384615384
0 0.15625 0.11298076923076923 0.02403846153846154 0.02403846153846154
0 0.14302884615384615 0.13341346153846154 0.02403846153846154 0.02403846153846154
0 0.14903846153846154 0.14182692307692307 0.021634615384615384 0.028846153846153848
0 0.15384615384615385 0.14783653846153846 0.02403846153846154 0.028846153846153848
0 0.18870192307692307 0.140625 0.02403846153846154 0.028846153846153848
0 0.16346153846153846 0.15865384615384615 0.026442307692307692 0.03365384615384615
0 0.17548076923076922 0.16947115384615385 0.03125 0.036057692307692304
0 0.1814903846153846 0.18990384615384615 0.03125 0.03365384615384615
0 0.19471153846153846 0.20192307692307693 0.036057692307692304 0.040865384615384616
0 0.6947115384615384 0.23677884615384615 0.07211538461538461 0.07451923076923077
0 0.8954326923076923 0.171875 0.06490384615384616 0.052884615384615384
0 0.8990384615384616 0.21153846153846154 0.08413461538461539 0.06971153846153846
0 0.14543269230769232 0.7764423076923077 0.04567307692307692 0.04326923076923077
0 0.12379807692307693 0.7235576923076923 0.036057692307692304 0.028846153846153848
0 0.2091346153846154 0.9639423076923077 0.10576923076923077 0.0673076923076923
0 0.04567307692307692 0.7391826923076923 0.036057692307692304 0.036057692307692304
0 0.028846153846153848 0.7860576923076923 0.040865384615384616 0.040865384615384616
0 0.8365384615384616 0.9134615384615384 0.23557692307692307 0.16826923076923078
0 0.9399038461538461 0.7427884615384616 0.11538461538461539 0.0673076923076923