0 0.27163461538461536 0.2776442307692308 0.35096153846153844 0.25721153846153844
0 0.4338942307692308 0.2283653846153846 0.026442307692307692 0.09134615384615384
0 0.41346153846153844 0.109375 0.0673076923076923 0.07932692307692307
0 0.9759615384615384 0.11538461538461539 0.04326923076923077 0.08653846153846154
0 0.9086538461538461 0.328125 0.1778846153846154 0.15625
0 0.9375 0.21995192307692307 0.1201923076923077 0.1201923076923077
0 0.9447115384615384 0.12139423076923077 0.10576923076923077 0.11298076923076923
0 0.9543269230769231 0.04807692307692308 0.08653846153846154 0.09615384615384616
0 0.9627403846153846 0.015625 0.06971153846153846 0.03125
0 0.40625 0.47115384615384615 0.0625 0.057692307692307696
0 0.38822115384615385 0.6959134615384616 0.11778846153846154 0.21394230769230768
0 0.28125 0.7704326923076923 0.18028846153846154 0.17307692307692307
0 0.8064903846153846 0.640625 0.13221153846153846 0.13701923076923078
0 0.9495192307692307 0.7247596153846154 0.0889423076923077 0.09134615384615384
0 0.9819711538461539 0.7512019230769231 0.03125 0.06971153846153846