0 0.057692307692307696 0.23197115384615385 0.06490384615384616 0.06490384615384616
0 0.046875 0.18509615384615385 0.04567307692307692 0.05048076923076923
0 0.03245192307692308 0.15264423076923078 0.04326923076923077 0.04567307692307692
0 0.006009615384615385 0.0625 0.01201923076923077 0.028846153846153848
0 0.014423076923076924 0.0985576923076923 0.028846153846153848 0.038461538461538464
0 0.008413461538461538 0.0829326923076923 0.016826923076923076 0.03125
0 0.02283653846153846 0.1201923076923077 0.04567307692307692 0.052884615384615384
0 0.6706730769230769 0.01201923076923077 0.08653846153846154 0.02403846153846154
0 0.8774038461538461 0.4074519230769231 0.24519230769230768 0.18028846153846154
0 0.75 0.21875 0.15865384615384615 0.1658653846153846
0 0.6959134615384616 0.11057692307692307 0.10817307692307693 0.10817307692307693
0 0.6430288461538461 0.039663461538461536 0.0985576923076923 0.07932692307692307
0 0.8605769230769231 0.6598557692307693 0.04326923076923077 0.04326923076923077
0 0.9278846153846154 0.6382211538461539 0.040865384615384616 0.038461538461538464