0 0.20673076923076922 0.17427884615384615 0.1778846153846154 0.17307692307692307
0 0.3125 0.32572115384615385 0.1201923076923077 0.07932692307692307
0 0.9170673076923077 0.24879807692307693 0.038461538461538464 0.04567307692307692
0 0.8846153846153846 0.31490384615384615 0.021634615384615384 0.02403846153846154
0 0.9459134615384616 0.33533653846153844 0.02403846153846154 0.02403846153846154
0 0.9939903846153846 0.32572115384615385 0.007211538461538462 0.026442307692307692
0 0.84375 0.3329326923076923 0.014423076923076924 0.014423076923076924
0 0.921875 0.3485576923076923 0.014423076923076924 0.014423076923076924
0 0.49278846153846156 0.609375 0.23798076923076922 0.2403846153846154
0 0.06009615384615385 0.7379807692307693 0.1201923076923077 0.1346153846153846
0 0.7247596153846154 0.8533653846153846 0.01201923076923077 0.02403846153846154