0 0.04567307692307692 0.22956730769230768 0.09134615384615384 0.2764423076923077
0 0.2439903846153846 0.17668269230769232 0.25240384615384615 0.2283653846153846
0 0.4110576923076923 0.12980769230769232 0.15865384615384615 0.14423076923076922
0 0.921875 0.3401442307692308 0.036057692307692304 0.04567307692307692
0 0.8149038461538461 0.49278846153846156 0.04326923076923077 0.009615384615384616
0 0.8617788461538461 0.4362980769230769 0.07692307692307693 0.06009615384615385
0 0.9158653846153846 0.4411057692307692 0.036057692307692304 0.03365384615384615
0 0.9206730769230769 0.4675480769230769 0.019230769230769232 0.016826923076923076
0 0.9350961538461539 0.46274038461538464 0.016826923076923076 0.016826923076923076
0 0.9555288461538461 0.24639423076923078 0.07932692307692307 0.09615384615384616
0 0.9603365384615384 0.46033653846153844 0.01201923076923077 0.01201923076923077
0 0.8978365384615384 0.4423076923076923 0.02403846153846154 0.02403846153846154
0 0.984375 0.4639423076923077 0.021634615384615384 0.019230769230769232
0 0.453125 0.6706730769230769 0.040865384615384616 0.04326923076923077
0 0.3449519230769231 0.6658653846153846 0.1201923076923077 0.10576923076923077
0 0.32091346153846156 0.5901442307692307 0.09375 0.08653846153846154
0 0.5685096153846154 0.5240384615384616 0.036057692307692304 0.03125
0 0.49399038461538464 0.5084134615384616 0.036057692307692304 0.016826923076923076
0 0.49278846153846156 0.5552884615384616 0.14903846153846154 0.11057692307692307
0 0.4567307692307692 0.515625 0.07692307692307693 0.03125
0 0.4170673076923077 0.5168269230769231 0.07451923076923077 0.03365384615384615
0 0.35216346153846156 0.5216346153846154 0.11778846153846154 0.04326923076923077
0 0.3858173076923077 0.5697115384615384 0.08413461538461539 0.07932692307692307
0 0.4266826923076923 0.5649038461538461 0.06490384615384616 0.0673076923076923
0 0.5048076923076923 0.5072115384615384 0.04326923076923077 0.014423076923076924
0 0.5480769230769231 0.5252403846153846 0.03365384615384615 0.026442307692307692
0 0.5540865384615384 0.5060096153846154 0.026442307692307692 0.01201923076923077
0 0.5661057692307693 0.5048076923076923 0.026442307692307692 0.009615384615384616