0 0.3233173076923077 0.06490384615384616 0.0889423076923077 0.08413461538461539
0 0.15865384615384615 0.08413461538461539 0.057692307692307696 0.055288461538461536
0 0.24639423076923078 0.18389423076923078 0.09615384615384616 0.09134615384615384
0 0.14423076923076922 0.16466346153846154 0.057692307692307696 0.052884615384615384
0 0.03125 0.09735576923076923 0.026442307692307692 0.026442307692307692
0 0.18389423076923078 0.2403846153846154 0.17067307692307693 0.1466346153846154
0 0.109375 0.15985576923076922 0.04326923076923077 0.04326923076923077
0 0.09134615384615384 0.15745192307692307 0.038461538461538464 0.036057692307692304
0 0.18990384615384615 0.1658653846153846 0.0625 0.0625
0 0.036057692307692304 0.15384615384615385 0.038461538461538464 0.038461538461538464
0 0.06490384615384616 0.15985576923076922 0.04326923076923077 0.04326923076923077
0 0.013221153846153846 0.15504807692307693 0.026442307692307692 0.026442307692307692
0 0.004807692307692308 0.15504807692307693 0.009615384615384616 0.036057692307692304
0 0.328125 0.5889423076923077 0.20432692307692307 0.10096153846153846
0 0.16947115384615385 0.5925480769230769 0.14182692307692307 0.10817307692307693
0 0.054086538461538464 0.5997596153846154 0.10817307692307693 0.11778846153846154