0 0.6274038461538461 0.1141826923076923 0.04567307692307692 0.04567307692307692
0 0.703125 0.2692307692307692 0.06009615384615385 0.0625
0 0.7091346153846154 0.21394230769230768 0.04567307692307692 0.04807692307692308
0 0.6947115384615384 0.15264423076923078 0.038461538461538464 0.038461538461538464
0 0.6610576923076923 0.14182692307692307 0.04326923076923077 0.040865384615384616
0 0.5853365384615384 0.019230769230769232 0.06490384615384616 0.038461538461538464
0 0.6141826923076923 0.078125 0.08413461538461539 0.08653846153846154
0 0.9699519230769231 0.171875 0.055288461538461536 0.06971153846153846
0 0.984375 0.22716346153846154 0.026442307692307692 0.06490384615384616
0 0.7932692307692307 0.038461538461538464 0.11057692307692307 0.07692307692307693
0 0.7704326923076923 0.09495192307692307 0.06490384615384616 0.15144230769230768
0 0.3233173076923077 0.6502403846153846 0.20192307692307693 0.20192307692307693
0 0.2776442307692308 0.8557692307692307 0.31009615384615385 0.28365384615384615
0 0.42908653846153844 0.7680288461538461 0.21875 0.22355769230769232
0 0.39663461538461536 0.9639423076923077 0.28365384615384615 0.0673076923076923
0 0.7992788461538461 0.9266826923076923 0.12259615384615384 0.14182692307692307
0 0.9014423076923077 0.7175480769230769 0.1466346153846154 0.14423076923076922
0 0.8064903846153846 0.6826923076923077 0.13701923076923078 0.16346153846153846
0 0.8641826923076923 0.9158653846153846 0.20432692307692307 0.16346153846153846
0 0.9134615384615384 0.609375 0.11778846153846154 0.11778846153846154
0 0.8425480769230769 0.5300480769230769 0.09615384615384616 0.0985576923076923
0 0.9266826923076923 0.47596153846153844 0.11538461538461539 0.11298076923076923
0 0.9723557692307693 0.6598557692307693 0.05048076923076923 0.11778846153846154
0 0.9266826923076923 0.4338942307692308 0.06971153846153846 0.03125
0 0.8774038461538461 0.4387019230769231 0.10096153846153846 0.040865384615384616