0 0.037259615384615384 0.026442307692307692 0.07451923076923077 0.052884615384615384
0 0.7043269230769231 0.18028846153846154 0.34134615384615385 0.35336538461538464
0 0.9615384615384616 0.3293269230769231 0.07211538461538461 0.20673076923076922
0 0.4387019230769231 0.1141826923076923 0.021634615384615384 0.2283653846153846
0 0.36899038461538464 0.8389423076923077 0.11298076923076923 0.13942307692307693
0 0.18389423076923078 0.7331730769230769 0.16346153846153846 0.17067307692307693
0 0.07091346153846154 0.7716346153846154 0.14182692307692307 0.23557692307692307
0 0.15144230769230768 0.6105769230769231 0.20192307692307693 0.16346153846153846
0 0.9891826923076923 0.7463942307692307 0.016826923076923076 0.10336538461538461
0 0.9302884615384616 0.6959134615384616 0.0985576923076923 0.0889423076923077
0 0.9423076923076923 0.8257211538461539 0.11057692307692307 0.11778846153846154
0 0.9675480769230769 0.7391826923076923 0.06009615384615385 0.09375
0 0.9555288461538461 0.6442307692307693 0.08413461538461539 0.07692307692307693
0 0.9831730769230769 0.6935096153846154 0.028846153846153848 0.06971153846153846
0 0.9867788461538461 0.5901442307692307 0.021634615384615384 0.06490384615384616
0 0.9747596153846154 0.6165865384615384 0.04567307692307692 0.06009615384615385