0 0.12860576923076922 0.28725961538461536 0.20432692307692307 0.18269230769230768
0 0.6670673076923077 0.12980769230769232 0.016826923076923076 0.038461538461538464
0 0.007211538461538462 0.7019230769230769 0.014423076923076924 0.0673076923076923
0 0.03245192307692308 0.7199519230769231 0.06490384615384616 0.08413461538461539
0 0.08052884615384616 0.7487980769230769 0.08653846153846154 0.07451923076923077
0 0.057692307692307696 0.7944711538461539 0.06009615384615385 0.052884615384615384
0 0.004807692307692308 0.7584134615384616 0.009615384615384616 0.04567307692307692
0 0.008413461538461538 0.8557692307692307 0.016826923076923076 0.038461538461538464
0 0.014423076923076924 0.8942307692307693 0.028846153846153848 0.04326923076923077
0 0.037259615384615384 0.8461538461538461 0.04807692307692308 0.052884615384615384
0 0.018028846153846152 0.7980769230769231 0.036057692307692304 0.052884615384615384