0 0.10096153846153846 0.07091346153846154 0.09134615384615384 0.0889423076923077
0 0.1201923076923077 0.14543269230769232 0.1346153846153846 0.13221153846153846
0 0.5637019230769231 0.03485576923076923 0.12740384615384615 0.06971153846153846
0 0.49038461538461536 0.203125 0.08173076923076923 0.17548076923076922
0 0.25721153846153844 0.6754807692307693 0.09134615384615384 0.09615384615384616
0 0.18509615384615385 0.6466346153846154 0.06009615384615385 0.06009615384615385
0 0.14543269230769232 0.6286057692307693 0.052884615384615384 0.05048076923076923
0 0.11538461538461539 0.609375 0.055288461538461536 0.052884615384615384
0 0.484375 0.5661057692307693 0.04567307692307692 0.040865384615384616
0 0.6634615384615384 0.4795673076923077 0.04807692307692308 0.040865384615384616
0 0.5853365384615384 0.5144230769230769 0.06971153846153846 0.07451923076923077
0 0.5420673076923077 0.4831730769230769 0.036057692307692304 0.038461538461538464
0 0.5516826923076923 0.4651442307692308 0.021634615384615384 0.01201923076923077
0 0.7728365384615384 0.48197115384615385 0.07451923076923077 0.04567307692307692
0 0.5360576923076923 0.46274038461538464 0.019230769230769232 0.007211538461538462
0 0.5576923076923077 0.49158653846153844 0.026442307692307692 0.026442307692307692