0 0.037259615384615384 0.2668269230769231 0.07451923076923077 0.28365384615384615
0 0.24759615384615385 0.16105769230769232 0.17548076923076922 0.17307692307692307
0 0.4735576923076923 0.3245192307692308 0.15865384615384615 0.1658653846153846
0 0.4699519230769231 0.10817307692307693 0.1201923076923077 0.1201923076923077
0 0.5348557692307693 0.07572115384615384 0.040865384615384616 0.09375
0 0.6526442307692307 0.10216346153846154 0.18990384615384615 0.20432692307692307
0 0.5961538461538461 0.24278846153846154 0.07692307692307693 0.1778846153846154
0 0.019230769230769232 0.8641826923076923 0.038461538461538464 0.13221153846153846
0 0.04807692307692308 0.8401442307692307 0.09615384615384616 0.10336538461538461
0 0.02283653846153846 0.7451923076923077 0.04567307692307692 0.10096153846153846
0 0.6177884615384616 0.6358173076923077 0.1201923076923077 0.11298076923076923