0 0.051682692307692304 0.4807692307692308 0.10336538461538461 0.14903846153846154
0 0.28846153846153844 0.5180288461538461 0.09134615384615384 0.07451923076923077
0 0.40865384615384615 0.26322115384615385 0.07692307692307693 0.08653846153846154
0 0.38822115384615385 0.33533653846153844 0.15625 0.2956730769230769
0 0.22235576923076922 0.34975961538461536 0.21394230769230768 0.19951923076923078
0 0.9098557692307693 0.8737980769230769 0.038461538461538464 0.040865384615384616
0 0.9134615384615384 0.9230769230769231 0.021634615384615384 0.019230769230769232
0 0.8870192307692307 0.9615384615384616 0.036057692307692304 0.03125
0 0.8233173076923077 0.9567307692307693 0.05048076923076923 0.04567307692307692
0 0.9026442307692307 0.7668269230769231 0.11778846153846154 0.13701923076923078
0 0.8954326923076923 0.84375 0.038461538461538464 0.03125
0 0.9122596153846154 0.9014423076923077 0.03125 0.03365384615384615
0 0.9182692307692307 0.9411057692307693 0.021634615384615384 0.019230769230769232
0 0.9206730769230769 0.9519230769230769 0.021634615384615384 0.016826923076923076
0 0.9254807692307693 0.9711538461538461 0.016826923076923076 0.016826923076923076
0 0.9435096153846154 0.8966346153846154 0.02403846153846154 0.028846153846153848
0 0.9411057692307693 0.7572115384615384 0.05048076923076923 0.055288461538461536