0 0.17067307692307693 0.16105769230769232 0.1658653846153846 0.16826923076923078
0 0.34615384615384615 0.40024038461538464 0.16346153846153846 0.05048076923076923
0 0.03245192307692308 0.4074519230769231 0.06490384615384616 0.036057692307692304
0 0.8185096153846154 0.15504807692307693 0.05048076923076923 0.05048076923076923
0 0.7211538461538461 0.20552884615384615 0.02403846153846154 0.03125
0 0.9807692307692307 0.23798076923076922 0.03365384615384615 0.13942307692307693
0 0.7992788461538461 0.10697115384615384 0.06009615384615385 0.0625
0 0.7956730769230769 0.06850961538461539 0.15384615384615385 0.13701923076923078
0 0.7211538461538461 0.09615384615384616 0.02403846153846154 0.057692307692307696
0 0.7463942307692307 0.0733173076923077 0.07451923076923077 0.10336538461538461
0 0.35096153846153844 0.8161057692307693 0.08413461538461539 0.07932692307692307
0 0.36177884615384615 0.578125 0.18269230769230768 0.18269230769230768
0 0.37259615384615385 0.6995192307692307 0.12259615384615384 0.12259615384615384
0 0.3894230769230769 0.7980769230769231 0.11298076923076923 0.11298076923076923
0 0.4026442307692308 0.8713942307692307 0.09375 0.09375
0 0.41225961538461536 0.921875 0.0673076923076923 0.06971153846153846
0 0.4254807692307692 0.9651442307692307 0.057692307692307696 0.057692307692307696
0 0.4266826923076923 0.984375 0.055288461538461536 0.026442307692307692