0 0.3293269230769231 0.3125 0.09615384615384616 0.08653846153846154
0 0.29447115384615385 0.36538461538461536 0.07211538461538461 0.0673076923076923
0 0.2644230769230769 0.28725961538461536 0.10096153846153846 0.09134615384615384
0 0.27403846153846156 0.4014423076923077 0.057692307692307696 0.052884615384615384
0 0.23557692307692307 0.43509615384615385 0.12259615384615384 0.10576923076923077
0 0.24759615384615385 0.33533653846153844 0.04807692307692308 0.04567307692307692
0 0.22355769230769232 0.375 0.055288461538461536 0.052884615384615384
0 0.21995192307692307 0.4014423076923077 0.038461538461538464 0.036057692307692304
0 0.171875 0.5180288461538461 0.055288461538461536 0.016826923076923076
0 0.6322115384615384 0.3076923076923077 0.15144230769230768 0.15384615384615385
0 0.8497596153846154 0.23677884615384615 0.2956730769230769 0.34375
0 0.5480769230769231 0.2620192307692308 0.1778846153846154 0.1971153846153846
0 0.14783653846153846 0.6141826923076923 0.13221153846153846 0.13701923076923078
0 0.026442307692307692 0.5516826923076923 0.052884615384615384 0.04567307692307692
0 0.8822115384615384 0.9242788461538461 0.23076923076923078 0.1466346153846154
0 0.6935096153846154 0.8569711538461539 0.18990384615384615 0.19951923076923078