0 0.35697115384615385 0.08533653846153846 0.07932692307692307 0.17067307692307693
0 0.90625 0.23798076923076922 0.05048076923076923 0.052884615384615384
0 0.015625 0.7139423076923077 0.03125 0.11538461538461539
0 0.12259615384615384 0.7247596153846154 0.06009615384615385 0.06490384615384616
0 0.0673076923076923 0.6009615384615384 0.06971153846153846 0.0625
0 0.1346153846153846 0.5336538461538461 0.04326923076923077 0.028846153846153848
0 0.1971153846153846 0.5769230769230769 0.036057692307692304 0.036057692307692304
0 0.23798076923076922 0.5216346153846154 0.02403846153846154 0.004807692307692308
0 0.17307692307692307 0.6274038461538461 0.04567307692307692 0.04326923076923077
0 0.22115384615384615 0.5324519230769231 0.02403846153846154 0.02403846153846154
0 0.7007211538461539 0.7632211538461539 0.2956730769230769 0.4519230769230769
0 0.9747596153846154 0.5480769230769231 0.03125 0.03365384615384615
0 0.9915865384615384 0.6153846153846154 0.01201923076923077 0.0625