0 0.36899038461538464 0.04447115384615385 0.06971153846153846 0.0889423076923077
0 0.43509615384615385 0.15745192307692307 0.0985576923076923 0.125
0 0.21033653846153846 0.12740384615384615 0.0673076923076923 0.09615384615384616
0 0.29447115384615385 0.10576923076923077 0.06490384615384616 0.08653846153846154
0 0.7956730769230769 0.15264423076923078 0.13942307692307693 0.10817307692307693
0 0.7151442307692307 0.0889423076923077 0.03125 0.07211538461538461
0 0.6153846153846154 0.6177884615384616 0.13221153846153846 0.12740384615384615
0 0.6430288461538461 0.38221153846153844 0.06971153846153846 0.0673076923076923
0 0.19591346153846154 0.6021634615384616 0.13221153846153846 0.11538461538461539
0 0.06850961538461539 0.6502403846153846 0.13701923076923078 0.13221153846153846
0 0.11057692307692307 0.7776442307692307 0.1875 0.15865384615384615
0 0.7584134615384616 0.5588942307692307 0.07451923076923077 0.09375
0 0.7259615384615384 0.3581730769230769 0.01201923076923077 0.016826923076923076
0 0.7151442307692307 0.3641826923076923 0.014423076923076924 0.01201923076923077
0 0.7067307692307693 0.3737980769230769 0.01201923076923077 0.016826923076923076
0 0.7920673076923077 0.37740384615384615 0.021634615384615384 0.021634615384615384
0 0.8125 0.4110576923076923 0.02403846153846154 0.02403846153846154