0 0.09254807692307693 0.125 0.13701923076923078 0.12980769230769232
0 0.4639423076923077 0.27403846153846156 0.04807692307692308 0.125
0 0.6177884615384616 0.3125 0.1875 0.04807692307692308
0 0.4675480769230769 0.31009615384615385 0.055288461538461536 0.052884615384615384
0 0.71875 0.16826923076923078 0.5576923076923077 0.33653846153846156
0 0.2620192307692308 0.6730769230769231 0.06971153846153846 0.06971153846153846
0 0.2536057692307692 0.7175480769230769 0.0625 0.06009615384615385
0 0.2439903846153846 0.7487980769230769 0.052884615384615384 0.052884615384615384
0 0.2247596153846154 0.8762019230769231 0.038461538461538464 0.036057692307692304
0 0.21514423076923078 0.9074519230769231 0.02403846153846154 0.02403846153846154
0 0.20192307692307693 0.9038461538461539 0.026442307692307692 0.026442307692307692
0 0.23076923076923078 0.7908653846153846 0.07692307692307693 0.07692307692307693
0 0.20072115384615385 0.8725961538461539 0.052884615384615384 0.05048076923076923
0 0.7199519230769231 0.8978365384615384 0.12740384615384615 0.12980769230769232
0 0.6009615384615384 0.8329326923076923 0.10096153846153846 0.10576923076923077
0 0.5300480769230769 0.8088942307692307 0.09134615384615384 0.09375
0 0.6730769230769231 0.9423076923076923 0.11057692307692307 0.11057692307692307
0 0.828125 0.9783653846153846 0.13221153846153846 0.038461538461538464
0 0.8641826923076923 0.9435096153846154 0.18028846153846154 0.10817307692307693
0 0.45913461538461536 0.7487980769230769 0.038461538461538464 0.06490384615384616