0 0.2439903846153846 0.2548076923076923 0.08413461538461539 0.125
0 0.06850961538461539 0.27884615384615385 0.10096153846153846 0.10576923076923077
0 0.26322115384615385 0.4014423076923077 0.04567307692307692 0.08173076923076923
0 0.013221153846153846 0.31850961538461536 0.026442307692307692 0.11778846153846154
0 0.8269230769230769 0.125 0.2692307692307692 0.25
0 0.7331730769230769 0.38341346153846156 0.16105769230769232 0.15865384615384615
0 0.6875 0.46033653846153844 0.125 0.03125
0 0.14302884615384615 0.6165865384615384 0.2860576923076923 0.2764423076923077
0 0.8209134615384616 0.9831730769230769 0.05048076923076923 0.028846153846153848
0 0.7692307692307693 0.9242788461538461 0.06009615384615385 0.06009615384615385
0 0.8810096153846154 0.5300480769230769 0.23317307692307693 0.10336538461538461
0 0.7788461538461539 0.7788461538461539 0.0985576923076923 0.10576923076923077
0 0.8317307692307693 0.8473557692307693 0.07932692307692307 0.08173076923076923
0 0.7776442307692307 0.9759615384615384 0.06009615384615385 0.04326923076923077
0 0.6622596153846154 0.9471153846153846 0.13701923076923078 0.10096153846153846