0 0.3161057692307692 0.2247596153846154 0.038461538461538464 0.040865384615384616
0 0.23197115384615385 0.078125 0.06490384615384616 0.06490384615384616
0 0.2920673076923077 0.18990384615384615 0.038461538461538464 0.04807692307692308
0 0.26322115384615385 0.21875 0.036057692307692304 0.036057692307692304
0 0.34134615384615385 0.2644230769230769 0.028846153846153848 0.03125
0 0.17548076923076922 0.021634615384615384 0.07211538461538461 0.04326923076923077
0 0.35336538461538464 0.28846153846153844 0.021634615384615384 0.03125
0 0.20432692307692307 0.1658653846153846 0.09615384615384616 0.09615384615384616
0 0.3713942307692308 0.3137019230769231 0.016826923076923076 0.016826923076923076
0 0.32572115384615385 0.29447115384615385 0.03125 0.026442307692307692
0 0.28846153846153844 0.24639423076923078 0.03125 0.03125
0 0.30408653846153844 0.26802884615384615 0.038461538461538464 0.040865384615384616
0 0.2668269230769231 0.14182692307692307 0.06009615384615385 0.057692307692307696
0 0.3581730769230769 0.3004807692307692 0.021634615384615384 0.03125
0 0.3329326923076923 0.3112980769230769 0.021634615384615384 0.019230769230769232
0 0.34375 0.31850961538461536 0.021634615384615384 0.019230769230769232
0 0.35096153846153844 0.3269230769230769 0.02403846153846154 0.019230769230769232
0 0.7127403846153846 0.3016826923076923 0.10817307692307693 0.06971153846153846
0 0.8389423076923077 0.3076923076923077 0.09615384615384616 0.057692307692307696
0 0.1622596153846154 0.9350961538461539 0.08653846153846154 0.0673076923076923
0 0.09975961538461539 0.9194711538461539 0.09375 0.07692307692307693
0 0.06009615384615385 0.9663461538461539 0.0625 0.05048076923076923
0 0.018028846153846152 0.984375 0.036057692307692304 0.026442307692307692
0 0.9543269230769231 0.8028846153846154 0.07211538461538461 0.0985576923076923