0 0.28966346153846156 0.4495192307692308 0.07932692307692307 0.03365384615384615
0 0.3858173076923077 0.3942307692307692 0.07932692307692307 0.06971153846153846
0 0.4326923076923077 0.45552884615384615 0.10096153846153846 0.021634615384615384
0 0.6959134615384616 0.037259615384615384 0.07211538461538461 0.06971153846153846
0 0.2692307692307692 0.6334134615384616 0.1201923076923077 0.12259615384615384
0 0.23317307692307693 0.8858173076923077 0.0625 0.0673076923076923
0 0.31490384615384615 0.5144230769230769 0.1778846153846154 0.09134615384615384
0 0.31009615384615385 0.7944711538461539 0.0889423076923077 0.0889423076923077
0 0.35096153846153844 0.6995192307692307 0.11778846153846154 0.11778846153846154
0 0.3918269230769231 0.5829326923076923 0.16826923076923078 0.15865384615384615
0 0.24158653846153846 0.8076923076923077 0.07211538461538461 0.07451923076923077
0 0.25240384615384615 0.7451923076923077 0.07932692307692307 0.08653846153846154
0 0.22956730769230768 0.9375 0.055288461538461536 0.055288461538461536
0 0.23076923076923078 0.9723557692307693 0.04326923076923077 0.04326923076923077
0 0.2860576923076923 0.8653846153846154 0.06971153846153846 0.07932692307692307
0 0.2668269230769231 0.9603365384615384 0.05048076923076923 0.05048076923076923
0 0.25240384615384615 0.9855769230769231 0.04807692307692308 0.02403846153846154
0 0.2692307692307692 0.921875 0.0625 0.06009615384615385
0 0.22355769230769232 0.9915865384615384 0.038461538461538464 0.01201923076923077
0 0.9387019230769231 0.8245192307692307 0.11778846153846154 0.18269230769230768