0 0.20552884615384615 0.025240384615384616 0.055288461538461536 0.05048076923076923
0 0.234375 0.06971153846153846 0.0625 0.07451923076923077
0 0.03365384615384615 0.20552884615384615 0.0673076923076923 0.13701923076923078
0 0.140625 0.2091346153846154 0.10096153846153846 0.11778846153846154
0 0.13701923076923078 0.0829326923076923 0.0889423076923077 0.10576923076923077
0 0.29086538461538464 0.02283653846153846 0.052884615384615384 0.04567307692307692
0 0.7007211538461539 0.026442307692307692 0.09375 0.052884615384615384
0 0.6466346153846154 0.3581730769230769 0.18269230769230768 0.1971153846153846
0 0.8064903846153846 0.4807692307692308 0.24278846153846154 0.12980769230769232
0 0.1141826923076923 0.5528846153846154 0.040865384615384616 0.009615384615384616
0 0.21875 0.6574519230769231 0.055288461538461536 0.05048076923076923
0 0.4639423076923077 0.7800480769230769 0.12980769230769232 0.1201923076923077
0 0.6081730769230769 0.9326923076923077 0.15384615384615385 0.12980769230769232
0 0.4891826923076923 0.9375 0.1466346153846154 0.1201923076923077
0 0.39663461538461536 0.8221153846153846 0.10576923076923077 0.12740384615384615
0 0.35096153846153844 0.7007211538461539 0.02403846153846154 0.0985576923076923