0 0.25600961538461536 0.38221153846153844 0.10336538461538461 0.09375
0 0.31009615384615385 0.1971153846153846 0.09134615384615384 0.07692307692307693
0 0.020432692307692308 0.22596153846153846 0.040865384615384616 0.04326923076923077
0 0.11538461538461539 0.3425480769230769 0.06490384615384616 0.06490384615384616
0 0.3112980769230769 0.09495192307692307 0.10817307692307693 0.07211538461538461
0 0.359375 0.5408653846153846 0.11298076923076923 0.11057692307692307
0 0.006009615384615385 0.25240384615384615 0.01201923076923077 0.028846153846153848
0 0.9290865384615384 0.21634615384615385 0.03365384615384615 0.040865384615384616
0 0.9050480769230769 0.2980769230769231 0.026442307692307692 0.02403846153846154
0 0.9627403846153846 0.11778846153846154 0.06490384615384616 0.0625
0 0.8822115384615384 0.3425480769230769 0.021634615384615384 0.026442307692307692
0 0.8725961538461539 0.3798076923076923 0.021634615384615384 0.021634615384615384
0 0.22716346153846154 0.9182692307692307 0.055288461538461536 0.04807692307692308
0 0.2776442307692308 0.8786057692307693 0.05048076923076923 0.04326923076923077
0 0.33413461538461536 0.828125 0.08173076923076923 0.07211538461538461
0 0.5 0.7259615384615384 0.14903846153846154 0.16105769230769232
0 0.09975961538461539 0.9663461538461539 0.01201923076923077 0.014423076923076924
0 0.11298076923076923 0.9519230769230769 0.014423076923076924 0.016826923076923076
0 0.12379807692307693 0.9290865384615384 0.019230769230769232 0.021634615384615384
0 0.14302884615384615 0.9783653846153846 0.021634615384615384 0.021634615384615384
0 0.14543269230769232 0.9050480769230769 0.026442307692307692 0.02403846153846154
0 0.7920673076923077 0.9663461538461539 0.12740384615384615 0.0625