0 0.3449519230769231 0.3629807692307692 0.15384615384615385 0.15384615384615385
0 0.3942307692307692 0.17668269230769232 0.14423076923076922 0.1466346153846154
0 0.34375 0.4495192307692308 0.20192307692307693 0.1971153846153846
0 0.6033653846153846 0.5913461538461539 0.09134615384615384 0.09134615384615384
0 0.8377403846153846 0.025240384615384616 0.09375 0.05048076923076923
0 0.5889423076923077 0.06490384615384616 0.0625 0.09134615384615384
0 0.046875 0.8774038461538461 0.04807692307692308 0.04807692307692308
0 0.15384615384615385 0.8810096153846154 0.06490384615384616 0.06490384615384616
0 0.0829326923076923 0.8112980769230769 0.04326923076923077 0.04326923076923077
0 0.11177884615384616 0.8846153846153846 0.055288461538461536 0.052884615384615384
0 0.19951923076923078 0.8762019230769231 0.07451923076923077 0.07451923076923077
0 0.11298076923076923 0.9495192307692307 0.06971153846153846 0.07211538461538461
0 0.078125 0.875 0.040865384615384616 0.040865384615384616
0 0.0625 0.9338942307692307 0.04567307692307692 0.04567307692307692
0 0.014423076923076924 0.9146634615384616 0.028846153846153848 0.036057692307692304
0 0.08533653846153846 0.9399038461538461 0.04807692307692308 0.04807692307692308
0 0.16826923076923078 0.9555288461538461 0.10096153846153846 0.08413461538461539
0 0.24879807692307693 0.890625 0.0985576923076923 0.0985576923076923
0 0.04447115384615385 0.9375 0.052884615384615384 0.052884615384615384
0 0.026442307692307692 0.9278846153846154 0.040865384615384616 0.040865384615384616
0 0.008413461538461538 0.9206730769230769 0.016826923076923076 0.04326923076923077