0 0.4735576923076923 0.3088942307692308 0.18509615384615385 0.18028846153846154
0 0.5036057692307693 0.0625 0.2668269230769231 0.125
0 0.5420673076923077 0.109375 0.18990384615384615 0.21875
0 0.7536057692307693 0.3125 0.036057692307692304 0.036057692307692304
0 0.8329326923076923 0.35697115384615385 0.052884615384615384 0.04807692307692308
0 0.6983173076923077 0.19110576923076922 0.03365384615384615 0.026442307692307692
0 0.6490384615384616 0.18509615384615385 0.019230769230769232 0.019230769230769232
0 0.640625 0.23557692307692307 0.002403846153846154 0.014423076923076924
0 0.6418269230769231 0.1622596153846154 0.004807692307692308 0.016826923076923076
0 0.5432692307692307 0.5264423076923077 0.1875 0.15384615384615385
0 0.29927884615384615 0.9242788461538461 0.11298076923076923 0.11298076923076923
0 0.0829326923076923 0.6322115384615384 0.08413461538461539 0.09615384615384616
0 0.04807692307692308 0.5877403846153846 0.055288461538461536 0.06009615384615385
0 0.020432692307692308 0.7415865384615384 0.040865384615384616 0.05048076923076923
0 0.008413461538461538 0.9903846153846154 0.016826923076923076 0.014423076923076924