0 0.9182692307692307 0.5012019230769231 0.026442307692307692 0.026442307692307692
0 0.8870192307692307 0.5024038461538461 0.036057692307692304 0.03125
0 0.8040865384615384 0.5084134615384616 0.16105769230769232 0.055288461538461536
0 0.9627403846153846 0.484375 0.02403846153846154 0.019230769230769232
0 0.9867788461538461 0.48197115384615385 0.021634615384615384 0.021634615384615384
0 0.2548076923076923 0.6923076923076923 0.03365384615384615 0.036057692307692304
0 0.2980769230769231 0.6574519230769231 0.036057692307692304 0.03125
0 0.3629807692307692 0.6574519230769231 0.021634615384615384 0.021634615384615384
0 0.3557692307692308 0.5973557692307693 0.03125 0.028846153846153848
0 0.11658653846153846 0.7980769230769231 0.09134615384615384 0.07692307692307693
0 0.9615384615384616 0.5889423076923077 0.07211538461538461 0.10096153846153846