0 0.41586538461538464 0.13581730769230768 0.03125 0.03365384615384615
0 0.46875 0.23557692307692307 0.03125 0.03365384615384615
0 0.45552884615384615 0.20552884615384615 0.03125 0.03125
0 0.4879807692307692 0.12379807692307693 0.021634615384615384 0.021634615384615384
0 0.41346153846153844 0.16105769230769232 0.03125 0.028846153846153848
0 0.5276442307692307 0.056490384615384616 0.036057692307692304 0.10336538461538461
0 0.7776442307692307 0.12139423076923077 0.06490384615384616 0.0625
0 0.8353365384615384 0.09014423076923077 0.04567307692307692 0.04326923076923077
0 0.9362980769230769 0.10336538461538461 0.03365384615384615 0.03125
0 0.9819711538461539 0.10817307692307693 0.026442307692307692 0.02403846153846154
0 0.5841346153846154 0.3954326923076923 0.14903846153846154 0.14182692307692307