0 0.4795673076923077 0.008413461538461538 0.07451923076923077 0.016826923076923076
0 0.36658653846153844 0.2283653846153846 0.016826923076923076 0.03365384615384615
0 0.5180288461538461 0.2704326923076923 0.07211538461538461 0.055288461538461536
0 0.3762019230769231 0.15745192307692307 0.036057692307692304 0.036057692307692304
0 0.5060096153846154 0.13221153846153846 0.06971153846153846 0.055288461538461536
0 0.5084134615384616 0.039663461538461536 0.06490384615384616 0.06009615384615385
0 0.3641826923076923 0.10576923076923077 0.01201923076923077 0.028846153846153848
0 0.375 0.10576923076923077 0.03365384615384615 0.04326923076923077
0 0.4014423076923077 0.09375 0.05048076923076923 0.03365384615384615
0 0.45072115384615385 0.14543269230769232 0.057692307692307696 0.05048076923076923
0 0.4543269230769231 0.25240384615384615 0.055288461538461536 0.05048076923076923
0 0.4074519230769231 0.1466346153846154 0.0625 0.05048076923076923
0 0.4375 0.08052884615384616 0.06490384615384616 0.05048076923076923
0 0.203125 0.7980769230769231 0.08413461538461539 0.0625
0 0.14302884615384615 0.8161057692307693 0.0625 0.05048076923076923
0 0.16947115384615385 0.7367788461538461 0.09134615384615384 0.0625
0 0.10336538461538461 0.8305288461538461 0.05048076923076923 0.038461538461538464
0 0.056490384615384616 0.8329326923076923 0.11298076923076923 0.06971153846153846
0 0.12620192307692307 0.7632211538461539 0.040865384615384616 0.03365384615384615
0 0.08173076923076923 0.7788461538461539 0.04807692307692308 0.038461538461538464
0 0.0625 0.796875 0.03125 0.026442307692307692
0 0.7019230769230769 0.7884615384615384 0.1346153846153846 0.11298076923076923
0 0.4567307692307692 0.9362980769230769 0.04807692307692308 0.038461538461538464
0 0.45072115384615385 0.984375 0.05048076923076923 0.026442307692307692
0 0.5384615384615384 0.8870192307692307 0.0625 0.055288461538461536
0 0.38341346153846156 0.96875 0.03125 0.021634615384615384
0 0.3641826923076923 0.9891826923076923 0.01201923076923077 0.021634615384615384
0 0.3870192307692308 0.9122596153846154 0.03125 0.026442307692307692
0 0.3641826923076923 0.9122596153846154 0.01201923076923077 0.026442307692307692
0 0.4050480769230769 0.9903846153846154 0.036057692307692304 0.014423076923076924
0 0.6622596153846154 0.6081730769230769 0.08653846153846154 0.11298076923076923