0 0.025240384615384616 0.6610576923076923 0.05048076923076923 0.028846153846153848
0 0.12259615384615384 0.6466346153846154 0.07692307692307693 0.057692307692307696
0 0.11899038461538461 0.1346153846153846 0.15625 0.15144230769230768
0 0.6189903846153846 0.16105769230769232 0.04567307692307692 0.04807692307692308
0 0.8257211538461539 0.22956730769230768 0.09615384615384616 0.09615384615384616
0 0.7079326923076923 0.2980769230769231 0.04807692307692308 0.052884615384615384
0 0.7752403846153846 0.34615384615384615 0.07451923076923077 0.07932692307692307
0 0.8557692307692307 0.4014423076923077 0.10096153846153846 0.10817307692307693
0 0.9278846153846154 0.36177884615384615 0.1201923076923077 0.11298076923076923
0 0.90625 0.49759615384615385 0.18269230769230768 0.3557692307692308
0 0.5745192307692307 0.21033653846153846 0.009615384615384616 0.026442307692307692
0 0.6298076923076923 0.2512019230769231 0.040865384615384616 0.04567307692307692
0 0.6009615384615384 0.22596153846153846 0.03125 0.038461538461538464
0 0.6658653846153846 0.26802884615384615 0.04326923076923077 0.05048076923076923
0 0.5324519230769231 0.8269230769230769 0.06971153846153846 0.18269230769230768
0 0.4831730769230769 0.765625 0.16826923076923078 0.17548076923076922
0 0.4182692307692308 0.7391826923076923 0.20192307692307693 0.12259615384615384
0 0.3473557692307692 0.8425480769230769 0.1346153846153846 0.13701923076923078
0 0.484375 0.9663461538461539 0.1658653846153846 0.0625
0 0.3269230769230769 0.9483173076923077 0.11057692307692307 0.0985576923076923
0 0.4170673076923077 0.90625 0.14182692307692307 0.12740384615384615
0 0.8858173076923077 0.7451923076923077 0.12259615384615384 0.1346153846153846