0 0.20192307692307693 0.3485576923076923 0.052884615384615384 0.05048076923076923
0 0.3389423076923077 0.3762019230769231 0.07451923076923077 0.0673076923076923
0 0.140625 0.3581730769230769 0.03125 0.028846153846153848
0 0.15384615384615385 0.4050480769230769 0.03365384615384615 0.03125
0 0.12379807692307693 0.4074519230769231 0.026442307692307692 0.026442307692307692
0 0.0889423076923077 0.44711538461538464 0.016826923076923076 0.014423076923076924
0 0.10576923076923077 0.3786057692307692 0.02403846153846154 0.02403846153846154
0 0.0829326923076923 0.38341346153846156 0.019230769230769232 0.019230769230769232
0 0.0733173076923077 0.40865384615384615 0.014423076923076924 0.014423076923076924
0 0.06009615384615385 0.39302884615384615 0.014423076923076924 0.014423076923076924
0 0.06370192307692307 0.4098557692307692 0.009615384615384616 0.009615384615384616
0 0.052884615384615384 0.4074519230769231 0.01201923076923077 0.01201923076923077
0 0.04927884615384615 0.3954326923076923 0.01201923076923077 0.01201923076923077
0 0.7091346153846154 0.5733173076923077 0.1201923076923077 0.11778846153846154
0 0.7548076923076923 0.8209134615384616 0.06971153846153846 0.08653846153846154
0 0.8197115384615384 0.7295673076923077 0.1201923076923077 0.10336538461538461
0 0.796875 0.8197115384615384 0.11057692307692307 0.10576923076923077
0 0.78125 0.8918269230769231 0.09134615384615384 0.09134615384615384
0 0.7704326923076923 0.9423076923076923 0.06971153846153846 0.0625
0 0.7668269230769231 0.9783653846153846 0.057692307692307696 0.038461538461538464