0 0.3245192307692308 0.35697115384615385 0.040865384615384616 0.04326923076923077
0 0.32211538461538464 0.4206730769230769 0.036057692307692304 0.04326923076923077
0 0.34615384615384615 0.390625 0.04326923076923077 0.04567307692307692
0 0.3425480769230769 0.4567307692307692 0.052884615384615384 0.057692307692307696
0 0.23677884615384615 0.17908653846153846 0.016826923076923076 0.016826923076923076
0 0.234375 0.2848557692307692 0.01201923076923077 0.021634615384615384
0 0.23918269230769232 0.27163461538461536 0.01201923076923077 0.019230769230769232
0 0.25240384615384615 0.2824519230769231 0.01201923076923077 0.016826923076923076
0 0.2548076923076923 0.3004807692307692 0.021634615384615384 0.02403846153846154
0 0.2548076923076923 0.3401442307692308 0.026442307692307692 0.026442307692307692
0 0.2704326923076923 0.32211538461538464 0.026442307692307692 0.03125
0 0.2800480769230769 0.3473557692307692 0.026442307692307692 0.03125
0 0.2776442307692308 0.4254807692307692 0.036057692307692304 0.04326923076923077
0 0.29447115384615385 0.3701923076923077 0.026442307692307692 0.03125
0 0.30528846153846156 0.3233173076923077 0.026442307692307692 0.026442307692307692
0 0.3076923076923077 0.3942307692307692 0.026442307692307692 0.036057692307692304
0 0.10817307692307693 0.7716346153846154 0.026442307692307692 0.021634615384615384
0 0.11658653846153846 0.8990384615384616 0.04567307692307692 0.03365384615384615
0 0.0889423076923077 0.7307692307692307 0.016826923076923076 0.016826923076923076
0 0.078125 0.7512019230769231 0.019230769230769232 0.016826923076923076
0 0.1658653846153846 0.7980769230769231 0.040865384615384616 0.03125
0 0.15625 0.7475961538461539 0.03365384615384615 0.026442307692307692
0 0.0625 0.8341346153846154 0.03125 0.021634615384615384
0 0.0673076923076923 0.7427884615384616 0.019230769230769232 0.016826923076923076
0 0.07572115384615384 0.7199519230769231 0.016826923076923076 0.016826923076923076
0 0.29086538461538464 0.9627403846153846 0.06490384615384616 0.05048076923076923
0 0.33653846153846156 0.9194711538461539 0.07692307692307693 0.06009615384615385
0 0.4170673076923077 0.8762019230769231 0.10336538461538461 0.09375
0 0.41466346153846156 0.9783653846153846 0.0889423076923077 0.038461538461538464
0 0.5745192307692307 0.5576923076923077 0.10576923076923077 0.07692307692307693
0 0.6201923076923077 0.7439903846153846 0.11538461538461539 0.12980769230769232
0 0.7451923076923077 0.8798076923076923 0.18990384615384615 0.11538461538461539
0 0.25240384615384615 0.9867788461538461 0.04807692307692308 0.021634615384615384