0 0.328125 0.3870192307692308 0.17067307692307693 0.07692307692307693
0 0.203125 0.5733173076923077 0.40625 0.29086538461538464
0 0.08774038461538461 0.4879807692307692 0.13701923076923078 0.1201923076923077
0 0.43149038461538464 0.8882211538461539 0.05048076923076923 0.15625
0 0.4206730769230769 0.8918269230769231 0.0625 0.0673076923076923
0 0.3401442307692308 0.8665865384615384 0.06009615384615385 0.06009615384615385
0 0.24519230769230768 0.7932692307692307 0.06490384615384616 0.057692307692307696
0 0.2704326923076923 0.7632211538461539 0.06490384615384616 0.057692307692307696
0 0.8088942307692307 0.7764423076923077 0.2620192307692308 0.27403846153846156
0 0.5841346153846154 0.9170673076923077 0.12740384615384615 0.12740384615384615
0 0.5084134615384616 0.8653846153846154 0.0985576923076923 0.125