0 0.1935096153846154 0.09014423076923077 0.15144230769230768 0.1346153846153846
0 0.4735576923076923 0.016826923076923076 0.08653846153846154 0.03365384615384615
0 0.49399038461538464 0.09134615384615384 0.07932692307692307 0.06971153846153846
0 0.08653846153846154 0.31971153846153844 0.17067307692307693 0.15384615384615385
0 0.3762019230769231 0.5420673076923077 0.04807692307692308 0.052884615384615384
0 0.4519230769230769 0.8990384615384616 0.09375 0.09375
0 0.2283653846153846 0.8497596153846154 0.17548076923076922 0.17307692307692307
0 0.3425480769230769 0.4951923076923077 0.06009615384615385 0.052884615384615384
0 0.39903846153846156 0.5120192307692307 0.052884615384615384 0.05048076923076923
0 0.78125 0.9242788461538461 0.0889423076923077 0.09134615384615384
0 0.8786057692307693 0.47836538461538464 0.03125 0.019230769230769232
0 0.8918269230769231 0.4795673076923077 0.038461538461538464 0.021634615384615384