0 0.22716346153846154 0.5588942307692307 0.0889423076923077 0.036057692307692304
0 0.2620192307692308 0.22956730769230768 0.17307692307692307 0.18990384615384615
0 0.10576923076923077 0.0889423076923077 0.21153846153846154 0.1778846153846154
0 0.6502403846153846 0.0625 0.14182692307692307 0.125
0 0.9350961538461539 0.38341346153846156 0.05048076923076923 0.06971153846153846
0 0.96875 0.43028846153846156 0.04807692307692308 0.05048076923076923
0 0.9435096153846154 0.4807692307692308 0.04567307692307692 0.04567307692307692
0 0.9915865384615384 0.32211538461538464 0.01201923076923077 0.07211538461538461
0 0.0625 0.9879807692307693 0.057692307692307696 0.019230769230769232
0 0.014423076923076924 0.9831730769230769 0.028846153846153848 0.028846153846153848
0 0.2920673076923077 0.9314903846153846 0.07932692307692307 0.0985576923076923
0 0.2644230769230769 0.8425480769230769 0.1201923076923077 0.11538461538461539
0 0.9050480769230769 0.7211538461538461 0.08653846153846154 0.10576923076923077
0 0.9867788461538461 0.9134615384615384 0.021634615384615384 0.052884615384615384