0 0.265625 0.33533653846153844 0.06009615384615385 0.0673076923076923
0 0.33533653846153844 0.49399038461538464 0.038461538461538464 0.04326923076923077
0 0.4230769230769231 0.3629807692307692 0.055288461538461536 0.07932692307692307
0 0.38461538461538464 0.4735576923076923 0.038461538461538464 0.04326923076923077
0 0.40384615384615385 0.41466346153846156 0.040865384615384616 0.055288461538461536
0 0.3870192307692308 0.5048076923076923 0.03365384615384615 0.03365384615384615
0 0.38221153846153844 0.5324519230769231 0.03125 0.028846153846153848
0 0.38100961538461536 0.546875 0.03125 0.016826923076923076
0 0.3389423076923077 0.3858173076923077 0.04567307692307692 0.0625
0 0.6454326923076923 0.39302884615384615 0.03125 0.036057692307692304
0 0.6574519230769231 0.421875 0.02403846153846154 0.03125
0 0.6370192307692307 0.4567307692307692 0.014423076923076924 0.02403846153846154
0 0.640625 0.47836538461538464 0.019230769230769232 0.019230769230769232
0 0.671875 0.5048076923076923 0.019230769230769232 0.021634615384615384
0 0.6538461538461539 0.5072115384615384 0.014423076923076924 0.014423076923076924
0 0.027644230769230768 0.8473557692307693 0.055288461538461536 0.11778846153846154