0 0.30408653846153844 0.46875 0.21394230769230768 0.09615384615384616
0 0.05048076923076923 0.028846153846153848 0.036057692307692304 0.036057692307692304
0 0.3161057692307692 0.7079326923076923 0.1346153846153846 0.13942307692307693
0 0.23076923076923078 0.5853365384615384 0.11778846153846154 0.125
0 0.4266826923076923 0.7295673076923077 0.1466346153846154 0.14182692307692307
0 0.18629807692307693 0.6478365384615384 0.10817307692307693 0.10336538461538461
0 0.3701923076923077 0.9134615384615384 0.16346153846153846 0.16346153846153846
0 0.26322115384615385 0.7572115384615384 0.14182692307692307 0.14903846153846154
0 0.125 0.5588942307692307 0.09134615384615384 0.07932692307692307
0 0.4543269230769231 0.8834134615384616 0.14423076923076922 0.2091346153846154
0 0.49278846153846156 0.8473557692307693 0.0673076923076923 0.15144230769230768
0 0.7692307692307693 0.5552884615384616 0.07692307692307693 0.06971153846153846
0 0.9831730769230769 0.5360576923076923 0.028846153846153848 0.03365384615384615
0 0.7223557692307693 0.5444711538461539 0.0889423076923077 0.05048076923076923