0 0.43990384615384615 0.06971153846153846 0.038461538461538464 0.03125
0 0.23677884615384615 0.32211538461538464 0.08413461538461539 0.08413461538461539
0 0.49759615384615385 0.056490384615384616 0.026442307692307692 0.02403846153846154
0 0.28125 0.20072115384615385 0.08413461538461539 0.06971153846153846
0 0.2800480769230769 0.11177884615384616 0.07451923076923077 0.0625
0 0.4699519230769231 0.04447115384615385 0.026442307692307692 0.026442307692307692
0 0.49278846153846156 0.02283653846153846 0.03125 0.021634615384615384
0 0.5240384615384616 0.004807692307692308 0.02403846153846154 0.009615384615384616
0 0.40865384615384615 0.15384615384615385 0.036057692307692304 0.038461538461538464
0 0.5228365384615384 0.03245192307692308 0.021634615384615384 0.016826923076923076
0 0.5096153846153846 0.019230769230769232 0.014423076923076924 0.021634615384615384
0 0.5348557692307693 0.018028846153846152 0.019230769230769232 0.01201923076923077
0 0.5444711538461539 0.009615384615384616 0.01201923076923077 0.01201923076923077
0 0.546875 0.004807692307692308 0.021634615384615384 0.009615384615384616
0 0.9627403846153846 0.037259615384615384 0.06971153846153846 0.07451923076923077
0 0.9399038461538461 0.6911057692307693 0.036057692307692304 0.04326923076923077
0 0.9783653846153846 0.6923076923076923 0.038461538461538464 0.038461538461538464