0 0.6009615384615384 0.45913461538461536 0.04807692307692308 0.04567307692307692
0 0.6237980769230769 0.2512019230769231 0.026442307692307692 0.05048076923076923
0 0.46033653846153844 0.21153846153846154 0.08653846153846154 0.08173076923076923
0 0.9110576923076923 0.21514423076923078 0.13221153846153846 0.11778846153846154
0 0.7067307692307693 0.0829326923076923 0.1346153846153846 0.0985576923076923
0 0.8725961538461539 0.30528846153846156 0.14423076923076922 0.11538461538461539
0 0.06370192307692307 0.8449519230769231 0.12740384615384615 0.2091346153846154
0 0.1971153846153846 0.6057692307692307 0.12980769230769232 0.1201923076923077
0 0.27163461538461536 0.5216346153846154 0.09615384615384616 0.0673076923076923
0 0.6646634615384616 0.9507211538461539 0.05048076923076923 0.09375
0 0.6971153846153846 0.5504807692307693 0.10576923076923077 0.125
0 0.9290865384615384 0.9459134615384616 0.04326923076923077 0.04807692307692308