0 0.018028846153846152 0.4567307692307692 0.036057692307692304 0.038461538461538464
0 0.11778846153846154 0.4651442307692308 0.0625 0.021634615384615384
0 0.1045673076923077 0.41225961538461536 0.0625 0.057692307692307696
0 0.33052884615384615 0.4206730769230769 0.13221153846153846 0.11057692307692307
0 0.2692307692307692 0.3317307692307692 0.1346153846153846 0.11538461538461539
0 0.6213942307692307 0.18990384615384615 0.19230769230769232 0.18028846153846154
0 0.47836538461538464 0.06610576923076923 0.038461538461538464 0.12740384615384615
0 0.5144230769230769 0.46274038461538464 0.10096153846153846 0.026442307692307692
0 0.6983173076923077 0.3317307692307692 0.18990384615384615 0.17307692307692307
0 0.7019230769230769 0.06370192307692307 0.44711538461538464 0.12740384615384615
0 0.0829326923076923 0.49278846153846156 0.04567307692307692 0.028846153846153848
0 0.003605769230769231 0.5324519230769231 0.007211538461538462 0.036057692307692304
0 0.41466346153846156 0.5745192307692307 0.08413461538461539 0.17307692307692307
0 0.13581730769230768 0.6382211538461539 0.052884615384615384 0.055288461538461536
0 0.06009615384615385 0.5925480769230769 0.04326923076923077 0.04326923076923077
0 0.59375 0.8737980769230769 0.040865384615384616 0.038461538461538464
0 0.6923076923076923 0.7391826923076923 0.06009615384615385 0.057692307692307696
0 0.9278846153846154 0.9759615384615384 0.10576923076923077 0.04326923076923077
0 0.6081730769230769 0.6862980769230769 0.052884615384615384 0.04807692307692308
0 0.8798076923076923 0.6153846153846154 0.10096153846153846 0.08653846153846154
0 0.9459134615384616 0.7235576923076923 0.10576923076923077 0.09615384615384616
0 0.8076923076923077 0.9819711538461539 0.08173076923076923 0.03125
0 0.6586538461538461 0.9002403846153846 0.04807692307692308 0.04326923076923077
0 0.5504807692307693 0.8557692307692307 0.028846153846153848 0.028846153846153848
0 0.48197115384615385 0.7584134615384616 0.02403846153846154 0.021634615384615384
0 0.5204326923076923 0.7524038461538461 0.028846153846153848 0.028846153846153848
0 0.5252403846153846 0.8677884615384616 0.021634615384615384 0.02403846153846154
0 0.47115384615384615 0.7283653846153846 0.02403846153846154 0.02403846153846154
0 0.5372596153846154 0.7055288461538461 0.028846153846153848 0.028846153846153848
0 0.6995192307692307 0.9519230769230769 0.05048076923076923 0.04807692307692308
0 0.5012019230769231 0.7175480769230769 0.036057692307692304 0.03125