0 0.21394230769230768 0.15144230769230768 0.23798076923076922 0.21153846153846154
0 0.42908653846153844 0.06850961538461539 0.23317307692307693 0.13701923076923078
0 0.8954326923076923 0.07211538461538461 0.20432692307692307 0.14423076923076922
0 0.7896634615384616 0.29447115384615385 0.1466346153846154 0.13942307692307693
0 0.7367788461538461 0.4026442307692308 0.10576923076923077 0.10096153846153846
0 0.6899038461538461 0.47115384615384615 0.07692307692307693 0.028846153846153848
0 0.46033653846153844 0.7788461538461539 0.0985576923076923 0.09615384615384616
0 0.37259615384615385 0.9314903846153846 0.0625 0.057692307692307696
0 0.4326923076923077 0.9507211538461539 0.07692307692307693 0.06971153846153846
0 0.33052884615384615 0.7572115384615384 0.06009615384615385 0.0673076923076923
0 0.7223557692307693 0.6334134615384616 0.07932692307692307 0.09134615384615384
0 0.6862980769230769 0.7596153846153846 0.06490384615384616 0.08173076923076923
0 0.7944711538461539 0.7788461538461539 0.08653846153846154 0.0985576923076923