0 0.06009615384615385 0.28966346153846156 0.1201923076923077 0.17067307692307693
0 0.8161057692307693 0.296875 0.10096153846153846 0.0985576923076923
0 0.9663461538461539 0.3329326923076923 0.0625 0.12740384615384615
0 0.7872596153846154 0.21394230769230768 0.12740384615384615 0.1201923076923077
0 0.8882211538461539 0.4110576923076923 0.06971153846153846 0.0673076923076923
0 0.90625 0.46033653846153844 0.055288461538461536 0.052884615384615384
0 0.9326923076923077 0.515625 0.057692307692307696 0.040865384615384616
0 0.49278846153846156 0.8257211538461539 0.18990384615384615 0.18269230769230768
0 0.2668269230769231 0.8064903846153846 0.14903846153846154 0.13221153846153846
0 0.10576923076923077 0.7512019230769231 0.12980769230769232 0.11778846153846154
0 0.09014423076923077 0.8173076923076923 0.12740384615384615 0.11538461538461539