0 0.30408653846153844 0.6081730769230769 0.06009615384615385 0.057692307692307696
0 0.06971153846153846 0.6237980769230769 0.04326923076923077 0.026442307692307692
0 0.28125 0.5576923076923077 0.06971153846153846 0.07932692307692307
0 0.140625 0.49399038461538464 0.06490384615384616 0.08173076923076923
0 0.47836538461538464 0.4567307692307692 0.038461538461538464 0.14423076923076922
0 0.3942307692307692 0.4326923076923077 0.11298076923076923 0.125
0 0.3786057692307692 0.5588942307692307 0.10096153846153846 0.11298076923076923
0 0.16706730769230768 0.6310096153846154 0.05048076923076923 0.01201923076923077
0 0.21995192307692307 0.6045673076923077 0.06009615384615385 0.06490384615384616
0 0.038461538461538464 0.4699519230769231 0.06971153846153846 0.09134615384615384
0 0.5673076923076923 0.3894230769230769 0.1346153846153846 0.33653846153846156
0 0.6442307692307693 0.296875 0.15144230769230768 0.17067307692307693
0 0.7668269230769231 0.6286057692307693 0.0673076923076923 0.016826923076923076
0 0.6141826923076923 0.5288461538461539 0.06490384615384616 0.07692307692307693
0 0.5949519230769231 0.12620192307692307 0.18990384615384615 0.25240384615384615
0 0.6911057692307693 0.5108173076923077 0.19951923076923078 0.2403846153846154
0 0.6177884615384616 0.5252403846153846 0.07211538461538461 0.07932692307692307
0 0.6646634615384616 0.6105769230769231 0.06971153846153846 0.052884615384615384
0 0.75 0.6021634615384616 0.052884615384615384 0.06971153846153846
0 0.4855769230769231 0.9242788461538461 0.02403846153846154 0.14182692307692307
0 0.26322115384615385 0.9555288461538461 0.10336538461538461 0.08413461538461539
0 0.11057692307692307 0.828125 0.22115384615384615 0.28125
0 0.7560096153846154 0.9314903846153846 0.04326923076923077 0.03365384615384615
0 0.5745192307692307 0.8461538461538461 0.040865384615384616 0.038461538461538464
0 0.6538461538461539 0.8846153846153846 0.052884615384615384 0.07451923076923077
0 0.6550480769230769 0.9375 0.03125 0.03365384615384615
0 0.6298076923076923 0.9459134615384616 0.016826923076923076 0.019230769230769232
0 0.5180288461538461 0.7644230769230769 0.036057692307692304 0.0625
0 0.6370192307692307 0.9591346153846154 0.014423076923076924 0.014423076923076924
0 0.8533653846153846 0.953125 0.09134615384615384 0.07211538461538461
0 0.6418269230769231 0.984375 0.01201923076923077 0.01201923076923077
0 0.6514423076923077 0.9206730769230769 0.02403846153846154 0.02403846153846154