0 0.265625 0.18629807692307693 0.08653846153846154 0.08653846153846154
0 0.36538461538461536 0.17548076923076922 0.05048076923076923 0.05048076923076923
0 0.43990384615384615 0.18629807692307693 0.038461538461538464 0.036057692307692304
0 0.8798076923076923 0.21514423076923078 0.15144230769230768 0.15144230769230768
0 0.9074519230769231 0.042067307692307696 0.18509615384615385 0.08413461538461539
0 0.8509615384615384 0.2848557692307692 0.10096153846153846 0.040865384615384616
0 0.06370192307692307 0.6935096153846154 0.12740384615384615 0.24278846153846154
0 0.31850961538461536 0.6778846153846154 0.15625 0.15625
0 0.1466346153846154 0.8557692307692307 0.21153846153846154 0.21634615384615385
0 0.44471153846153844 0.6778846153846154 0.0625 0.08173076923076923
0 0.8978365384615384 0.6814903846153846 0.07932692307692307 0.07932692307692307
0 0.9879807692307693 0.5805288461538461 0.019230769230769232 0.0889423076923077
0 0.9735576923076923 0.6586538461538461 0.04807692307692308 0.07211538461538461