0 0.8425480769230769 0.2704326923076923 0.07451923076923077 0.08173076923076923
0 0.7079326923076923 0.030048076923076924 0.03125 0.019230769230769232
0 0.7776442307692307 0.052884615384615384 0.02403846153846154 0.026442307692307692
0 0.30528846153846156 0.8329326923076923 0.16346153846153846 0.2620192307692308
0 0.7956730769230769 0.90625 0.08653846153846154 0.16346153846153846
0 0.8653846153846154 0.7560096153846154 0.055288461538461536 0.08173076923076923
0 0.8257211538461539 0.6033653846153846 0.03125 0.040865384615384616
0 0.7800480769230769 0.5625 0.028846153846153848 0.036057692307692304
0 0.8161057692307693 0.5288461538461539 0.021634615384615384 0.026442307692307692
0 0.7824519230769231 0.5024038461538461 0.021634615384615384 0.026442307692307692
0 0.8137019230769231 0.49759615384615385 0.019230769230769232 0.021634615384615384
0 0.7908653846153846 0.48197115384615385 0.019230769230769232 0.007211538461538462
0 0.8112980769230769 0.48197115384615385 0.016826923076923076 0.007211538461538462
0 0.8629807692307693 0.4855769230769231 0.019230769230769232 0.014423076923076924
0 0.8846153846153846 0.48677884615384615 0.019230769230769232 0.016826923076923076