0 0.10336538461538461 0.46634615384615385 0.038461538461538464 0.036057692307692304
0 0.025240384615384616 0.4206730769230769 0.03125 0.03125
0 0.09254807692307693 0.43028846153846156 0.04326923076923077 0.04326923076923077
0 0.016826923076923076 0.4230769230769231 0.03365384615384615 0.038461538461538464
0 0.040865384615384616 0.49158653846153844 0.028846153846153848 0.01201923076923077
0 0.010817307692307692 0.4519230769230769 0.021634615384615384 0.028846153846153848
0 0.7740384615384616 0.4483173076923077 0.08653846153846154 0.08653846153846154
0 0.7980769230769231 0.4735576923076923 0.08653846153846154 0.04807692307692308
0 0.7271634615384616 0.484375 0.06009615384615385 0.026442307692307692
0 0.6923076923076923 0.4375 0.10817307692307693 0.10817307692307693
0 0.6382211538461539 0.41586538461538464 0.0673076923076923 0.0673076923076923
0 0.6069711538461539 0.4495192307692308 0.08413461538461539 0.08413461538461539
0 0.7019230769230769 0.4699519230769231 0.05048076923076923 0.05048076923076923
0 0.6742788461538461 0.47716346153846156 0.055288461538461536 0.040865384615384616
0 0.5685096153846154 0.42427884615384615 0.038461538461538464 0.036057692307692304
0 0.5576923076923077 0.4411057692307692 0.03125 0.03125
0 0.546875 0.43509615384615385 0.016826923076923076 0.028846153846153848
0 0.09615384615384616 0.8557692307692307 0.1466346153846154 0.1466346153846154
0 0.030048076923076924 0.9278846153846154 0.06009615384615385 0.10096153846153846
0 0.6850961538461539 0.6875 0.06009615384615385 0.057692307692307696
0 0.6346153846153846 0.6610576923076923 0.057692307692307696 0.057692307692307696
0 0.5973557692307693 0.7644230769230769 0.038461538461538464 0.038461538461538464
0 0.5600961538461539 0.7560096153846154 0.026442307692307692 0.026442307692307692
0 0.7427884615384616 0.5384615384615384 0.09615384615384616 0.07692307692307693
0 0.5420673076923077 0.7944711538461539 0.007211538461538462 0.016826923076923076
0 0.5420673076923077 0.8185096153846154 0.007211538461538462 0.016826923076923076