0 0.34975961538461536 0.21394230769230768 0.14182692307692307 0.10576923076923077
0 0.5060096153846154 0.16826923076923078 0.16105769230769232 0.1971153846153846
0 0.29086538461538464 0.6742788461538461 0.11298076923076923 0.11298076923076923
0 0.3713942307692308 0.5661057692307693 0.13221153846153846 0.13221153846153846
0 0.5072115384615384 0.5 0.15865384615384615 0.1875
0 0.27403846153846156 0.7475961538461539 0.13701923076923078 0.13701923076923078
0 0.5084134615384616 0.6766826923076923 0.15625 0.23798076923076922
0 0.11177884615384616 0.6935096153846154 0.08173076923076923 0.08173076923076923
0 0.19110576923076922 0.6574519230769231 0.07932692307692307 0.07932692307692307
0 0.25721153846153844 0.6201923076923077 0.11298076923076923 0.11538461538461539
0 0.47475961538461536 0.6141826923076923 0.14903846153846154 0.15384615384615385
0 0.04447115384615385 0.7716346153846154 0.07211538461538461 0.07211538461538461
0 0.11177884615384616 0.7463942307692307 0.08413461538461539 0.08173076923076923
0 0.1971153846153846 0.7175480769230769 0.08653846153846154 0.09134615384615384
0 0.056490384615384616 0.7331730769230769 0.11298076923076923 0.20192307692307693
0 0.7764423076923077 0.40384615384615385 0.0625 0.06490384615384616
0 0.7896634615384616 0.29086538461538464 0.04567307692307692 0.04326923076923077