0 0.16466346153846154 0.010817307692307692 0.07932692307692307 0.021634615384615384
0 0.2548076923076923 0.037259615384615384 0.0625 0.07451923076923077
0 0.07932692307692307 0.23317307692307693 0.021634615384615384 0.021634615384615384
0 0.0625 0.2692307692307692 0.021634615384615384 0.019230769230769232
0 0.07211538461538461 0.2980769230769231 0.014423076923076924 0.014423076923076924
0 0.0625 0.29447115384615385 0.014423076923076924 0.014423076923076924
0 0.46153846153846156 0.10336538461538461 0.0625 0.06009615384615385
0 0.32091346153846156 0.11538461538461539 0.05048076923076923 0.05048076923076923
0 0.36778846153846156 0.0889423076923077 0.06009615384615385 0.06009615384615385
0 0.30649038461538464 0.1778846153846154 0.036057692307692304 0.038461538461538464
0 0.33774038461538464 0.25600961538461536 0.05048076923076923 0.05048076923076923
0 0.3173076923076923 0.2283653846153846 0.04326923076923077 0.040865384615384616
0 0.2704326923076923 0.5817307692307693 0.03125 0.125
0 0.17307692307692307 0.6153846153846154 0.0673076923076923 0.06971153846153846
0 0.25721153846153844 0.7151442307692307 0.057692307692307696 0.07451923076923077
0 0.2283653846153846 0.8076923076923077 0.04326923076923077 0.04326923076923077
0 0.1502403846153846 0.7800480769230769 0.040865384615384616 0.040865384615384616
0 0.17908653846153846 0.8798076923076923 0.03125 0.03125
0 0.1346153846153846 0.8569711538461539 0.02403846153846154 0.026442307692307692
0 0.15745192307692307 0.7235576923076923 0.05048076923076923 0.05048076923076923
0 0.14302884615384615 0.8293269230769231 0.026442307692307692 0.026442307692307692
0 0.21634615384615385 0.8810096153846154 0.038461538461538464 0.036057692307692304
0 0.12379807692307693 0.8990384615384616 0.019230769230769232 0.019230769230769232
0 0.16105769230769232 0.9170673076923077 0.03125 0.03125
0 0.3293269230769231 0.7043269230769231 0.06009615384615385 0.057692307692307696
0 0.36177884615384615 0.5480769230769231 0.09375 0.057692307692307696
0 0.4567307692307692 0.7331730769230769 0.18990384615384615 0.18509615384615385
0 0.8317307692307693 0.8389423076923077 0.3317307692307692 0.3173076923076923
0 0.8641826923076923 0.7716346153846154 0.18028846153846154 0.18028846153846154
0 0.4543269230769231 0.7824519230769231 0.06009615384615385 0.0625