0 0.453125 0.4266826923076923 0.10817307692307693 0.06009615384615385
0 0.5637019230769231 0.42427884615384615 0.02403846153846154 0.028846153846153848
0 0.8365384615384616 0.057692307692307696 0.1971153846153846 0.11538461538461539
0 0.4735576923076923 0.5336538461538461 0.125 0.14903846153846154
0 0.3894230769230769 0.6682692307692307 0.11538461538461539 0.0985576923076923
0 0.27524038461538464 0.6634615384615384 0.08413461538461539 0.07692307692307693
0 0.1346153846153846 0.7956730769230769 0.052884615384615384 0.052884615384615384
0 0.0733173076923077 0.7379807692307693 0.038461538461538464 0.040865384615384616
0 0.21995192307692307 0.7379807692307693 0.06490384615384616 0.06490384615384616
0 0.1875 0.7848557692307693 0.057692307692307696 0.06009615384615385
0 0.25 0.8100961538461539 0.07932692307692307 0.07451923076923077
0 0.30528846153846156 0.7524038461538461 0.07692307692307693 0.07211538461538461
0 0.05048076923076923 0.8870192307692307 0.03365384615384615 0.03365384615384615
0 0.09495192307692307 0.8485576923076923 0.04567307692307692 0.040865384615384616
0 0.16466346153846154 0.5372596153846154 0.2091346153846154 0.15625
0 0.15745192307692307 0.7439903846153846 0.06490384615384616 0.06971153846153846
0 0.1875 0.6778846153846154 0.08413461538461539 0.07692307692307693
0 0.11899038461538461 0.8257211538461539 0.040865384615384616 0.040865384615384616
0 0.08774038461538461 0.875 0.040865384615384616 0.04326923076923077
0 0.020432692307692308 0.9891826923076923 0.021634615384615384 0.016826923076923076